    1.0000E-11   8.81194E-18 0.9565
    4.0000E-09   1.34793E-10 0.1070
    1.0000E-08   5.75741E-10 0.0365
    2.5300E-08   3.02751E-09 0.0223
    4.0000E-08   3.20859E-09 0.0353
    5.0000E-08   2.07498E-09 0.0391
    6.0000E-08   1.76931E-09 0.0403
    8.0000E-08   2.45197E-09 0.0226
    1.0000E-07   1.66938E-09 0.0259
    1.5000E-07   1.95529E-09 0.0373
    2.0000E-07   8.49822E-10 0.0729
    2.5000E-07   3.90337E-10 0.0343
    3.2500E-07   4.32867E-10 0.0460
    3.5000E-07   1.21764E-10 0.0631
    3.7500E-07   1.07711E-10 0.0679
    4.5000E-07   2.72131E-10 0.0377
    6.2500E-07   5.10545E-10 0.0256
    1.0100E-06   7.66749E-10 0.0321
    1.0800E-06   1.03071E-10 0.0516
    1.1300E-06   6.94342E-11 0.0622
    5.0000E-06   2.26373E-09 0.0160
    6.2500E-06   3.24693E-10 0.0285
    6.5000E-06   5.43331E-11 0.0604
    6.8800E-06   8.26961E-11 0.0492
    7.0000E-06   2.09363E-11 0.0906
    2.0500E-05   1.67549E-09 0.0129
    2.1200E-05   4.24711E-11 0.0761
    2.1800E-05   5.28771E-11 0.0808
    3.6000E-05   8.04849E-10 0.0180
    3.7100E-05   4.63368E-11 0.0606
    6.5000E-05   8.96513E-10 0.0149
    6.7500E-05   6.15571E-11 0.0593
    1.0100E-04   6.51701E-10 0.0179
    1.0500E-04   6.19847E-11 0.0549
    1.1600E-04   1.65133E-10 0.0302
    1.1800E-04   2.66074E-11 0.0729
    1.8800E-04   7.63548E-10 0.0150
    1.9200E-04   3.27344E-11 0.0645
    2.2500E-03   4.28236E-09 0.0066
    3.7400E-03   8.86304E-10 0.0123
    1.7000E-02   2.85925E-09 0.0067
    2.0000E-02   3.31129E-10 0.0194
    5.0000E-02   1.94980E-09 0.0079
    2.0000E-01   4.39660E-09 0.0053
    2.7000E-01   1.43457E-09 0.0094
    3.3000E-01   1.10953E-09 0.0106
    4.7000E-01   2.18578E-09 0.0075
    6.0000E-01   2.00407E-09 0.0081
    7.5000E-01   2.20258E-09 0.0077
    8.6100E-01   1.46445E-09 0.0094
    1.2000E+00   3.66050E-09 0.0060
    1.5000E+00   2.94661E-09 0.0068
    1.8500E+00   2.90433E-09 0.0069
    3.0000E+00   6.37986E-09 0.0048
    4.3000E+00   3.25802E-09 0.0067
    6.4300E+00   2.00227E-09 0.0089
    2.0000E+01   6.15990E-10 0.0170
