13-Al-27(n,&alpha;) ENDF/B-VII.1
3247350.0,0.0
3737300.0,1.0E-20
3831700.0,2.747E-13
4250000.0,5.3073E-13
4500000.0,2.8E-8
4638900.0,1.43925E-6
4644190.0,1.52504E-6
4750000.0,3.73449E-6
4816440.0,5.72072E-6
5000000.0,1.33886E-5
5162470.0,5.23253E-5
5203280.0,6.50914E-5
5250000.0,8.10813E-5
5500000.0,1.51083E-4
5750000.0,7.65001E-4
5854710.0,0.00107144
5905650.0,0.00120242
6000000.0,0.00138882
6250000.0,0.0030925
6259600.0,0.00319923
6336470.0,0.00408562
6500000.0,0.00612861
6584410.0,0.00764575
6750000.0,0.0107375
6788360.0,0.0116867
6970630.0,0.0163779
7000000.0,0.017187
7040550.0,0.0181928
7066690.0,0.0188082
7250000.0,0.022225
7500000.0,0.0275254
7750000.0,0.03516
8000000.0,0.0410274
8250000.0,0.04672
8500000.0,0.055451
9000000.0,0.0713645
9500000.0,0.0825009
1.0E7,0.0892099
1.05E7,0.0975214
1.1E7,0.10746
1.15E7,0.113584
1.2E7,0.118057
1.3E7,0.124981
1.4E7,0.122509
1.5E7,0.109465
1.6E7,0.0945717
1.7E7,0.0766572
1.8E7,0.0620387
1.9E7,0.0500043
2.0E7,0.03851
2.0E7,0.0
1.5E8,0.0
