13-Al-27(n,&gamma;) ENDF/B-VII.1
1.0E-5,11.7558
1.31241E-5,10.2617
1.70876E-5,8.99315
2.2426E-5,7.85013
2.91987E-5,6.87973
3.83206E-5,6.00532
4.98935E-5,5.26296
6.54808E-5,4.59404
8.52562E-5,4.02615
1.11891E-4,3.51442
1.45682E-4,3.07997
1.91195E-4,2.68853
2.48937E-4,2.35618
3.26707E-4,2.05668
4.25373E-4,1.80244
5.58264E-4,1.57335
7.26861E-4,1.37888
9.53941E-4,1.20363
0.00124203,1.05482
0.00163006,0.920759
0.00212234,0.806922
0.00278538,0.704372
0.00362657,0.617288
0.00475955,0.538852
0.00619694,0.472238
0.00813293,0.41221
0.0105891,0.361225
0.0138972,0.315313
0.0180942,0.276348
0.0234661,0.24271
0.0253,0.233768
0.033204,0.20422
0.0432317,0.17909
0.0567377,0.156197
0.0738726,0.137141
0.0969512,0.119668
0.126231,0.104731
0.165666,0.0915067
0.215698,0.080171
0.283085,0.0699512
0.40461,0.0585468
0.526803,0.0512632
0.752956,0.0429029
0.988188,0.0374313
1.41241,0.0313426
1.83896,0.0274136
2.41347,0.0240462
3.14234,0.0210164
4.12404,0.0183107
5.68449,0.0155839
7.20203,0.0138267
9.45202,0.0121291
11.5081,0.010928
15.1033,0.00954463
19.6645,0.0084001
22.9908,0.00770948
30.1734,0.00673013
39.2858,0.00591741
45.9564,0.00542408
57.4391,0.00483878
68.6702,0.00441481
91.8874,0.00379749
114.853,0.00337996
137.31,0.00307716
183.75,0.00263527
240.908,0.00228155
301.435,0.00202635
385.437,0.00176006
483.445,0.00154623
604.909,0.00136206
733.909,0.00121305
951.937,0.00103905
1191.28,9.10566E-4
1492.22,7.95793E-4
1924.81,6.8713E-4
2528.71,5.95845E-4
3222.59,5.3919E-4
3772.85,5.2326E-4
4243.52,5.38414E-4
4554.98,5.77766E-4
4762.63,6.32238E-4
4935.67,7.12321E-4
5074.1,8.1954E-4
5177.92,9.4596E-4
5264.44,0.00110475
5333.65,0.0012859
5402.87,0.00155075
5463.43,0.00189445
5506.69,0.00224165
5549.95,0.00272759
5588.88,0.00334546
5623.49,0.0041265
5653.77,0.00508597
5679.73,0.00624273
5702.44,0.00764328
5721.91,0.00928309
5741.37,0.0115463
5757.6,0.0141597
5773.82,0.0178071
5788.09,0.0223172
5800.21,0.0276961
5811.67,0.0348467
5820.75,0.0427038
5829.62,0.0532682
5837.19,0.0657431
5843.68,0.0802629
5850.39,0.100916
5855.69,0.123502
5860.93,0.154162
5865.69,0.192936
5869.91,0.240828
5873.8,0.30248
5877.15,0.376142
5880.18,0.467522
5882.94,0.581395
5885.53,0.727973
5887.86,0.90602
5890.29,1.15866
5892.73,1.50099
5895.16,1.94791
5900.61,3.14793
5902.95,3.49872
5904.66,3.58339
5906.75,3.45827
5909.05,3.08149
5914.89,1.80544
5917.33,1.38872
5919.76,1.07586
5922.09,0.854699
5924.68,0.673905
5927.44,0.535185
5930.47,0.42548
5933.66,0.341968
5937.12,0.276006
5940.91,0.223331
5945.23,0.179577
5949.88,0.145435
5955.07,0.117632
5961.24,0.0938536
5968.05,0.0751282
5974.97,0.0612827
5983.63,0.0487766
5992.49,0.0395701
6002.88,0.0317798
6013.91,0.0258018
6025.59,0.0211793
6039.21,0.0172222
6056.08,0.0136986
6072.31,0.0112614
6091.77,0.00913046
6114.48,0.00735265
6140.44,0.00591476
6166.4,0.00488174
6198.84,0.00395647
6233.45,0.00325123
6276.71,0.00263145
6319.97,0.00219195
6371.88,0.00181731
6432.44,0.00151156
6501.66,0.00126935
6579.52,0.0010792
6683.35,9.07442E-4
6795.82,7.84481E-4
6951.55,6.73253E-4
7150.55,5.86131E-4
7354.68,5.31972E-4
7655.6,4.79018E-4
8056.83,4.40047E-4
8859.29,4.02419E-4
10063.0,3.82554E-4
11266.7,3.77243E-4
13674.1,3.91368E-4
16081.5,4.30644E-4
18087.6,4.82907E-4
20439.8,5.80065E-4
21806.7,6.63574E-4
23375.7,7.94598E-4
24185.1,8.95789E-4
24247.1,9.33507E-4
24265.7,9.84514E-4
24275.4,0.00106641
24279.3,0.00115158
24281.7,0.00126344
24283.7,0.00143113
24285.1,0.00164116
24286.6,0.00196794
24287.8,0.00236947
24289.0,0.00293127
24290.2,0.00370679
24291.4,0.00474145
24292.7,0.00608081
24294.1,0.0080719
24295.9,0.0112841
24298.8,0.0177412
24301.7,0.0240584
24304.0,0.0276238
24306.1,0.0286967
24308.0,0.027696
24310.1,0.0246344
24313.7,0.0167248
24316.4,0.0109494
24318.2,0.00784864
24319.6,0.00589499
24320.9,0.00454734
24322.2,0.00352424
24323.4,0.00277217
24324.7,0.00223502
24326.0,0.00186048
24327.3,0.00160407
24328.8,0.00140316
24330.3,0.00127744
24332.6,0.00116841
24336.5,0.00108133
24339.5,0.00104462
24351.8,9.78807E-4
24376.3,9.40213E-4
24441.6,9.28413E-4
25446.7,0.00107924
26619.3,0.00133745
27624.4,0.00165779
28462.0,0.00203653
29215.8,0.00251504
29885.8,0.00310795
30472.1,0.00382248
30974.7,0.00465524
31477.2,0.00578512
31979.8,0.00735066
32398.6,0.00914303
32817.3,0.0115116
33286.4,0.0150663
34325.0,0.0249596
34660.0,0.0267277
34794.0,0.0269019
35129.0,0.0258789
35564.6,0.0222094
36301.6,0.0148098
36753.9,0.0112918
37172.7,0.00883001
37591.5,0.00701885
38010.3,0.00565701
38512.8,0.00446541
39015.4,0.00360042
39601.7,0.00286996
40188.0,0.00233687
40858.0,0.00189324
41611.8,0.00153347
42449.4,0.00124616
43370.7,0.0010207
44375.8,8.43681E-4
45548.4,6.96847E-4
46887.3,5.80692E-4
48252.4,4.995E-4
49618.5,4.4098E-4
51259.5,3.90943E-4
53447.5,3.50421E-4
56182.6,3.26178E-4
58097.1,3.20954E-4
61379.1,3.32162E-4
64661.1,3.67919E-4
67669.6,4.27851E-4
70131.1,5.05493E-4
72319.1,6.07169E-4
74233.6,7.34313E-4
75874.7,8.86671E-4
77515.7,0.00109779
79156.7,0.00139422
80797.7,0.00180972
82548.1,0.00241057
85119.0,0.00339142
86306.0,0.00362743
86705.3,0.00364186
87854.0,0.0034918
89987.3,0.00283728
90206.1,0.00281543
90534.3,0.00292155
90643.7,0.00305426
90780.5,0.00340447
90862.5,0.00382877
90917.2,0.00430058
90978.8,0.00515215
91019.8,0.00607221
91054.0,0.00720904
91088.5,0.00887956
91117.3,0.010891
91145.6,0.0136031
91182.0,0.0182608
91214.1,0.0226621
91234.4,0.024528
91249.5,0.0249956
91270.8,0.0241052
91296.0,0.0212417
91345.2,0.0145067
91374.5,0.011426
91404.6,0.00913165
91435.5,0.00746552
91470.9,0.00614653
91508.8,0.00517895
91546.7,0.00450284
91597.3,0.0038814
91660.4,0.00337179
91748.9,0.00292842
91875.2,0.00256112
92037.0,0.00229333
92279.6,0.00206065
92764.8,0.00179801
93674.5,0.00150153
94887.5,0.00123213
96302.7,0.00100973
97920.0,8.35263E-4
98930.9,7.71336E-4
98981.4,7.7075E-4
99133.0,7.74893E-4
99335.2,8.11899E-4
99407.6,8.52139E-4
99479.9,9.34966E-4
99519.2,0.00102073
99548.7,0.00112877
99577.9,0.00130598
99597.2,0.00149587
99612.7,0.00172342
99626.2,0.00201657
99637.8,0.00238591
99647.4,0.00283404
99655.9,0.00340616
99662.9,0.0040835
99668.7,0.00489698
99673.7,0.00592935
99677.6,0.00709159
99681.0,0.0085589
99683.9,0.0103516
99686.8,0.0129011
99689.4,0.0161406
99691.7,0.0200682
99694.0,0.0253083
99696.4,0.0326302
99699.0,0.0428163
99701.5,0.0561339
99704.3,0.0748337
99707.4,0.101228
99711.3,0.142468
99722.4,0.283793
99727.2,0.327105
99731.2,0.341505
99731.7,0.34164
99735.9,0.328936
99740.0,0.293811
99747.1,0.205601
99753.1,0.13082
99756.6,0.095384
99759.4,0.0724636
99762.1,0.0542907
99764.7,0.0413938
99767.1,0.0319473
99769.6,0.0247962
99772.0,0.0194639
99774.4,0.0155278
99776.9,0.012595
99779.6,0.0102747
99782.7,0.00840458
99785.8,0.00708555
99789.3,0.00602156
99794.1,0.00499025
99799.9,0.00414511
99807.4,0.00339806
99815.1,0.00286877
99826.0,0.0023608
99837.6,0.00199474
99852.6,0.00167625
99871.6,0.00141839
99890.9,0.00124702
99914.1,0.00111026
99954.3,9.67509E-4
100004.0,8.70512E-4
100084.0,7.89602E-4
100218.0,7.29726E-4
100454.0,6.85439E-4
101175.0,6.32379E-4
102817.0,5.75024E-4
103156.0,5.7103E-4
103411.0,5.80863E-4
103551.0,6.01631E-4
103628.0,6.42027E-4
103671.0,6.96025E-4
103704.0,7.78203E-4
103726.0,8.81198E-4
103741.0,0.00100342
103755.0,0.00117468
103763.0,0.00135366
103771.0,0.00159178
103776.0,0.0018511
103781.0,0.00216333
103785.0,0.00258016
103788.0,0.00312587
103791.0,0.00377825
103793.0,0.00460374
103795.0,0.00575074
103798.0,0.0073393
103800.0,0.00916511
103802.0,0.011899
103805.0,0.0157518
103807.0,0.0208052
103810.0,0.0275021
103812.0,0.0369653
103816.0,0.0514147
103821.0,0.0776721
103829.0,0.119369
103833.0,0.135855
103838.0,0.141084
103841.0,0.136606
103846.0,0.121748
103852.0,0.0872845
103858.0,0.0554793
103862.0,0.039734
103865.0,0.0287555
103868.0,0.0212732
103871.0,0.0159574
103873.0,0.01211
103875.0,0.00950539
103877.0,0.00737782
103880.0,0.00586583
103882.0,0.0047506
103884.0,0.00393215
103887.0,0.00322923
103890.0,0.00273705
103893.0,0.00228975
103898.0,0.00192768
103902.0,0.00168577
103909.0,0.00142723
103918.0,0.00121903
103931.0,0.00103556
103945.0,9.06259E-4
103963.0,8.07276E-4
103992.0,7.16556E-4
104035.0,6.4974E-4
104092.0,6.05995E-4
104230.0,5.67748E-4
104653.0,5.41804E-4
106202.0,5.25595E-4
106484.0,5.25071E-4
108456.0,5.41772E-4
110146.0,5.86071E-4
111696.0,6.63713E-4
112964.0,7.72955E-4
113950.0,9.08017E-4
114795.0,0.00108404
115499.0,0.00130217
116133.0,0.00159123
116626.0,0.00191156
117119.0,0.0023668
117542.0,0.00291768
117894.0,0.00354143
118246.0,0.00438329
118599.0,0.0054946
119049.0,0.00737885
119613.0,0.00997702
119895.0,0.0107771
120048.0,0.0109084
120345.0,0.0104814
120740.0,0.00891999
121360.0,0.00612226
121698.0,0.00494158
122050.0,0.00400714
122402.0,0.00330688
122825.0,0.00270141
123292.0,0.00223401
123877.0,0.00184736
124344.0,0.00163035
124928.0,0.00144212
125630.0,0.00129036
126097.0,0.00122449
127032.0,0.00114489
128434.0,0.00111045
130304.0,0.0011649
132174.0,0.00129349
134885.0,0.0015814
139092.0,0.00209105
141149.0,0.00219886
141430.0,0.00219985
143487.0,0.00210283
145356.0,0.0019447
145637.0,0.00199351
145777.0,0.00207468
145871.0,0.00222417
145935.0,0.0024067
145987.0,0.00271117
146023.0,0.00304773
146053.0,0.00353937
146079.0,0.0041941
146100.0,0.00502888
146120.0,0.00615822
146137.0,0.00764217
146159.0,0.0101244
146187.0,0.0135705
146202.0,0.0145239
146206.0,0.0145961
146221.0,0.0140031
146238.0,0.0122007
146268.0,0.00840552
146286.0,0.00674504
146303.0,0.00553475
146322.0,0.00458333
146342.0,0.00392759
146369.0,0.00331553
146398.0,0.00290384
146441.0,0.00252607
146492.0,0.00226579
146561.0,0.00207031
146686.0,0.00190197
146901.0,0.00176649
147418.0,0.00162787
149304.0,0.00136267
151361.0,0.00116567
152990.0,0.00108775
153418.0,0.00108376
154447.0,0.00111883
155304.0,0.00122405
155990.0,0.00139622
156504.0,0.0016082
157087.0,0.00197007
158184.0,0.00289225
158578.0,0.00305031
158630.0,0.00305311
158973.0,0.00295897
159453.0,0.00257798
160241.0,0.00183564
160790.0,0.00144689
161304.0,0.00118572
161904.0,9.72762E-4
162590.0,8.06756E-4
163361.0,6.80296E-4
164390.0,5.68933E-4
165675.0,4.79517E-4
167304.0,4.07246E-4
169362.0,3.50708E-4
171709.0,3.08772E-4
174726.0,2.78246E-4
178078.0,2.64527E-4
179084.0,2.63923E-4
182436.0,2.74E-4
185453.0,3.01617E-4
188135.0,3.47363E-4
190482.0,4.12295E-4
192493.0,4.95324E-4
194169.0,5.91853E-4
196181.0,7.54401E-4
198192.0,9.78381E-4
201679.0,0.00143062
203288.0,0.00156686
203469.0,0.00163228
203536.0,0.00170621
203583.0,0.00181858
203610.0,0.00193997
203636.0,0.00216161
203653.0,0.00241181
203667.0,0.00275379
203675.0,0.00311333
203682.0,0.00357662
203687.0,0.00412864
203691.0,0.00482707
203695.0,0.00587529
203698.0,0.00727184
203702.0,0.00903099
203705.0,0.0115278
203708.0,0.0147566
203711.0,0.0190341
203715.0,0.0245908
203718.0,0.0329769
203722.0,0.0436776
203727.0,0.0610151
203733.0,0.0897395
203746.0,0.149692
203752.0,0.171114
203757.0,0.179606
203758.0,0.179821
203764.0,0.172989
203770.0,0.153446
203781.0,0.104261
203788.0,0.067354
203793.0,0.0490642
203797.0,0.0359627
203801.0,0.0272885
203804.0,0.0207804
203808.0,0.0158158
203811.0,0.0125204
203814.0,0.00977087
203817.0,0.00790779
203820.0,0.00653574
203824.0,0.00532429
203828.0,0.00450142
203832.0,0.00393564
203836.0,0.00347197
203844.0,0.00300767
203852.0,0.00267405
203867.0,0.00234293
203884.0,0.00211152
203912.0,0.00190868
203939.0,0.00179589
203994.0,0.00167964
204120.0,0.00158302
207229.0,0.00118406
209718.0,8.50652E-4
211305.0,6.85246E-4
212891.0,5.54675E-4
214478.0,4.59645E-4
216064.0,3.87147E-4
217968.0,3.28955E-4
219258.0,3.09081E-4
219343.0,3.08932E-4
219750.0,3.16148E-4
219903.0,3.30234E-4
220004.0,3.54864E-4
220070.0,3.92968E-4
220111.0,4.41024E-4
220138.0,4.98857E-4
220160.0,5.73152E-4
220178.0,6.73845E-4
220190.0,7.78193E-4
220200.0,9.15552E-4
220208.0,0.00106342
220214.0,0.00123769
220219.0,0.00145827
220224.0,0.00172872
220228.0,0.00211488
220232.0,0.00259304
220236.0,0.00328642
220240.0,0.00412846
220244.0,0.00524433
220248.0,0.00681751
220252.0,0.00908658
220257.0,0.0123918
220263.0,0.0174049
220272.0,0.0276623
220282.0,0.0374738
220289.0,0.0422799
220294.0,0.0436735
220300.0,0.0424183
220307.0,0.0375074
220318.0,0.0256362
220326.0,0.0172527
220332.0,0.0124227
220337.0,0.00918911
220341.0,0.00689606
220345.0,0.00530499
220349.0,0.00410572
220353.0,0.0032956
220356.0,0.00266619
220360.0,0.00214403
220364.0,0.00181325
220369.0,0.00151224
220375.0,0.00125203
220382.0,0.00105634
220390.0,8.95429E-4
220400.0,7.72871E-4
220413.0,6.66126E-4
220428.0,5.78528E-4
220450.0,5.02862E-4
220479.0,4.42918E-4
220514.0,4.0201E-4
220583.0,3.60124E-4
220683.0,3.37232E-4
220842.0,3.23497E-4
220984.0,3.21399E-4
221409.0,3.33253E-4
221787.0,3.60845E-4
222071.0,3.96521E-4
222354.0,4.54135E-4
222590.0,5.30985E-4
222774.0,6.22314E-4
222939.0,7.44767E-4
223084.0,9.04117E-4
223208.0,0.00110451
223311.0,0.00134404
223404.0,0.00164857
223487.0,0.00202848
223559.0,0.00248865
223630.0,0.00311221
223692.0,0.00386201
223752.0,0.00485382
223811.0,0.00614845
223878.0,0.00805933
223994.0,0.0118988
224034.0,0.012765
224069.0,0.0129953
224112.0,0.0125674
224168.0,0.011052
224286.0,0.00712618
224353.0,0.00542916
224412.0,0.00430955
224474.0,0.0034384
224545.0,0.00271773
224619.0,0.00218091
224702.0,0.00175155
224784.0,0.00144245
224888.0,0.001166
224991.0,9.69215E-4
225118.0,7.96938E-4
225260.0,6.62393E-4
225425.0,5.52693E-4
225614.0,4.65961E-4
225850.0,3.9244E-4
226134.0,3.33658E-4
226512.0,2.83219E-4
226984.0,2.43866E-4
227598.0,2.12374E-4
228425.0,1.86625E-4
229724.0,1.62776E-4
231614.0,1.42873E-4
234448.0,1.2578E-4
238150.0,1.13838E-4
242552.0,1.08799E-4
242952.0,1.08733E-4
246753.0,1.12538E-4
249554.0,1.22398E-4
251354.0,1.35622E-4
252634.0,1.53067E-4
253515.0,1.74077E-4
254155.0,1.99478E-4
254635.0,2.29704E-4
255035.0,2.6875E-4
255355.0,3.16406E-4
255635.0,3.79303E-4
255875.0,4.60639E-4
256075.0,5.61374E-4
256235.0,6.77391E-4
256376.0,8.19669E-4
256516.0,0.0010209
256636.0,0.00126488
256736.0,0.00154238
256836.0,0.00191399
256936.0,0.00240798
257053.0,0.00316086
257232.0,0.00443428
257292.0,0.00470738
257350.0,0.00480222
257404.0,0.00472101
257484.0,0.00434203
257728.0,0.00263405
257836.0,0.00205965
257936.0,0.0016618
258036.0,0.00136609
258156.0,0.00110885
258296.0,9.00578E-4
258436.0,7.57408E-4
258596.0,6.45659E-4
258796.0,5.5654E-4
259036.0,4.98255E-4
259276.0,4.79055E-4
259516.0,4.98248E-4
259676.0,5.39056E-4
259796.0,5.9259E-4
259917.0,6.76082E-4
260017.0,7.83472E-4
260097.0,9.08216E-4
260187.0,0.00111063
260256.0,0.00134993
260316.0,0.00164458
260365.0,0.00199214
260405.0,0.00237207
260445.0,0.0029078
260484.0,0.00362268
260514.0,0.00442631
260543.0,0.00549603
260569.0,0.0067953
260593.0,0.00852558
260614.0,0.0105613
260633.0,0.0133147
260651.0,0.0168163
260666.0,0.0209742
260682.0,0.0267004
260695.0,0.0335007
260710.0,0.0431979
260726.0,0.0580812
260759.0,0.0919228
260775.0,0.101041
260782.0,0.10215
260793.0,0.0994239
260807.0,0.0894382
260845.0,0.0512122
260861.0,0.0385405
260874.0,0.0303453
260888.0,0.024333
260901.0,0.0197202
260917.0,0.0158304
260935.0,0.0126119
260953.0,0.0102731
260973.0,0.00831651
260995.0,0.00679672
261020.0,0.00549548
261050.0,0.00442342
261080.0,0.00361746
261119.0,0.00289806
261159.0,0.00235649
261208.0,0.00190102
261261.0,0.00154808
261321.0,0.0012727
261388.0,0.00105322
261470.0,8.64942E-4
261572.0,7.09526E-4
261674.0,6.0335E-4
261802.0,5.12713E-4
261955.0,4.40572E-4
262159.0,3.79439E-4
262389.0,3.37037E-4
262720.0,3.01467E-4
263230.0,2.75058E-4
263982.0,2.63334E-4
264141.0,2.63012E-4
265180.0,2.731E-4
266099.0,2.98165E-4
266698.0,3.29216E-4
267057.0,3.61761E-4
267357.0,4.08662E-4
267561.0,4.63546E-4
267704.0,5.26515E-4
267824.0,6.08512E-4
267920.0,7.09454E-4
267992.0,8.20709E-4
268064.0,9.84164E-4
268127.0,0.0012001
268176.0,0.00144725
268221.0,0.0017762
268256.0,0.00213951
268291.0,0.0026521
268320.0,0.00326423
268348.0,0.0040826
268372.0,0.00508692
268393.0,0.00626223
268414.0,0.00784523
268437.0,0.0101408
268461.0,0.0134585
268500.0,0.0195887
268516.0,0.021492
268535.0,0.0223969
268553.0,0.0216349
268575.0,0.01895
268619.0,0.0120157
268641.0,0.00932514
268661.0,0.007471
268684.0,0.00587124
268707.0,0.00471129
268733.0,0.00375865
268759.0,0.00310239
268789.0,0.00252824
268827.0,0.00203609
268866.0,0.00167306
268913.0,0.00137967
268965.0,0.00115195
269028.0,9.66264E-4
269108.0,8.12282E-4
269219.0,6.83556E-4
269346.0,5.96041E-4
269479.0,5.41423E-4
269657.0,4.99709E-4
269922.0,4.69877E-4
270365.0,4.564E-4
271074.0,4.70787E-4
272492.0,5.43307E-4
274760.0,7.13612E-4
277454.0,9.26089E-4
278871.0,9.82404E-4
279296.0,9.85652E-4
280714.0,9.48118E-4
282699.0,8.04617E-4
285676.0,5.56175E-4
287377.0,4.45414E-4
289149.0,3.58658E-4
290921.0,2.94361E-4
293047.0,2.40354E-4
295174.0,2.04002E-4
297300.0,1.80492E-4
299781.0,1.66057E-4
301287.0,1.63421E-4
303426.0,1.69191E-4
305261.0,1.85627E-4
306689.0,2.09687E-4
307912.0,2.41946E-4
309136.0,2.90132E-4
310155.0,3.46952E-4
311297.0,4.34309E-4
313785.0,6.77367E-4
314641.0,7.23065E-4
314968.0,7.26587E-4
315742.0,7.01821E-4
316844.0,6.07708E-4
318638.0,4.26255E-4
319739.0,3.39896E-4
320759.0,2.79054E-4
321982.0,2.26065E-4
323206.0,1.88364E-4
324633.0,1.57388E-4
326265.0,1.32952E-4
328304.0,1.12747E-4
330751.0,9.76356E-5
333809.0,8.70655E-5
337072.0,8.25482E-5
337888.0,8.2404E-5
340335.0,8.54103E-5
341558.0,9.14232E-5
342170.0,9.67817E-5
342782.0,1.06908E-4
343190.0,1.19539E-4
343495.0,1.36072E-4
343699.0,1.5335E-4
343852.0,1.70918E-4
344031.0,2.02847E-4
344158.0,2.37538E-4
344260.0,2.77152E-4
344362.0,3.32062E-4
344445.0,3.98355E-4
344519.0,4.81872E-4
344582.0,5.80659E-4
344639.0,7.05541E-4
344687.0,8.5335E-4
344732.0,0.0010425
344773.0,0.00128675
344810.0,0.00159258
344842.0,0.00196847
344872.0,0.00244544
344898.0,0.00304539
344922.0,0.0037882
344942.0,0.00468462
344962.0,0.00582661
344979.0,0.00727156
344996.0,0.00907048
345012.0,0.0115626
345029.0,0.0149116
345047.0,0.0197657
345084.0,0.0311365
345100.0,0.034343
345112.0,0.0351193
345126.0,0.0340066
345142.0,0.030579
345185.0,0.0175255
345202.0,0.0134598
345218.0,0.0104769
345235.0,0.00827311
345253.0,0.00655767
345272.0,0.0051937
345293.0,0.00415897
345314.0,0.00339149
345337.0,0.00276731
345366.0,0.00220981
345398.0,0.00176552
345434.0,0.00141941
345475.0,0.00113746
345521.0,9.18461E-4
345574.0,7.40066E-4
345634.0,6.00027E-4
345695.0,4.97561E-4
345772.0,4.0832E-4
345843.0,3.49561E-4
345937.0,2.93686E-4
346055.0,2.45946E-4
346202.0,2.06613E-4
346350.0,1.80617E-4
346527.0,1.5969E-4
346762.0,1.41838E-4
347116.0,1.26493E-4
347588.0,1.16183E-4
348295.0,1.10097E-4
348884.0,1.08924E-4
350438.0,1.13273E-4
352364.0,1.27496E-4
354015.0,1.47877E-4
355391.0,1.74019E-4
356492.0,2.05848E-4
357318.0,2.42386E-4
357868.0,2.79097E-4
358349.0,3.28447E-4
358693.0,3.83503E-4
358969.0,4.52978E-4
359134.0,5.14919E-4
359299.0,6.04106E-4
359443.0,7.20114E-4
359564.0,8.6489E-4
359660.0,0.00103408
359736.0,0.00122138
359804.0,0.00145726
359868.0,0.00176145
359930.0,0.00218208
359982.0,0.00267996
360030.0,0.00333349
360073.0,0.0041522
360114.0,0.00525258
360150.0,0.00658098
360184.0,0.0082773
360225.0,0.0109119
360306.0,0.0173161
360331.0,0.0185447
360350.0,0.018863
360377.0,0.0182773
360416.0,0.0158235
360487.0,0.010186
360527.0,0.00776348
360561.0,0.0062077
360599.0,0.00494433
360640.0,0.00395167
360682.0,0.00322316
360733.0,0.00260737
360787.0,0.00213696
360844.0,0.00179122
360912.0,0.00149812
360986.0,0.00127392
361073.0,0.00109546
361188.0,9.39573E-4
361304.0,8.38691E-4
361419.0,7.72866E-4
361592.0,7.1714E-4
361766.0,6.85261E-4
361997.0,6.72818E-4
362343.0,6.90614E-4
362805.0,7.54895E-4
363383.0,8.87672E-4
363960.0,0.00108316
364538.0,0.00134958
365231.0,0.00177999
366455.0,0.00265884
367010.0,0.00287983
367264.0,0.00290367
367795.0,0.0027904
368433.0,0.00242378
369621.0,0.00157295
370259.0,0.00122395
370809.0,9.98892E-4
371469.0,8.0597E-4
372129.0,6.75069E-4
372789.0,5.90862E-4
373453.0,5.4634E-4
373817.0,5.39265E-4
374326.0,5.54475E-4
374733.0,5.93408E-4
375199.0,6.77165E-4
376182.0,9.48114E-4
376450.0,9.75134E-4
376770.0,9.38125E-4
377236.0,7.91316E-4
377818.0,5.98113E-4
378254.0,4.92674E-4
378764.0,4.09151E-4
379273.0,3.54479E-4
379855.0,3.14735E-4
380582.0,2.86566E-4
381455.0,2.74399E-4
381528.0,2.74305E-4
382322.0,2.83399E-4
383013.0,3.10499E-4
383589.0,3.55529E-4
384050.0,4.16831E-4
384453.0,5.01324E-4
384798.0,6.08981E-4
385144.0,7.61845E-4
385662.0,0.00107217
385973.0,0.00123889
386215.0,0.00128952
386423.0,0.00125539
386734.0,0.00109959
387275.0,7.67897E-4
387621.0,6.09077E-4
387966.0,4.96032E-4
388312.0,4.17015E-4
388657.0,3.61271E-4
389118.0,3.10479E-4
389629.0,2.75393E-4
390157.0,2.5005E-4
390684.0,2.344E-4
391476.0,2.1773E-4
392531.0,2.0823E-4
393586.0,2.05867E-4
395697.0,2.13619E-4
398335.0,2.39403E-4
400973.0,2.80321E-4
403612.0,3.39586E-4
406672.0,4.33282E-4
413215.0,6.82294E-4
415748.0,7.30584E-4
418069.0,7.54203E-4
418703.0,8.01419E-4
419019.0,8.67847E-4
419177.0,9.2613E-4
419388.0,0.00105354
419520.0,0.00119684
419652.0,0.0014322
419745.0,0.00169873
419817.0,0.00201377
419886.0,0.00245267
419945.0,0.00298428
420003.0,0.0037169
420060.0,0.00472099
420195.0,0.00772474
420233.0,0.00822663
420255.0,0.00830755
420283.0,0.00816957
420332.0,0.00738885
420447.0,0.00475437
420504.0,0.00374769
420561.0,0.00300847
420623.0,0.00243206
420689.0,0.00200694
420757.0,0.00169924
420838.0,0.00143973
420940.0,0.00122399
421061.0,0.00105365
421191.0,9.32849E-4
421370.0,8.26047E-4
421614.0,7.39579E-4
421971.0,6.59454E-4
422491.0,5.96969E-4
423271.0,5.34975E-4
425091.0,4.44841E-4
427690.0,3.53414E-4
430550.0,2.79975E-4
433669.0,2.22318E-4
437049.0,1.77844E-4
440688.0,1.43738E-4
444588.0,1.17716E-4
449267.0,9.57578E-5
454466.0,7.93817E-5
459405.0,6.94737E-5
463305.0,6.46604E-5
465904.0,6.34839E-5
468829.0,6.55013E-5
469804.0,6.74125E-5
471428.0,7.43854E-5
472403.0,8.23464E-5
473215.0,9.44435E-5
473859.0,1.0939E-4
474329.0,1.26543E-4
474720.0,1.48387E-4
475034.0,1.73213E-4
475347.0,2.07695E-4
475621.0,2.5237E-4
475855.0,3.07242E-4
476051.0,3.70762E-4
476271.0,4.71319E-4
476428.0,5.73074E-4
476587.0,7.10791E-4
476744.0,8.91313E-4
476916.0,0.00115417
477237.0,0.00174097
477372.0,0.00189141
477441.0,0.00191073
477575.0,0.00182606
477752.0,0.00154002
478002.0,0.00108343
478180.0,8.30429E-4
478339.0,6.62523E-4
478499.0,5.37914E-4
478690.0,4.29621E-4
478881.0,3.5234E-4
479104.0,2.88136E-4
479327.0,2.42406E-4
479582.0,2.04929E-4
479900.0,1.72354E-4
480282.0,1.46243E-4
480664.0,1.28845E-4
481174.0,1.13771E-4
481684.0,1.04503E-4
482527.0,9.68701E-5
483111.0,9.53225E-5
484045.0,9.80691E-5
484979.0,1.07749E-4
485680.0,1.2159E-4
486264.0,1.40129E-4
486731.0,1.62343E-4
487198.0,1.95119E-4
487607.0,2.37638E-4
487957.0,2.90136E-4
488249.0,3.50558E-4
488541.0,4.3225E-4
488833.0,5.40156E-4
489533.0,8.67601E-4
489767.0,9.34385E-4
489884.0,9.44467E-4
490119.0,9.12534E-4
490445.0,7.83628E-4
490965.0,5.42761E-4
491268.0,4.35888E-4
491571.0,3.57777E-4
491859.0,3.05245E-4
492148.0,2.69269E-4
492437.0,2.46838E-4
492761.0,2.36738E-4
492797.0,2.36687E-4
493068.0,2.45217E-4
493292.0,2.66563E-4
493488.0,3.02692E-4
493644.0,3.5011E-4
493785.0,4.13609E-4
493945.0,5.16614E-4
494255.0,7.73682E-4
494369.0,8.18731E-4
494385.0,8.1975E-4
494455.0,8.07577E-4
494585.0,7.25045E-4
494851.0,4.88772E-4
494989.0,3.92932E-4
495134.0,3.20173E-4
495289.0,2.64171E-4
495476.0,2.17467E-4
495662.0,1.86752E-4
495910.0,1.5788E-4
496152.0,1.38946E-4
496433.0,1.24035E-4
496994.0,1.05714E-4
497667.0,9.40789E-5
498790.0,8.42876E-5
499688.0,8.0756E-5
501483.0,7.87833E-5
504716.0,8.38843E-5
507589.0,9.50956E-5
510103.0,1.11129E-4
512258.0,1.31849E-4
514054.0,1.57734E-4
515491.0,1.87963E-4
516748.0,2.25982E-4
517825.0,2.71849E-4
518903.0,3.36259E-4
519801.0,4.09238E-4
521004.0,5.4127E-4
523161.0,8.15911E-4
524801.0,9.46674E-4
525733.0,9.84026E-4
526368.0,9.57422E-4
527018.0,8.67877E-4
528612.0,5.58341E-4
529410.0,4.40585E-4
530181.0,3.56913E-4
531081.0,2.87388E-4
531981.0,2.38708E-4
533009.0,1.99254E-4
534295.0,1.65353E-4
535837.0,1.38373E-4
537637.0,1.1807E-4
539822.0,1.03148E-4
541879.0,9.59953E-5
542651.0,9.52542E-5
543679.0,9.81175E-5
544322.0,1.06453E-4
544579.0,1.14129E-4
544784.0,1.23756E-4
544976.0,1.39629E-4
545101.0,1.55967E-4
545216.0,1.80056E-4
545319.0,2.14156E-4
545394.0,2.52157E-4
545456.0,3.00331E-4
545508.0,3.59031E-4
545557.0,4.39189E-4
545594.0,5.28577E-4
545626.0,6.36871E-4
545655.0,7.75209E-4
545680.0,9.39762E-4
545705.0,0.00116392
545728.0,0.00145299
545750.0,0.00184536
545771.0,0.00234233
545795.0,0.00308707
545839.0,0.00464441
545861.0,0.00516184
545875.0,0.00526174
545891.0,0.00513916
545911.0,0.00466351
545966.0,0.0028372
545989.0,0.00228352
546008.0,0.00193588
546025.0,0.00172696
546050.0,0.00154134
546075.0,0.00148795
546096.0,0.00154196
546116.0,0.00170222
546132.0,0.00193347
546149.0,0.00229075
546165.0,0.00281962
546180.0,0.00351547
546200.0,0.0047097
546233.0,0.00691229
546246.0,0.00754486
546261.0,0.00780563
546273.0,0.00762558
546289.0,0.00691198
546335.0,0.00373526
546352.0,0.00283284
546366.0,0.00224749
546381.0,0.00181269
546396.0,0.00147651
546411.0,0.00122136
546429.0,0.00101242
546449.0,8.317E-4
546472.0,6.89677E-4
546501.0,5.62774E-4
546534.0,4.63324E-4
546576.0,3.79656E-4
546626.0,3.12864E-4
546684.0,2.60877E-4
546742.0,2.25886E-4
546825.0,1.92364E-4
546924.0,1.65806E-4
547031.0,1.47271E-4
547209.0,1.28339E-4
547452.0,1.14474E-4
547748.0,1.05659E-4
547964.0,1.00715E-4
548611.0,9.45366E-5
549905.0,9.14105E-5
552278.0,9.50004E-5
554867.0,1.05358E-4
557455.0,1.226E-4
560044.0,1.489E-4
562632.0,1.86983E-4
568499.0,3.00589E-4
570398.0,3.17801E-4
570743.0,3.18376E-4
572813.0,3.05931E-4
577300.0,2.45269E-4
579026.0,2.37314E-4
579889.0,2.41398E-4
580752.0,2.53578E-4
581614.0,2.77525E-4
582601.0,3.27436E-4
583252.0,3.80768E-4
583941.0,4.64694E-4
584562.0,5.72979E-4
585183.0,7.19916E-4
585596.0,8.51353E-4
585803.0,9.55979E-4
585901.0,0.00104236
585987.0,0.00118046
586045.0,0.00135279
586080.0,0.00153548
586111.0,0.00178081
586137.0,0.00211279
586158.0,0.00253752
586178.0,0.00311647
586196.0,0.00387603
586218.0,0.00509002
586256.0,0.00749326
586274.0,0.00820688
586286.0,0.00834707
586300.0,0.00811571
586320.0,0.00724591
586364.0,0.00446327
586384.0,0.00350019
586402.0,0.00284969
586421.0,0.00237838
586444.0,0.00199808
586471.0,0.00171912
586497.0,0.00153719
586544.0,0.00134353
586603.0,0.00120852
586688.0,0.00110916
586773.0,0.00105474
587106.0,9.51987E-4
588720.0,5.58224E-4
589356.0,4.40587E-4
589991.0,3.54917E-4
590626.0,2.93284E-4
591367.0,2.43146E-4
592055.0,2.13702E-4
592243.0,2.08974E-4
592453.0,2.15879E-4
592513.0,2.27875E-4
592549.0,2.44728E-4
592571.0,2.65623E-4
592584.0,2.89461E-4
592593.0,3.17511E-4
592601.0,3.56153E-4
592607.0,4.04356E-4
592613.0,4.76994E-4
592618.0,5.7015E-4
592623.0,7.0255E-4
592628.0,8.88595E-4
592633.0,0.00111226
592637.0,0.00139553
592642.0,0.00175925
592647.0,0.00232321
592652.0,0.00305123
592659.0,0.00413803
592666.0,0.00568443
592674.0,0.00797725
592691.0,0.0136379
592704.0,0.0178653
592714.0,0.0198624
592722.0,0.0203382
592731.0,0.0196565
592740.0,0.0177266
592755.0,0.0130543
592771.0,0.00789322
592779.0,0.00561353
592786.0,0.00408953
592792.0,0.00304713
592798.0,0.00226763
592803.0,0.00172874
592808.0,0.00131888
592813.0,0.00104327
592817.0,8.34584E-4
592822.0,6.62333E-4
592828.0,5.40068E-4
592834.0,4.4633E-4
592839.0,3.83374E-4
592846.0,3.34245E-4
592855.0,2.95172E-4
592869.0,2.63977E-4
592892.0,2.38327E-4
592920.0,2.21739E-4
592976.0,2.04353E-4
593092.0,1.88938E-4
593285.0,1.78898E-4
593904.0,1.65875E-4
594678.0,1.60929E-4
595298.0,1.65241E-4
595762.0,1.75947E-4
596226.0,1.97949E-4
596536.0,2.2356E-4
596846.0,2.64362E-4
597078.0,3.10799E-4
597310.0,3.77601E-4
597558.0,4.78327E-4
598007.0,7.07233E-4
598154.0,7.50349E-4
598228.0,7.56092E-4
598363.0,7.36811E-4
598556.0,6.5622E-4
598935.0,4.5644E-4
599168.0,3.63322E-4
599400.0,2.96406E-4
599671.0,2.42874E-4
599942.0,2.06812E-4
600251.0,1.79017E-4
600638.0,1.56535E-4
601180.0,1.3833E-4
601741.0,1.30129E-4
601838.0,1.29862E-4
602109.0,1.32591E-4
602302.0,1.40804E-4
602418.0,1.52763E-4
602505.0,1.69804E-4
602564.0,1.89708E-4
602607.0,2.13447E-4
602651.0,2.508E-4
602684.0,2.97558E-4
602709.0,3.48317E-4
602731.0,4.17743E-4
602749.0,5.01257E-4
602764.0,6.02853E-4
602778.0,7.41076E-4
602790.0,9.0708E-4
602800.0,0.00109988
602809.0,0.00134911
602818.0,0.00167122
602828.0,0.00217549
602838.0,0.00282325
602850.0,0.00379801
602887.0,0.00743317
602899.0,0.00821599
602910.0,0.00845663
602922.0,0.00815762
602936.0,0.00716019
602969.0,0.00378913
602982.0,0.00278546
602992.0,0.00215321
603002.0,0.00167228
603012.0,0.00131722
603022.0,0.00105908
603032.0,8.71695E-4
603044.0,7.0405E-4
603058.0,5.82391E-4
603074.0,4.81817E-4
603092.0,4.01844E-4
603116.0,3.33018E-4
603140.0,2.86454E-4
603172.0,2.44491E-4
603212.0,2.10556E-4
603268.0,1.81087E-4
603340.0,1.59423E-4
603436.0,1.42824E-4
603556.0,1.322E-4
603737.0,1.2313E-4
604164.0,1.16209E-4
604676.0,1.13571E-4
605017.0,1.13053E-4
606723.0,1.19714E-4
608974.0,1.3858E-4
612386.0,1.72791E-4
613819.0,1.77928E-4
615525.0,1.70808E-4
620574.0,1.17657E-4
622757.0,1.02546E-4
625146.0,9.39256E-5
627022.0,9.19065E-5
629581.0,9.54808E-5
631969.0,1.06023E-4
633873.0,1.20709E-4
635681.0,1.42362E-4
637230.0,1.69392E-4
638522.0,2.00362E-4
640071.0,2.5236E-4
641363.0,3.12643E-4
642757.0,3.98315E-4
645856.0,6.33409E-4
646941.0,6.80146E-4
647453.0,6.85973E-4
648749.0,6.5696E-4
650402.0,5.94171E-4
650892.0,5.89296E-4
651926.0,6.01491E-4
652398.0,5.88011E-4
652971.0,5.33838E-4
653688.0,4.54904E-4
653939.0,4.45897E-4
654141.0,4.64858E-4
654236.0,4.96468E-4
654292.0,5.32853E-4
654348.0,5.95081E-4
654390.0,6.72388E-4
654425.0,7.74192E-4
654454.0,9.05358E-4
654482.0,0.00108053
654510.0,0.00133971
654575.0,0.00211842
654600.0,0.00229482
654611.0,0.00231962
654635.0,0.00223824
654668.0,0.00192022
654709.0,0.00145463
654739.0,0.00120109
654764.0,0.00106688
654793.0,9.7302E-4
654829.0,9.3248E-4
654858.0,9.45241E-4
654901.0,0.00103426
654938.0,0.0011751
654989.0,0.00147704
655037.0,0.00178615
655074.0,0.00191636
655084.0,0.00192364
655112.0,0.00186931
655150.0,0.00165136
655224.0,0.00112454
655264.0,9.09245E-4
655308.0,7.40631E-4
655351.0,6.25748E-4
655395.0,5.45144E-4
655459.0,4.64638E-4
655523.0,4.11733E-4
655620.0,3.60399E-4
655742.0,3.20331E-4
655902.0,2.87654E-4
656114.0,2.60385E-4
656500.0,2.29468E-4
657143.0,1.97488E-4
658171.0,1.64284E-4
659456.0,1.36234E-4
661127.0,1.11242E-4
663055.0,9.15779E-5
665369.0,7.56319E-5
667940.0,6.37713E-5
671025.0,5.44477E-5
674624.0,4.77338E-5
679163.0,4.32062E-5
683188.0,4.1916E-5
687715.0,4.35019E-5
690231.0,4.62187E-5
692948.0,5.13058E-5
695315.0,5.96051E-5
696681.0,6.81228E-5
697391.0,7.5999E-5
697801.0,8.44824E-5
698006.0,9.20015E-5
698176.0,1.02485E-4
698313.0,1.17169E-4
698398.0,1.3236E-4
698467.0,1.51009E-4
698525.0,1.74952E-4
698574.0,2.05465E-4
698615.0,2.43466E-4
698648.0,2.8891E-4
698677.0,3.45008E-4
698702.0,4.13712E-4
698722.0,4.94512E-4
698739.0,5.87923E-4
698756.0,7.13131E-4
698770.0,8.68072E-4
698782.0,0.00104769
698793.0,0.00127193
698803.0,0.0015563
698813.0,0.00193156
698824.0,0.00246984
698835.0,0.00318498
698847.0,0.00425067
698862.0,0.00584043
698891.0,0.00946294
698907.0,0.0107925
698919.0,0.0111111
698931.0,0.0107696
698945.0,0.00970334
698971.0,0.00656031
698988.0,0.00454876
699000.0,0.00344602
699011.0,0.0026604
699022.0,0.00206649
699032.0,0.00165225
699042.0,0.0013442
699054.0,0.00109538
699067.0,8.85665E-4
699083.0,7.15965E-4
699098.0,5.94692E-4
699119.0,4.85459E-4
699139.0,4.08985E-4
699163.0,3.45263E-4
699192.0,2.91485E-4
699228.0,2.45773E-4
699275.0,2.06438E-4
699334.0,1.75544E-4
699404.0,1.52484E-4
699485.0,1.36404E-4
699566.0,1.26531E-4
699728.0,1.16166E-4
699923.0,1.11425E-4
700117.0,1.09939E-4
700636.0,1.14239E-4
701414.0,1.30665E-4
702160.0,1.56105E-4
702744.0,1.85932E-4
703246.0,2.23268E-4
703651.0,2.66642E-4
703976.0,3.15241E-4
704300.0,3.83833E-4
704584.0,4.70307E-4
704827.0,5.76156E-4
705029.0,6.99283E-4
705232.0,8.70833E-4
705414.0,0.00108651
705595.0,0.00138229
705752.0,0.00172479
705979.0,0.00236436
706187.0,0.00295781
706293.0,0.0031493
706381.0,0.00320018
706498.0,0.00309765
706691.0,0.00262838
706976.0,0.00181391
707163.0,0.00140295
707332.0,0.00113079
707509.0,9.23205E-4
707678.0,7.76501E-4
707902.0,6.38934E-4
708146.0,5.34764E-4
708408.0,4.5701E-4
708784.0,3.8348E-4
709159.0,3.3614E-4
709610.0,2.99528E-4
710210.0,2.71738E-4
710911.0,2.61012E-4
711512.0,2.70564E-4
711912.0,2.90155E-4
712313.0,3.26091E-4
712626.0,3.72306E-4
712907.0,4.34777E-4
713198.0,5.30907E-4
713433.0,6.46318E-4
713644.0,7.95957E-4
713852.0,0.00100479
714059.0,0.00129244
714263.0,0.00167649
714612.0,0.00241517
714751.0,0.00257838
714816.0,0.00259841
714932.0,0.00253438
715114.0,0.00223107
715476.0,0.00144964
715676.0,0.00111842
715849.0,9.03176E-4
716031.0,7.3316E-4
716249.0,5.84788E-4
716467.0,4.78355E-4
716722.0,3.89352E-4
717013.0,3.17816E-4
717304.0,2.67001E-4
717667.0,2.21985E-4
718104.0,1.84939E-4
718540.0,1.59378E-4
719122.0,1.3619E-4
719849.0,1.17924E-4
720722.0,1.05832E-4
721510.0,1.02031E-4
722134.0,1.04684E-4
722669.0,1.13485E-4
723071.0,1.27568E-4
723338.0,1.43635E-4
723539.0,1.61661E-4
723740.0,1.87949E-4
723907.0,2.19789E-4
724074.0,2.66042E-4
724224.0,3.27188E-4
724358.0,4.0585E-4
724475.0,5.02679E-4
724591.0,6.34474E-4
724714.0,8.21234E-4
724917.0,0.00119163
725015.0,0.00131069
725068.0,0.00132992
725164.0,0.00127229
725282.0,0.00108274
725456.0,7.65006E-4
725568.0,6.04231E-4
725682.0,4.80812E-4
725807.0,3.82706E-4
725936.0,3.11388E-4
726069.0,2.58104E-4
726237.0,2.11344E-4
726404.0,1.78771E-4
726604.0,1.51412E-4
726839.0,1.29532E-4
727173.0,1.09201E-4
727485.0,9.69076E-5
727886.0,8.63683E-5
728555.0,7.58571E-5
729394.0,6.88837E-5
730303.0,6.43224E-5
732283.0,6.01809E-5
734594.0,5.8833E-5
738885.0,6.12481E-5
743342.0,6.83982E-5
746808.0,7.85545E-5
749448.0,9.16408E-5
751429.0,1.07695E-4
752914.0,1.26558E-4
754235.0,1.5206E-4
755390.0,1.85301E-4
756446.0,2.28423E-4
758460.0,3.30525E-4
759285.0,3.51003E-4
759417.0,3.51572E-4
760173.0,3.40484E-4
762381.0,2.61274E-4
763230.0,2.46079E-4
763485.0,2.45005E-4
763995.0,2.50214E-4
764525.0,2.72673E-4
764844.0,3.03628E-4
765083.0,3.45517E-4
765242.0,3.90738E-4
765401.0,4.61287E-4
765531.0,5.51209E-4
765630.0,6.52009E-4
765713.0,7.75142E-4
765786.0,9.289E-4
765856.0,0.0011382
765919.0,0.00141086
765972.0,0.0017349
766018.0,0.0021229
766065.0,0.00265918
766105.0,0.00328676
766147.0,0.00417467
766195.0,0.00550995
766272.0,0.00798288
766304.0,0.00871766
766337.0,0.00901669
766363.0,0.0088433
766405.0,0.00792047
766502.0,0.00481994
766548.0,0.00371811
766590.0,0.00294928
766632.0,0.00237985
766681.0,0.0018989
766729.0,0.00155692
766784.0,0.00127391
766853.0,0.00102863
766921.0,8.57966E-4
767004.0,7.14046E-4
767098.0,5.98374E-4
767214.0,5.0323E-4
767319.0,4.43974E-4
767487.0,3.82119E-4
767697.0,3.33189E-4
767949.0,3.01066E-4
768202.0,2.80674E-4
768706.0,2.63845E-4
769043.0,2.60438E-4
769883.0,2.69281E-4
770892.0,2.99194E-4
772238.0,3.64839E-4
773852.0,4.53956E-4
774794.0,4.76251E-4
774928.0,4.7662E-4
777552.0,4.4106E-4
778628.0,4.55359E-4
779585.0,4.96137E-4
780776.0,5.86208E-4
781875.0,6.67752E-4
782470.0,6.80772E-4
786710.0,5.95451E-4
789134.0,4.8995E-4
791801.0,3.68528E-4
793982.0,2.94136E-4
796407.0,2.34689E-4
798831.0,1.92828E-4
801255.0,1.63552E-4
803680.0,1.43778E-4
806104.0,1.31898E-4
808528.0,1.27672E-4
810347.0,1.30742E-4
812165.0,1.40139E-4
813680.0,1.5691E-4
814589.0,1.71168E-4
815801.0,1.99941E-4
816862.0,2.37821E-4
817771.0,2.8486E-4
818377.0,3.29372E-4
818983.0,3.9203E-4
819286.0,4.4545E-4
819481.0,4.91132E-4
819697.0,5.67597E-4
819856.0,6.58868E-4
819982.0,7.71487E-4
820087.0,9.11594E-4
820173.0,0.00109071
820246.0,0.00131356
820303.0,0.001571
820357.0,0.00190567
820403.0,0.00232152
820444.0,0.00283594
820484.0,0.0035398
820522.0,0.00446216
820558.0,0.00569737
820595.0,0.00732573
820666.0,0.0109825
820692.0,0.0119774
820722.0,0.0124293
820752.0,0.0120037
820791.0,0.0104105
820864.0,0.00666688
820903.0,0.00508417
820939.0,0.00403624
820972.0,0.00332056
821012.0,0.00269317
821058.0,0.00218734
821105.0,0.00180869
821153.0,0.00153716
821220.0,0.0012736
821299.0,0.00106623
821387.0,9.13935E-4
821493.0,7.91424E-4
821621.0,6.96831E-4
821791.0,6.18319E-4
822046.0,5.49686E-4
822386.0,4.97186E-4
823237.0,4.19295E-4
824853.0,3.07188E-4
826044.0,2.42794E-4
827234.0,1.95317E-4
828510.0,1.59416E-4
829786.0,1.34555E-4
831274.0,1.14961E-4
832975.0,1.00621E-4
835101.0,9.07093E-5
837227.0,8.73095E-5
837440.0,8.72752E-5
839566.0,9.07527E-5
841267.0,9.97403E-5
842543.0,1.12482E-4
843393.0,1.25759E-4
844244.0,1.45176E-4
844882.0,1.6731E-4
844911.0,1.75189E-4
844929.0,1.89931E-4
844944.0,2.14115E-4
844959.0,2.5373E-4
844973.0,3.10838E-4
844997.0,4.309E-4
845028.0,5.90969E-4
845047.0,6.57826E-4
845076.0,7.07997E-4
845151.0,7.24876E-4
845227.0,7.2489E-4
1000000.0,6.64433E-4
1500000.0,5.72019E-4
2500000.0,4.5594E-4
3000000.0,4.15401E-4
3500000.0,3.92774E-4
4000000.0,3.86231E-4
6586590.0,4.05134E-4
9000000.0,4.08854E-4
1.0E7,4.32791E-4
1.45E7,6.45255E-4
1.6E7,6.7817E-4
1.7E7,6.86238E-4
1.8125E7,6.56805E-4
1.99995E7,5.30941E-4
1.99997E7,5.09672E-4
1.99998E7,4.59955E-4
1.99999E7,3.79641E-4
2.00001E7,1.61735E-4
2.00002E7,5.76682E-5
2.00002E7,7.86823E-5
2.00002E7,1.10021E-4
2.00003E7,2.31694E-5
2.00003E7,3.16783E-5
2.00003E7,4.24237E-5
2.00004E7,7.3168E-6
2.00004E7,9.723E-6
2.00004E7,1.27886E-5
2.00004E7,1.73666E-5
2.00005E7,1.7534E-6
2.00005E7,2.32433E-6
2.00005E7,3.06045E-6
2.00005E7,4.0988E-6
2.00005E7,5.43555E-6
2.00006E7,3.29585E-7
2.00006E7,4.28506E-7
2.00006E7,5.73363E-7
2.00006E7,7.60661E-7
2.00006E7,1.0007E-6
2.00006E7,1.30979E-6
2.00007E7,4.86418E-8
2.00007E7,6.32839E-8
2.00007E7,8.18276E-8
2.00007E7,1.09298E-7
2.00007E7,1.45201E-7
2.00007E7,1.91857E-7
2.00007E7,2.5214E-7
2.00008E7,5.352E-9
2.00008E7,6.89658E-9
2.00008E7,9.2206E-9
2.00008E7,1.22764E-8
2.00008E7,1.63471E-8
2.00008E7,2.15825E-8
2.00008E7,2.84356E-8
2.00008E7,3.72304E-8
2.00009E7,4.7609E-10
2.00009E7,6.3093E-10
2.00009E7,8.3352E-10
2.00009E7,1.09504E-9
2.00009E7,1.43768E-9
2.00009E7,1.88165E-9
2.00009E7,2.45505E-9
2.00009E7,3.18579E-9
2.00009E7,4.14046E-9
2.0001E7,5.7998E-11
2.0001E7,8.6849E-11
2.0001E7,9.5925E-11
2.0001E7,1.1974E-10
2.0001E7,1.5729E-10
2.0001E7,2.0552E-10
2.0001E7,2.6925E-10
2.0001E7,3.5813E-10
2.00011E7,1.0879E-11
2.00012E7,2.93E-13
2.00014E7,0.0
1.5E8,0.0