20-Ca-44(n,&gamma;) ENDF/B-VII.1
1.0E-5,44.7326
1.31241E-5,39.0472
1.70876E-5,34.2203
2.2426E-5,29.8709
2.91987E-5,26.1784
3.83206E-5,22.8511
4.98935E-5,20.0263
6.54808E-5,17.481
8.52562E-5,15.3201
1.11891E-4,13.3729
1.45682E-4,11.7197
1.91195E-4,10.2303
2.48937E-4,8.96564
3.26707E-4,7.82598
4.25373E-4,6.85857
5.58264E-4,5.98682
7.26861E-4,5.24687
9.53941E-4,4.58
0.00124203,4.01376
0.00163006,3.50363
0.00212234,3.07045
0.00278538,2.68024
0.00362657,2.34885
0.00475955,2.05041
0.00619694,1.79692
0.00813293,1.56857
0.0105891,1.3745
0.0138972,1.1997
0.0180942,1.05157
0.0234661,0.923653
0.0253,0.889546
0.033204,0.777089
0.0432317,0.681967
0.0567377,0.594763
0.0738726,0.521959
0.0969512,0.455276
0.126231,0.398465
0.165666,0.348316
0.215698,0.30503
0.283085,0.266176
0.40461,0.222808
0.526803,0.195055
0.752956,0.163238
0.988188,0.142475
1.41241,0.119111
1.83896,0.104349
2.41347,0.0915742
3.14234,0.0800174
4.12404,0.0696255
5.62099,0.0595983
7.37705,0.0520733
9.60493,0.0458554
11.2167,0.0421335
14.7209,0.0368129
19.1666,0.0324045
22.4081,0.0297408
29.4086,0.0259741
36.7524,0.0232971
44.7908,0.0209446
55.9822,0.0186931
66.9284,0.0170622
89.5564,0.0146872
111.939,0.0130814
133.827,0.0119165
179.087,0.0102146
234.795,0.00885013
293.787,0.00786174
375.657,0.00682568
469.564,0.00599918
561.378,0.0054073
751.287,0.00451856
939.102,0.00391117
1161.93,0.00338765
1432.52,0.00291103
1878.18,0.00237945
2232.3,0.00206757
2685.96,0.00176628
3145.12,0.00154136
3581.27,0.00135214
4476.58,0.00108777
5192.83,9.30588E-4
6088.14,7.83089E-4
7162.51,6.50146E-4
8415.94,5.41662E-4
10027.5,4.44068E-4
10743.8,4.13685E-4
11460.0,3.96401E-4
11712.0,4.05194E-4
11848.8,4.28695E-4
11920.8,4.62161E-4
11965.6,5.04089E-4
11998.0,5.54115E-4
12023.4,6.18749E-4
12045.9,7.10374E-4
12065.4,8.37245E-4
12080.5,9.91283E-4
12091.9,0.00116197
12101.7,0.00137438
12110.9,0.00166396
12118.4,0.00200965
12125.5,0.00247282
12131.5,0.00303459
12136.7,0.00372
12141.0,0.00453754
12145.1,0.0056147
12148.7,0.00693621
12151.8,0.00858525
12154.7,0.0107228
12157.2,0.0133952
12159.4,0.0166677
12161.0,0.0201011
12162.4,0.0240407
12163.4,0.0284077
12164.3,0.0334869
12165.1,0.0397619
12165.8,0.047354
12166.5,0.0581588
12167.0,0.0708288
12167.6,0.087907
12168.1,0.111389
12168.7,0.143614
12169.2,0.180408
12169.7,0.234532
12170.2,0.307637
12170.8,0.403159
12171.3,0.525884
12171.9,0.709906
12172.6,0.963448
12173.4,1.34097
12174.3,1.89736
12175.7,2.92027
12177.6,4.32256
12178.8,4.99057
12179.9,5.23382
12180.0,5.23573
12181.0,5.0615
12182.2,4.46296
12184.1,3.03285
12185.6,1.94491
12186.5,1.40195
12187.3,1.01667
12187.9,0.751854
12188.5,0.561552
12189.1,0.421806
12189.7,0.322107
12190.2,0.245584
12190.8,0.187738
12191.3,0.146904
12191.8,0.116153
12192.3,0.0931289
12192.8,0.075944
12193.4,0.0609439
12194.0,0.0502753
12194.7,0.0411485
12195.5,0.0344665
12196.4,0.0291086
12197.5,0.0243885
12199.1,0.0199085
12201.0,0.0160615
12203.1,0.0129731
12205.6,0.010507
12208.4,0.00846423
12211.5,0.00687235
12215.1,0.00555784
12218.9,0.00456863
12223.2,0.00375114
12228.3,0.00305736
12234.0,0.00251128
12240.6,0.00207061
12247.4,0.00174258
12257.0,0.00141775
12268.0,0.00116841
12279.0,9.98149E-4
12292.8,8.55107E-4
12310.9,7.27219E-4
12332.9,6.29367E-4
12359.3,5.55168E-4
12394.4,4.98397E-4
12429.6,4.61304E-4
12517.5,4.13752E-4
12652.6,3.8496E-4
12787.7,3.72433E-4
13192.9,3.6123E-4
13699.4,3.75265E-4
13935.8,3.95395E-4
14138.4,4.30431E-4
14273.4,4.7234E-4
14408.5,5.42488E-4
14492.9,6.14307E-4
14560.5,6.96964E-4
14628.0,8.1346E-4
14689.7,9.75084E-4
14734.0,0.00114466
14775.4,0.0013675
14808.6,0.00161721
14841.8,0.00196335
14870.8,0.00239393
14895.7,0.00291098
14916.5,0.00350305
14937.2,0.00431594
14955.9,0.00535091
14969.7,0.00639906
14985.2,0.00802126
14996.6,0.00966104
15009.1,0.0121262
15019.6,0.015059
15029.3,0.0188234
15037.4,0.023241
15044.7,0.0286844
15050.9,0.0350644
15056.8,0.0433062
15062.3,0.0540731
15067.1,0.0670928
15071.2,0.0824619
15075.2,0.10288
15078.7,0.128545
15081.9,0.161233
15084.6,0.20142
15087.1,0.251011
15089.0,0.306091
15090.9,0.383176
15092.6,0.477451
15093.9,0.581361
15095.1,0.716087
15096.3,0.896454
15097.6,1.14598
15098.6,1.43412
15099.8,1.86696
15101.0,2.47307
15102.5,3.40227
15104.7,5.20183
15107.0,7.03151
15108.5,7.81554
15110.0,8.13718
15111.3,7.89807
15112.8,7.15864
15115.4,5.11108
15117.6,3.37546
15119.0,2.4619
15120.2,1.8731
15121.3,1.46653
15122.5,1.13697
15123.7,0.889867
15124.9,0.715593
15126.1,0.58413
15127.5,0.470139
15129.2,0.377973
15131.0,0.304686
15133.2,0.244215
15135.6,0.196552
15138.4,0.157731
15141.2,0.12897
15144.6,0.104433
15148.2,0.0851104
15152.6,0.0679685
15157.0,0.0555532
15162.5,0.0443152
15168.8,0.0353434
15175.7,0.0282599
15183.3,0.0226955
15191.6,0.0183305
15200.4,0.014968
15211.3,0.0119632
15222.3,0.00976093
15236.2,0.00778493
15250.3,0.00633755
15266.9,0.00511778
15286.3,0.00410823
15305.6,0.00338776
15328.4,0.00276815
15353.3,0.00228135
15382.4,0.00187402
15411.4,0.00157996
15444.6,0.00133165
15486.0,0.0011099
15530.3,9.40934E-4
15586.7,7.90792E-4
15632.0,7.06138E-4
15704.5,6.03695E-4
15777.0,5.32805E-4
15867.6,4.71456E-4
15976.3,4.20276E-4
16121.3,3.76391E-4
16338.8,3.37003E-4
16701.3,3.00346E-4
17281.3,2.7255E-4
17861.2,2.57915E-4
19241.7,2.4231E-4
19793.9,2.40518E-4
20622.1,2.45784E-4
21174.3,2.59732E-4
21450.4,2.74039E-4
21795.5,3.08337E-4
22002.6,3.45477E-4
22140.6,3.85699E-4
22299.7,4.6043E-4
22405.0,5.40252E-4
22494.5,6.44085E-4
22573.5,7.8208E-4
22636.7,9.47379E-4
22689.3,0.00114791
22736.7,0.0014071
22773.6,0.00168994
22810.4,0.00208944
22842.0,0.00257687
22868.3,0.00314466
22894.7,0.00394519
22917.4,0.00493241
22938.1,0.00621284
22955.2,0.00771679
22971.0,0.00967243
22983.8,0.0118867
22995.4,0.0146119
23006.4,0.018226
23015.6,0.0223919
23023.7,0.0273506
23031.9,0.0343689
23039.2,0.0431892
23045.5,0.0539294
23051.2,0.0676051
23056.0,0.0833562
23060.5,0.104344
23064.2,0.127916
23067.8,0.159306
23070.9,0.198352
23073.7,0.246076
23076.0,0.300861
23078.3,0.376723
23080.3,0.46708
23082.1,0.582477
23083.8,0.730414
23085.7,0.941489
23087.6,1.24027
23089.8,1.67893
23093.5,2.62108
23096.5,3.3473
23098.7,3.65851
23100.0,3.70893
23101.9,3.59589
23104.2,3.19172
23110.2,1.67781
23112.3,1.25106
23114.2,0.962886
23116.0,0.746214
23117.7,0.599146
23119.4,0.482918
23121.5,0.3842
23123.8,0.307993
23126.1,0.251256
23128.8,0.203008
23132.0,0.161877
23135.3,0.131242
23138.9,0.107516
23143.0,0.0872215
23147.5,0.0711934
23152.8,0.0574474
23158.7,0.0462874
23165.0,0.0376494
23172.7,0.0301286
23181.1,0.0241979
23190.8,0.0192875
23201.4,0.0155005
23213.5,0.0123769
23226.7,0.00996707
23241.5,0.00802269
23257.3,0.00652627
23275.1,0.00531069
23295.8,0.00428367
23315.9,0.00355822
23342.2,0.0028672
23368.5,0.00236987
23400.1,0.00193752
23437.0,0.00157901
23479.1,0.00129164
23521.2,0.00108524
23573.8,9.01038E-4
23631.8,7.58376E-4
23705.5,6.32854E-4
23795.0,5.30515E-4
23900.3,4.52036E-4
24067.0,3.77215E-4
24212.7,3.37223E-4
24387.5,3.05777E-4
24620.6,2.81284E-4
24853.8,2.67281E-4
25320.0,2.56858E-4
25857.6,2.6904E-4
26099.4,2.86811E-4
26287.3,3.13371E-4
26444.0,3.5536E-4
26537.9,3.92103E-4
26631.9,4.5193E-4
26694.5,5.10209E-4
26741.5,5.68924E-4
26799.8,6.66761E-4
26845.1,7.78745E-4
26891.8,9.43732E-4
26930.0,0.00114067
26961.9,0.00137223
26992.3,0.0016872
27017.8,0.00206199
27040.4,0.00252793
27060.2,0.0030991
27077.9,0.0038108
27092.7,0.00463474
27107.2,0.00574714
27119.6,0.00706781
27130.2,0.00861744
27141.2,0.0108381
27149.9,0.0132894
27157.8,0.0163861
27165.3,0.0203992
27172.0,0.025489
27177.6,0.0314534
27183.1,0.0394653
27187.9,0.0494635
27192.0,0.061272
27195.5,0.0756051
27198.6,0.0929847
27201.5,0.115487
27203.9,0.142054
27206.0,0.175001
27207.9,0.21706
27209.5,0.266344
27211.0,0.331964
27212.2,0.404607
27213.5,0.500985
27214.7,0.628511
27216.1,0.81476
27217.4,1.05991
27218.9,1.40936
27220.6,1.9013
27223.8,3.05796
27226.5,3.97578
27228.5,4.39773
27230.0,4.50678
27231.6,4.38909
27233.3,4.01065
27236.2,3.03029
27239.3,1.91189
27241.2,1.37672
27242.7,1.02402
27244.2,0.779219
27245.4,0.611932
27246.7,0.485378
27248.0,0.387186
27249.5,0.309693
27251.0,0.248042
27252.6,0.203798
27254.4,0.168039
27256.5,0.137086
27259.1,0.110053
27262.1,0.0884494
27265.1,0.072851
27268.9,0.0583515
27273.4,0.046416
27278.1,0.0373929
27283.1,0.0305421
27289.3,0.0243636
27295.4,0.0199089
27302.9,0.0160263
27311.4,0.0128518
27320.9,0.010311
27332.1,0.00821008
27343.2,0.00669993
27355.6,0.0054748
27369.7,0.00445682
27386.4,0.00359791
27403.7,0.00295325
27425.3,0.00238084
27450.7,0.0019083
27479.0,0.0015437
27507.3,0.00128538
27541.3,0.00106438
27582.3,8.77343E-4
27626.2,7.38253E-4
27670.9,6.37478E-4
27737.1,5.3435E-4
27819.1,4.52048E-4
27901.2,3.97637E-4
27999.6,3.55944E-4
28065.2,3.32423E-4
28196.4,3.02844E-4
28393.3,2.76651E-4
28721.4,2.53642E-4
29246.4,2.39375E-4
30033.8,2.34425E-4
31871.2,2.44378E-4
33412.1,2.64738E-4
34978.3,2.9124E-4
37327.7,3.56571E-4
38632.9,4.10497E-4
39938.1,4.82121E-4
41243.2,5.83375E-4
41994.9,6.66843E-4
42034.6,6.93639E-4
42040.1,7.12707E-4
42042.9,7.41351E-4
42044.7,7.85648E-4
42046.5,8.77001E-4
42047.9,0.00100314
42049.1,0.00116997
42050.0,0.00137657
42051.2,0.00171344
42052.2,0.00212984
42053.2,0.00268627
42054.3,0.00351859
42055.4,0.00461268
42056.7,0.00618394
42058.1,0.00838841
42059.8,0.011923
42062.6,0.0187479
42065.8,0.0267634
42068.0,0.0305971
42070.0,0.0317401
42071.9,0.0306248
42073.9,0.0274533
42077.0,0.0198618
42079.8,0.0127173
42081.6,0.00898568
42083.0,0.00663311
42084.3,0.00494493
42085.4,0.00376394
42086.5,0.00291842
42087.5,0.002277
42088.6,0.00180219
42089.7,0.00145884
42090.8,0.00119406
42092.0,0.00101834
42093.4,8.87025E-4
42094.9,8.10805E-4
42096.7,7.57318E-4
42100.5,7.18486E-4
42115.6,6.93616E-4
42145.8,6.8547E-4
42966.2,7.93427E-4
43978.8,9.86586E-4
44778.2,0.00120106
45524.4,0.00147983
46163.9,0.00180972
46750.2,0.00222395
47283.1,0.00274558
47762.8,0.00339258
48189.1,0.0041839
48562.2,0.00512816
48935.2,0.00641485
49255.0,0.0079299
49574.8,0.0100062
49841.3,0.0123659
50107.7,0.0154905
50374.2,0.0197042
50662.0,0.0256687
51269.6,0.0410828
51493.4,0.0443128
51582.9,0.0446305
51781.2,0.0431439
52037.0,0.0377742
52538.0,0.0246981
52825.8,0.0188563
53092.3,0.0147613
53358.7,0.0117386
53625.2,0.0094626
53945.0,0.00746477
54264.8,0.0060103
54637.8,0.00477787
55010.9,0.00387574
55437.2,0.00312179
55916.9,0.00250737
56449.8,0.00201391
57036.1,0.00162382
57675.6,0.00131472
58421.8,0.00105511
59274.5,8.45633E-4
60127.2,6.95352E-4
61193.1,5.61745E-4
62259.0,4.65456E-4
63538.1,3.83696E-4
65030.3,3.17814E-4
66522.6,2.72076E-4
68121.5,2.39278E-4
69720.3,2.17105E-4
71452.4,2.06777E-4
71585.6,2.06651E-4
72651.5,2.13657E-4
72918.0,2.17527E-4
73451.0,2.34208E-4
73717.4,2.49033E-4
74050.5,2.8103E-4
74250.4,3.09108E-4
74450.2,3.5528E-4
74583.5,4.00333E-4
74683.4,4.45812E-4
74816.6,5.29537E-4
74916.6,6.22643E-4
74999.8,7.3401E-4
75080.1,8.81551E-4
75150.9,0.0010697
75211.6,0.0012959
75262.2,0.00155982
75302.6,0.00184311
75343.1,0.00222324
75383.7,0.00273627
75419.8,0.00338916
75450.7,0.00417096
75478.9,0.00516562
75505.3,0.00646514
75527.7,0.0080072
75546.7,0.00982494
75563.8,0.0120567
75580.1,0.0149944
75594.9,0.0187252
75608.8,0.0236341
75619.1,0.0287041
75629.0,0.0352787
75638.3,0.0437825
75646.3,0.0537468
75654.1,0.0671546
75660.9,0.0834673
75667.1,0.104148
75672.5,0.129107
75677.4,0.159446
75682.1,0.19988
75686.5,0.250057
75691.2,0.321953
75695.9,0.419186
75702.1,0.581722
75711.8,0.853306
75716.2,0.930992
75719.9,0.953686
75724.9,0.913696
75729.9,0.805102
75741.9,0.465926
75746.8,0.356445
75751.6,0.272954
75756.4,0.212785
75761.1,0.169639
75765.7,0.137746
75771.2,0.11042
75776.7,0.0900618
75782.8,0.0734397
75789.8,0.0595028
75798.4,0.0472634
75806.9,0.0384524
75816.2,0.0313899
75827.1,0.0253728
75839.5,0.0204042
75853.1,0.0164766
75867.5,0.0134485
75883.8,0.0109315
75903.4,0.00875008
75923.2,0.00715871
75946.3,0.0058105
75972.3,0.00470597
76003.4,0.0037637
76034.5,0.00308719
76073.3,0.00247986
76112.2,0.0020441
76160.7,0.00165313
76209.2,0.00137298
76271.4,0.00111749
76341.3,9.15416E-4
76422.9,7.51937E-4
76504.4,6.3668E-4
76620.9,5.23231E-4
76745.2,4.42348E-4
76900.6,3.75089E-4
77087.0,3.2261E-4
77288.9,2.85721E-4
77599.6,2.5059E-4
78019.1,2.24113E-4
78715.4,2.03719E-4
79668.8,1.9297E-4
80431.5,1.91058E-4
82719.6,2.01213E-4
84506.7,2.23771E-4
85291.7,2.41648E-4
85815.1,2.63591E-4
86142.2,2.90608E-4
86381.1,3.28756E-4
86509.0,3.66619E-4
86623.6,4.2399E-4
86700.9,4.87393E-4
86764.8,5.69165E-4
86820.8,6.79589E-4
86867.4,8.22205E-4
86904.7,9.94468E-4
86934.0,0.00119113
86962.0,0.00146222
86986.0,0.00180054
87004.7,0.00217139
87022.7,0.00267377
87038.6,0.00330929
87052.6,0.00409808
87064.3,0.00501749
87074.3,0.00609884
87083.8,0.00751755
87091.8,0.0091422
87099.3,0.0112652
87105.8,0.0138147
87111.4,0.016813
87116.3,0.0204159
87121.1,0.0252835
87125.1,0.0309844
87128.9,0.0385143
87132.1,0.0477051
87134.6,0.0577439
87136.9,0.0701241
87139.2,0.0866553
87141.5,0.10767
87144.0,0.14
87146.6,0.183295
87149.4,0.244517
87152.2,0.325031
87156.7,0.47995
87162.7,0.69695
87166.3,0.787958
87169.9,0.821918
87169.9,0.821912
87172.9,0.798658
87176.2,0.724259
87181.6,0.535062
87187.0,0.343929
87190.2,0.251237
87192.9,0.189159
87195.2,0.148029
87197.5,0.117061
87199.8,0.092779
87202.2,0.0746226
87204.7,0.0600721
87207.4,0.0489059
87210.1,0.0406979
87213.5,0.0332138
87217.2,0.0272007
87221.2,0.0225145
87226.1,0.0184103
87231.7,0.0149563
87238.4,0.0120259
87245.1,0.009912
87254.0,0.00790415
87263.7,0.0063553
87274.9,0.00507959
87286.2,0.00416896
87297.5,0.00349595
87311.5,0.00288229
87326.5,0.00240287
87344.8,0.00197611
87367.3,0.00160388
87392.0,0.00132089
87418.9,0.00110489
87451.1,9.2726E-4
87485.4,7.91352E-4
87524.1,6.8381E-4
87575.7,5.85816E-4
87640.1,5.09567E-4
87713.1,4.51492E-4
87816.3,4.01341E-4
87971.0,3.63797E-4
88160.1,3.39781E-4
88503.9,3.26528E-4
88641.4,3.25501E-4
89466.6,3.40634E-4
90773.0,3.94904E-4
92010.8,4.72669E-4
93111.0,5.70365E-4
94211.2,7.08839E-4
95173.9,8.80723E-4
95999.0,0.00108647
96824.1,0.00137236
97511.8,0.00170056
98199.4,0.00213503
98969.5,0.00278854
100675.0,0.00461002
101280.0,0.00495082
101456.0,0.00497088
102050.0,0.00476571
102600.0,0.00442295
102731.0,0.00455494
102793.0,0.00483784
102824.0,0.00517456
102855.0,0.00580679
102875.0,0.00661819
102891.0,0.00766152
102901.0,0.00876346
102910.0,0.0102167
102918.0,0.0120747
102924.0,0.0142905
102929.0,0.0172768
102934.0,0.0208132
102937.0,0.0247343
102940.0,0.0293472
102942.0,0.0360013
102945.0,0.0442055
102946.0,0.0535849
102949.0,0.0679511
102950.0,0.0852182
102953.0,0.111207
102955.0,0.145883
102957.0,0.195574
102959.0,0.258063
102962.0,0.359974
102966.0,0.531333
102973.0,0.838014
102976.0,0.94723
102980.0,0.992089
102980.0,0.991957
102983.0,0.954318
102987.0,0.839701
102997.0,0.388612
103000.0,0.28553
103002.0,0.214582
103005.0,0.160478
103007.0,0.123641
103009.0,0.0954622
103010.0,0.0761766
103012.0,0.0607624
103014.0,0.0492872
103017.0,0.0395802
103019.0,0.0326888
103022.0,0.0267685
103024.0,0.0229741
103028.0,0.0193912
103032.0,0.0163163
103037.0,0.0137157
103044.0,0.0114533
103052.0,0.00964854
103061.0,0.00825015
103075.0,0.0069745
103089.0,0.00616217
103106.0,0.00547719
103127.0,0.0049722
103154.0,0.0045477
103197.0,0.00415158
103241.0,0.00391453
103338.0,0.00360411
103655.0,0.0030971
104222.0,0.0025125
104789.0,0.00204947
105544.0,0.00158809
106174.0,0.0013065
106803.0,0.0010893
107650.0,8.74402E-4
108542.0,7.14781E-4
109463.0,5.92476E-4
110517.0,4.9456E-4
111833.0,4.11683E-4
112887.0,3.64115E-4
114203.0,3.22292E-4
115784.0,2.88578E-4
116837.0,2.74499E-4
119528.0,2.59092E-4
120067.0,2.58372E-4
123297.0,2.7437E-4
126005.0,3.13067E-4
127948.0,3.605E-4
129470.0,4.17035E-4
130172.0,4.6331E-4
130434.0,5.00534E-4
130567.0,5.4007E-4
130659.0,5.92323E-4
130729.0,6.70228E-4
130777.0,7.66211E-4
130808.0,8.71371E-4
130835.0,0.00101243
130857.0,0.00120316
130876.0,0.00144136
130890.0,0.00172562
130903.0,0.00209681
130914.0,0.0025652
130922.0,0.00304239
130929.0,0.00366201
130935.0,0.00440718
130941.0,0.00527461
130945.0,0.00633021
130949.0,0.00746509
130952.0,0.00907535
130955.0,0.011129
130958.0,0.013716
130960.0,0.0171801
130963.0,0.0214638
130965.0,0.0272066
130967.0,0.0349627
130969.0,0.0453
130971.0,0.0588495
130974.0,0.0778034
130976.0,0.102687
130979.0,0.139307
130983.0,0.200471
130992.0,0.372765
130996.0,0.419608
131000.0,0.438288
131000.0,0.438112
131003.0,0.425378
131007.0,0.385117
131012.0,0.289453
131019.0,0.177909
131022.0,0.125864
131025.0,0.0927555
131027.0,0.0688327
131030.0,0.0523877
131032.0,0.0398528
131034.0,0.0305552
131036.0,0.0242562
131038.0,0.0195293
131041.0,0.0155697
131043.0,0.0128091
131046.0,0.0104042
131049.0,0.00870837
131052.0,0.00721429
131056.0,0.00597268
131061.0,0.00490096
131068.0,0.00399249
131075.0,0.0032794
131084.0,0.00270069
131094.0,0.00222739
131105.0,0.00185657
131120.0,0.00153738
131135.0,0.00130798
131154.0,0.00112276
131178.0,9.70492E-4
131211.0,8.39343E-4
131255.0,7.41058E-4
131322.0,6.69046E-4
131388.0,6.38572E-4
131455.0,6.30328E-4
131563.0,6.54939E-4
131637.0,7.12432E-4
131681.0,7.84406E-4
131712.0,8.67353E-4
131737.0,9.76408E-4
131760.0,0.00112495
131776.0,0.00129996
131790.0,0.00150555
131804.0,0.00181048
131814.0,0.00214899
131822.0,0.00255206
131830.0,0.00306938
131836.0,0.00363658
131842.0,0.00444837
131846.0,0.00536715
131850.0,0.0063388
131853.0,0.00773703
131856.0,0.00953856
131859.0,0.0118183
131861.0,0.0148675
131863.0,0.0186197
131865.0,0.0236129
131868.0,0.0302884
131870.0,0.0390958
131872.0,0.0519423
131875.0,0.0688849
131877.0,0.0932851
131880.0,0.129386
131885.0,0.199563
131892.0,0.296686
131896.0,0.334958
131900.0,0.3482
131903.0,0.337584
131907.0,0.304694
131913.0,0.228158
131919.0,0.139795
131922.0,0.101001
131925.0,0.0738515
131927.0,0.0560566
131930.0,0.0424077
131932.0,0.0325686
131934.0,0.0251357
131936.0,0.0200525
131938.0,0.0161469
131940.0,0.0128054
131943.0,0.0104137
131945.0,0.00848022
131948.0,0.00707945
131951.0,0.00601624
131955.0,0.00495459
131960.0,0.004212
131966.0,0.00347663
131973.0,0.00286809
131981.0,0.00240376
131990.0,0.00201551
132001.0,0.00169452
132015.0,0.00142044
132032.0,0.0012072
132049.0,0.00106495
132074.0,9.30735E-4
132106.0,8.22423E-4
132150.0,7.39956E-4
132204.0,6.8414E-4
132292.0,6.40631E-4
132583.0,6.10848E-4
133154.0,6.38562E-4
134185.0,7.39549E-4
134988.0,8.48381E-4
135390.0,9.28943E-4
135640.0,0.00103498
135715.0,0.00110701
135765.0,0.00119013
135807.0,0.00131056
135841.0,0.00148272
135865.0,0.00168556
135884.0,0.00196076
135898.0,0.00224348
135911.0,0.00267009
135921.0,0.00318471
135930.0,0.00385174
135936.0,0.00456095
135942.0,0.00551946
135946.0,0.00644518
135950.0,0.00778502
135953.0,0.0094503
135956.0,0.0113768
135959.0,0.0141259
135961.0,0.0174326
135963.0,0.02194
135965.0,0.0280869
135968.0,0.0363833
135970.0,0.0458565
135972.0,0.0606918
135974.0,0.0798367
135977.0,0.109833
135980.0,0.152958
135986.0,0.235573
135991.0,0.331628
135996.0,0.385145
136000.0,0.403372
136000.0,0.403286
136004.0,0.389322
136007.0,0.348431
136014.0,0.244587
136019.0,0.157742
136023.0,0.112144
136025.0,0.0841148
136028.0,0.0623565
136030.0,0.0475127
136032.0,0.0361856
136035.0,0.0281019
136037.0,0.0223477
136039.0,0.0180304
136041.0,0.0143554
136044.0,0.011736
136046.0,0.00968036
136050.0,0.00794899
136053.0,0.0067581
136057.0,0.00571609
136062.0,0.00486889
136068.0,0.00406
136076.0,0.00340237
136086.0,0.0028674
136097.0,0.00243829
136111.0,0.00210057
136129.0,0.00182417
136148.0,0.0016315
136180.0,0.00145163
136215.0,0.00134244
136262.0,0.00126825
136341.0,0.00122522
136368.0,0.00122308
136474.0,0.00125947
136545.0,0.00133657
136589.0,0.00142862
136628.0,0.00157924
136654.0,0.00175491
136677.0,0.00201279
136694.0,0.00231331
136707.0,0.00270834
136718.0,0.00318466
136727.0,0.00378138
136735.0,0.0045278
136741.0,0.00536409
136746.0,0.00648368
136749.0,0.00754839
136752.0,0.00903539
136755.0,0.0109283
136758.0,0.013238
136760.0,0.0164891
136763.0,0.0208758
136765.0,0.0265835
136767.0,0.0342997
136769.0,0.0445812
136772.0,0.0581276
136774.0,0.0764593
136776.0,0.102362
136780.0,0.143323
136784.0,0.213387
136791.0,0.329399
136796.0,0.382231
136800.0,0.400222
136800.0,0.400137
136804.0,0.386373
136807.0,0.346031
136814.0,0.244798
136819.0,0.155493
136823.0,0.109767
136826.0,0.0800787
136828.0,0.0610614
136830.0,0.0462921
136833.0,0.0362002
136835.0,0.0287429
136837.0,0.0228187
136839.0,0.0183819
136841.0,0.0146147
136844.0,0.0119406
136846.0,0.0100225
136849.0,0.00829359
136852.0,0.00709192
136856.0,0.00597667
136862.0,0.00502797
136869.0,0.00417898
136877.0,0.00348082
136888.0,0.0029341
136900.0,0.00251704
136914.0,0.00220501
136931.0,0.00195562
136957.0,0.00173049
136993.0,0.00156385
137040.0,0.00145167
137115.0,0.00137878
137240.0,0.00134371
137591.0,0.00139713
138392.0,0.00166417
139243.0,0.00207474
139993.0,0.00258238
140694.0,0.00324221
141295.0,0.00402499
141796.0,0.00489008
142296.0,0.00604512
142797.0,0.00757505
143297.0,0.00964059
143838.0,0.0125678
144979.0,0.0201809
145400.0,0.0218115
145580.0,0.0219884
145940.0,0.021297
146421.0,0.0186904
147362.0,0.0122827
147803.0,0.00996252
147953.0,0.0094909
148003.0,0.00943213
148063.0,0.00973304
148088.0,0.0101725
148106.0,0.010852
148123.0,0.0120856
148134.0,0.0134685
148140.0,0.0149916
148146.0,0.016797
148150.0,0.0191672
148153.0,0.0221098
148156.0,0.0263567
148159.0,0.0319783
148162.0,0.0386337
148164.0,0.0477692
148166.0,0.0601483
148169.0,0.0766452
148171.0,0.100629
148174.0,0.13498
148177.0,0.181174
148181.0,0.25451
148192.0,0.494354
148196.0,0.560181
148200.0,0.584967
148200.0,0.58494
148204.0,0.566519
148207.0,0.514967
148213.0,0.389599
148220.0,0.243761
148223.0,0.17451
148226.0,0.127807
148229.0,0.0963456
148231.0,0.0745716
148234.0,0.05805
148236.0,0.0460051
148239.0,0.0364297
148242.0,0.0296952
148244.0,0.024976
148247.0,0.0211128
148250.0,0.0185142
148255.0,0.0161128
148260.0,0.0143538
148268.0,0.0125425
148279.0,0.0112359
148296.0,0.00996744
148325.0,0.00891444
148365.0,0.00820186
148460.0,0.00744274
148674.0,0.00657796
149123.0,0.00536269
149612.0,0.0043877
150138.0,0.00363911
150558.0,0.00326002
150716.0,0.00320681
150874.0,0.00327567
150979.0,0.00348188
151058.0,0.00384309
151111.0,0.00430141
151148.0,0.00482605
151184.0,0.00566238
151211.0,0.00659449
151233.0,0.0077682
151254.0,0.00939382
151270.0,0.0113454
151284.0,0.0136591
151296.0,0.0164581
151307.0,0.0199466
151316.0,0.024217
151324.0,0.0297364
151332.0,0.0366335
151338.0,0.044945
151344.0,0.05537
151349.0,0.0677007
151354.0,0.0853432
151359.0,0.107393
151363.0,0.136109
151368.0,0.175646
151373.0,0.236818
151381.0,0.345508
151390.0,0.480254
151395.0,0.532179
151400.0,0.552049
151404.0,0.537564
151410.0,0.484305
151426.0,0.243056
151432.0,0.180441
151436.0,0.141007
151441.0,0.110094
151446.0,0.0862688
151450.0,0.070316
151456.0,0.0559788
151461.0,0.0458662
151467.0,0.0373476
151474.0,0.0308683
151482.0,0.0252105
151491.0,0.0206757
151502.0,0.0169711
151513.0,0.0141049
151527.0,0.0115886
151543.0,0.00954616
151560.0,0.00802943
151582.0,0.00668682
151609.0,0.00557182
151638.0,0.00477578
151678.0,0.00404349
151729.0,0.00346458
151794.0,0.00300859
151873.0,0.00267471
152005.0,0.00234702
152215.0,0.00205722
152557.0,0.00178709
153136.0,0.00150122
153902.0,0.00124897
154653.0,0.00107053
154934.0,0.00103923
155062.0,0.00106744
155109.0,0.0011096
155146.0,0.00117945
155172.0,0.00127609
155190.0,0.00139379
155206.0,0.00156109
155219.0,0.00179306
155228.0,0.00205865
155236.0,0.00238208
155241.0,0.0027811
155246.0,0.00324021
155250.0,0.00381895
155253.0,0.00457077
155256.0,0.00556584
155258.0,0.00678131
155261.0,0.0084732
155263.0,0.0108167
155265.0,0.013707
155268.0,0.0177237
155270.0,0.0229681
155273.0,0.0304905
155275.0,0.0405471
155279.0,0.0558464
155284.0,0.0843965
155292.0,0.131694
155296.0,0.148241
155300.0,0.15476
155300.0,0.154746
155304.0,0.148611
155309.0,0.128982
155320.0,0.0609413
155324.0,0.0443961
155327.0,0.0322166
155330.0,0.0241799
155332.0,0.0183947
155335.0,0.0140132
155337.0,0.0111212
155339.0,0.00892762
155341.0,0.00716548
155344.0,0.00583711
155347.0,0.00475126
155350.0,0.00391703
155354.0,0.00326529
155358.0,0.00279006
155364.0,0.00237898
155371.0,0.0020467
155381.0,0.00175862
155395.0,0.00151396
155409.0,0.00136278
155433.0,0.00120709
155473.0,0.00108046
155525.0,0.00100051
155632.0,9.29315E-4
156018.0,8.40165E-4
156947.0,7.34478E-4
157763.0,6.91742E-4
158190.0,7.30019E-4
158290.0,7.76922E-4
158353.0,8.41614E-4
158399.0,9.33421E-4
158433.0,0.00105689
158458.0,0.0012161
158479.0,0.00142922
158494.0,0.00166909
158507.0,0.00200465
158517.0,0.00237459
158525.0,0.00282241
158533.0,0.00342876
158539.0,0.00413707
158544.0,0.00502458
158548.0,0.00609856
158551.0,0.00743242
158554.0,0.0091354
158556.0,0.0112001
158559.0,0.0140693
158561.0,0.017746
158563.0,0.0225055
158565.0,0.0287937
158568.0,0.0380201
158570.0,0.0493009
158573.0,0.0666119
158576.0,0.0903243
158579.0,0.126659
158586.0,0.206019
158592.0,0.281233
158596.0,0.313255
158600.0,0.323757
158604.0,0.313236
158608.0,0.28121
158614.0,0.205996
158621.0,0.126636
158624.0,0.0903115
158627.0,0.0666062
158630.0,0.049306
158632.0,0.0369803
158635.0,0.0280113
158637.0,0.021913
158639.0,0.0173056
158642.0,0.0137769
158644.0,0.0111731
158646.0,0.00925222
158649.0,0.00758889
158652.0,0.00624232
158656.0,0.00521102
158660.0,0.00439854
158666.0,0.00361529
158673.0,0.00299013
158681.0,0.00246722
158692.0,0.00205022
158704.0,0.00172775
158718.0,0.00148411
158736.0,0.00128478
158757.0,0.00112967
158785.0,0.00100192
158827.0,8.96407E-4
158869.0,8.37541E-4
158954.0,7.82493E-4
159125.0,7.54514E-4
159395.0,7.87954E-4
159636.0,8.64896E-4
159816.0,9.6108E-4
159997.0,0.00111041
160147.0,0.00130244
160268.0,0.00152655
160384.0,0.00184582
160476.0,0.00221002
160555.0,0.00264832
160634.0,0.00326839
160700.0,0.0040017
160759.0,0.00492401
160812.0,0.00606235
160858.0,0.00742713
160901.0,0.00916991
160941.0,0.0113243
160979.0,0.0141609
161017.0,0.0178808
161057.0,0.0232027
161114.0,0.0329922
161161.0,0.0406059
161187.0,0.0429013
161200.0,0.0432048
161224.0,0.0421666
161254.0,0.0384325
161339.0,0.0237203
161379.0,0.0183741
161416.0,0.0145199
161454.0,0.0116407
161496.0,0.00925651
161540.0,0.0074449
161591.0,0.00594272
161644.0,0.00482186
161696.0,0.0039983
161762.0,0.00324697
161841.0,0.00261102
161920.0,0.00216043
162012.0,0.00178444
162117.0,0.0014793
162245.0,0.00122243
162403.0,0.00100592
162584.0,8.41304E-4
162764.0,7.28801E-4
163005.0,6.27018E-4
163245.0,5.59292E-4
163606.0,4.98885E-4
163851.0,4.83789E-4
164057.0,5.02738E-4
164133.0,5.25946E-4
164208.0,5.68718E-4
164264.0,6.25255E-4
164306.0,6.93781E-4
164346.0,7.94014E-4
164378.0,9.17236E-4
164404.0,0.0010615
164426.0,0.0012471
164447.0,0.00150932
164465.0,0.00184204
164479.0,0.00220423
164492.0,0.00271486
164503.0,0.00331172
164512.0,0.00400234
164520.0,0.00481934
164528.0,0.00591267
164533.0,0.00710803
164539.0,0.00873397
164544.0,0.0106616
164547.0,0.0129338
164551.0,0.0160516
164554.0,0.0198484
164557.0,0.0245445
164560.0,0.030916
164563.0,0.0388678
164565.0,0.0487299
164569.0,0.0641752
164572.0,0.0851936
164576.0,0.117123
164580.0,0.168219
164590.0,0.28679
164595.0,0.324656
164599.0,0.340556
164600.0,0.340894
164604.0,0.332008
164607.0,0.306415
164614.0,0.239901
164621.0,0.14721
164626.0,0.105681
164629.0,0.0805458
164632.0,0.0612908
164635.0,0.0465521
164638.0,0.0357697
164641.0,0.0281283
164644.0,0.023034
164647.0,0.0183316
164650.0,0.0151893
164654.0,0.0122474
164657.0,0.0101678
164662.0,0.00837215
164668.0,0.00678877
164675.0,0.00547592
164683.0,0.00445682
164692.0,0.00365968
164702.0,0.00299744
164713.0,0.00246293
164727.0,0.00202526
164741.0,0.00169232
164759.0,0.0014087
164779.0,0.00117918
164801.0,0.00100487
164833.0,8.3895E-4
164865.0,7.26054E-4
164907.0,6.28596E-4
164963.0,5.46913E-4
165019.0,4.94157E-4
165118.0,4.38617E-4
165245.0,3.99055E-4
165395.0,3.71829E-4
165695.0,3.42281E-4
166295.0,3.14933E-4
167346.0,2.97837E-4
167646.0,2.96656E-4
168697.0,3.05728E-4
169597.0,3.33015E-4
170347.0,3.77565E-4
170948.0,4.37215E-4
171473.0,5.1873E-4
171923.0,6.24826E-4
172298.0,7.5489E-4
172636.0,9.24091E-4
172936.0,0.00113968
173199.0,0.00140624
173424.0,0.0017233
173649.0,0.00216279
173837.0,0.00266503
174024.0,0.00333518
174231.0,0.00433555
174460.0,0.00580395
174767.0,0.00797758
174925.0,0.00863515
174997.0,0.00871467
175120.0,0.00849044
175278.0,0.00766113
175690.0,0.00474861
175900.0,0.00361713
176088.0,0.00286558
176276.0,0.00230244
176501.0,0.00181098
176726.0,0.0014575
176989.0,0.00116164
177251.0,9.4834E-4
177551.0,7.71862E-4
177852.0,6.42911E-4
178227.0,5.25596E-4
178677.0,4.26308E-4
179202.0,3.46043E-4
179803.0,2.82765E-4
180403.0,2.38202E-4
181153.0,1.98788E-4
182054.0,1.65683E-4
183104.0,1.3892E-4
184455.0,1.1555E-4
185881.0,9.86211E-5
187757.0,8.28453E-5
190008.0,6.99157E-5
193010.0,5.81489E-5
196762.0,4.82987E-5
200514.0,4.15859E-5
205017.0,3.6229E-5
209198.0,3.35814E-5
210711.0,3.33485E-5
213132.0,3.45504E-5
214645.0,3.73209E-5
215704.0,4.14162E-5
216461.0,4.64708E-5
217066.0,5.29794E-5
217611.0,6.21928E-5
218034.0,7.32295E-5
218398.0,8.72757E-5
218700.0,1.0428E-4
218972.0,1.26443E-4
219215.0,1.55016E-4
219426.0,1.91089E-4
219608.0,2.35179E-4
219759.0,2.8666E-4
219911.0,3.59053E-4
220032.0,4.40165E-4
220153.0,5.53287E-4
220259.0,6.92442E-4
220349.0,8.56902E-4
220440.0,0.00108355
220516.0,0.00134101
220591.0,0.00168611
220667.0,0.00214758
220750.0,0.00281469
220906.0,0.00429369
220952.0,0.00458281
220999.0,0.00469617
221061.0,0.00451541
221142.0,0.00385202
221277.0,0.00256659
221356.0,0.00199003
221424.0,0.00160497
221499.0,0.00128082
221575.0,0.00103862
221666.0,8.24733E-4
221757.0,6.68897E-4
221862.0,5.36459E-4
221984.0,4.28284E-4
222120.0,3.42197E-4
222271.0,2.7476E-4
222422.0,2.26425E-4
222604.0,1.84755E-4
222816.0,1.50332E-4
223058.0,1.22933E-4
223300.0,1.03509E-4
223602.0,8.63199E-5
223966.0,7.20583E-5
224389.0,6.07786E-5
224873.0,5.2128E-5
225364.0,4.61268E-5
225998.0,4.08376E-5
226823.0,3.65464E-5
227799.0,3.3177E-5
229299.0,3.05608E-5
231399.0,2.93406E-5
231699.0,2.93362E-5
234099.0,3.06629E-5
235899.0,3.35091E-5
237399.0,3.7729E-5
238749.0,4.40554E-5
239874.0,5.23827E-5
240775.0,6.25095E-5
241525.0,7.48086E-5
242200.0,9.06553E-5
242800.0,1.10774E-4
243325.0,1.3567E-4
243775.0,1.65121E-4
244225.0,2.0581E-4
244600.0,2.51944E-4
244975.0,3.14409E-4
245350.0,3.97595E-4
245770.0,5.21467E-4
246520.0,7.84893E-4
246820.0,8.50697E-4
246991.0,8.61602E-4
247300.0,8.26297E-4
247675.0,7.13563E-4
248350.0,4.76621E-4
248763.0,3.65757E-4
249100.0,2.96804E-4
249475.0,2.3924E-4
249850.0,1.95956E-4
250300.0,1.57908E-4
250825.0,1.26372E-4
251350.0,1.03811E-4
251950.0,8.53402E-5
252700.0,6.92102E-5
253526.0,5.70488E-5
254501.0,4.72281E-5
255701.0,3.91952E-5
257051.0,3.32764E-5
258701.0,2.85969E-5
260801.0,2.48603E-5
263501.0,2.20914E-5
266548.0,2.04309E-5
271095.0,1.93962E-5
272896.0,1.93321E-5
278296.0,2.00027E-5
283696.0,2.19521E-5
289097.0,2.55715E-5
293147.0,2.99973E-5
296748.0,3.59373E-5
299898.0,4.3642E-5
302598.0,5.33581E-5
304848.0,6.49727E-5
306874.0,7.97982E-5
308674.0,9.83526E-5
310249.0,1.2093E-4
311599.0,1.47496E-4
312949.0,1.83878E-4
314299.0,2.34723E-4
315424.0,2.93273E-4
316550.0,3.70634E-4
317810.0,4.85295E-4
320150.0,7.33828E-4
321140.0,7.90649E-4
321455.0,7.94526E-4
322310.0,7.67323E-4
323480.0,6.62873E-4
325550.0,4.40308E-4
326675.0,3.46498E-4
327801.0,2.74759E-4
328926.0,2.2199E-4
330051.0,1.82359E-4
331401.0,1.47825E-4
332751.0,1.22952E-4
334326.0,1.0225E-4
336126.0,8.58234E-5
338152.0,7.34908E-5
340627.0,6.43164E-5
343462.0,5.91557E-5
345523.0,5.81869E-5
348548.0,6.06362E-5
351299.0,6.73159E-5
353774.0,7.82352E-5
355974.0,9.36552E-5
357899.0,1.13819E-4
359687.0,1.41234E-4
361199.0,1.74031E-4
362712.0,2.19652E-4
364225.0,2.82413E-4
365930.0,3.77332E-4
368350.0,5.26401E-4
369560.0,5.6645E-4
369940.0,5.69103E-4
370990.0,5.49539E-4
372420.0,4.75175E-4
374950.0,3.17598E-4
376325.0,2.51954E-4
377701.0,2.02888E-4
379076.0,1.69271E-4
380176.0,1.5229E-4
381138.0,1.46052E-4
381551.0,1.47416E-4
382238.0,1.59207E-4
382651.0,1.75933E-4
382995.0,2.02608E-4
383270.0,2.36258E-4
383476.0,2.75899E-4
383648.0,3.25382E-4
383777.0,3.76705E-4
383931.0,4.62955E-4
384060.0,5.70908E-4
384164.0,6.9432E-4
384256.0,8.51402E-4
384336.0,0.00103992
384404.0,0.00125905
384470.0,0.00153891
384533.0,0.00192274
384589.0,0.00240316
384639.0,0.00298277
384684.0,0.00371222
384724.0,0.00457621
384762.0,0.00570844
384800.0,0.00719138
384840.0,0.00931824
384882.0,0.0122052
384955.0,0.0177292
384985.0,0.0190099
385000.0,0.0191814
385030.0,0.0185054
385069.0,0.0160596
385144.0,0.0103418
385184.0,0.00795315
385222.0,0.00627708
385259.0,0.0050233
385302.0,0.00398344
385344.0,0.00322086
385395.0,0.00255514
385451.0,0.00202815
385511.0,0.00162698
385577.0,0.00131186
385645.0,0.00107627
385730.0,8.64043E-4
385820.0,7.0316E-4
385910.0,5.85684E-4
386023.0,4.79155E-4
386158.0,3.88935E-4
386316.0,3.15762E-4
386474.0,2.64291E-4
386655.0,2.22085E-4
386880.0,1.84959E-4
387106.0,1.58748E-4
387407.0,1.34083E-4
387783.0,1.13191E-4
388234.0,9.63185E-5
388760.0,8.30318E-5
389512.0,7.05199E-5
390375.0,6.15148E-5
390936.0,5.65154E-5
392416.0,4.78212E-5
394267.0,4.08041E-5
396117.0,3.58467E-5
399077.0,3.03863E-5
402777.0,2.60491E-5
407218.0,2.30637E-5
411658.0,2.16684E-5
413878.0,2.14757E-5
418170.0,2.21183E-5
422019.0,2.42242E-5
424683.0,2.70836E-5
427051.0,3.14112E-5
428827.0,3.66614E-5
430307.0,4.34459E-5
431491.0,5.16712E-5
432528.0,6.24666E-5
433268.0,7.36405E-5
434008.0,8.96163E-5
434600.0,1.07952E-4
435118.0,1.30485E-4
435562.0,1.57078E-4
436006.0,1.93725E-4
436376.0,2.35046E-4
436820.0,3.02433E-4
437308.0,4.01661E-4
437886.0,5.26997E-4
438152.0,5.63058E-4
438359.0,5.71989E-4
438714.0,5.47628E-4
439602.0,4.1185E-4
439928.0,3.80901E-4
440317.0,3.67049E-4
440668.0,3.78374E-4
440964.0,4.07732E-4
441260.0,4.60265E-4
441556.0,5.44849E-4
441814.0,6.56378E-4
442037.0,7.95362E-4
442234.0,9.6596E-4
442431.0,0.0012
442622.0,0.00150988
442825.0,0.0019481
443275.0,0.00317711
443425.0,0.00341933
443498.0,0.00345112
443635.0,0.00334193
443826.0,0.00290651
444179.0,0.00191588
444382.0,0.00147515
444579.0,0.00115456
444776.0,9.18455E-4
445001.0,7.23188E-4
445226.0,5.82637E-4
445451.0,4.79274E-4
445732.0,3.85236E-4
446014.0,3.1733E-4
446352.0,2.5838E-4
446746.0,2.09772E-4
447196.0,1.70978E-4
447702.0,1.40676E-4
448303.0,1.15967E-4
448903.0,9.88639E-5
449653.0,8.41266E-5
450554.0,7.2314E-5
451755.0,6.25688E-5
453105.0,5.63499E-5
454756.0,5.27533E-5
456257.0,5.18923E-5
458508.0,5.36387E-5
461111.0,5.95883E-5
463478.0,6.90107E-5
465531.0,8.15378E-5
467407.0,9.88278E-5
468815.0,1.18203E-4
469988.0,1.42233E-4
470926.0,1.71372E-4
471630.0,2.04153E-4
472216.0,2.45254E-4
472627.0,2.8711E-4
472978.0,3.37597E-4
473330.0,4.10372E-4
473594.0,4.88808E-4
473858.0,6.00759E-4
474078.0,7.34885E-4
474276.0,9.05791E-4
474452.0,0.00111882
474606.0,0.00137475
474760.0,0.00172223
474914.0,0.00218918
475101.0,0.00293693
475324.0,0.00388361
475436.0,0.0041692
475500.0,0.00421653
475582.0,0.00413915
475699.0,0.00379992
476043.0,0.00236126
476197.0,0.00186455
476350.0,0.00149324
476503.0,0.0012215
476700.0,9.74971E-4
476918.0,7.89788E-4
477137.0,6.63314E-4
477400.0,5.5841E-4
477662.0,4.88439E-4
478100.0,4.1632E-4
478625.0,3.68291E-4
479325.0,3.37198E-4
480462.0,3.19836E-4
484050.0,3.0373E-4
486938.0,2.75621E-4
487025.0,2.75466E-4
487725.0,2.82433E-4
488075.0,2.95023E-4
488425.0,3.18614E-4
488688.0,3.54828E-4
488863.0,3.93485E-4
488994.0,4.34651E-4
489169.0,5.13707E-4
489300.0,6.05123E-4
489432.0,7.38867E-4
489541.0,8.94072E-4
489688.0,0.00117747
489883.0,0.00160805
489967.0,0.0017061
489998.0,0.00171491
490075.0,0.00166591
490186.0,0.00146136
490387.0,0.0010055
490512.0,7.93216E-4
490642.0,6.33726E-4
490773.0,5.225E-4
490929.0,4.31026E-4
491086.0,3.68608E-4
491295.0,3.12533E-4
491556.0,2.67503E-4
491817.0,2.37961E-4
492172.0,2.11296E-4
492673.0,1.87434E-4
493508.0,1.64192E-4
494677.0,1.46541E-4
495972.0,1.37232E-4
496891.0,1.3533E-4
498144.0,1.39786E-4
499188.0,1.51145E-4
499914.0,1.65789E-4
499932.0,1.71037E-4
499941.0,1.81788E-4
499949.0,2.02039E-4
499955.0,2.3118E-4
499961.0,2.77376E-4
499967.0,3.36152E-4
499973.0,4.28625E-4
499980.0,5.68242E-4
499988.0,7.87924E-4
500015.0,0.00159509
500027.0,0.00185917
500042.0,0.00203905
500060.0,0.00210955
500143.0,0.00212351
600000.0,0.00210238
900000.0,0.00217232
1000000.0,0.00222343
1170010.0,0.00184253
1200000.0,0.00178569
1270810.0,0.0014305
1346570.0,0.00114342
1400000.0,9.83644E-4
1600000.0,8.75627E-4
2000000.0,8.49799E-4
2200000.0,8.65587E-4
2400000.0,7.77162E-4
2800000.0,7.04111E-4
3200000.0,6.87416E-4
3400000.0,6.56601E-4
3874520.0,5.30093E-4
4000000.0,5.03632E-4
4200000.0,4.99776E-4
4500000.0,4.5478E-4
5100000.0,4.04393E-4
6000000.0,3.74198E-4
6200000.0,3.70615E-4
6400000.0,3.71076E-4
6800000.0,3.67536E-4
7300000.0,3.72734E-4
7900000.0,3.84473E-4
8500000.0,4.09855E-4
9250000.0,4.64862E-4
9750000.0,5.17254E-4
1.04364E7,6.15577E-4
1.13729E7,8.00099E-4
1.35E7,0.00128266
1.45E7,0.00144869
1.6E7,0.00153989
1.7E7,0.00155103
1.83087E7,0.00146577
1.92468E7,0.001351
1.99996E7,0.00122836
1.99998E7,0.00105148
1.99998E7,0.00117456
1.99999E7,8.70121E-4
2.00001E7,2.59503E-4
2.00001E7,3.74291E-4
2.00002E7,7.55417E-5
2.00002E7,1.02112E-4
2.00002E7,1.37743E-4
2.00002E7,1.88596E-4
2.00003E7,1.71923E-5
2.00003E7,2.32796E-5
2.00003E7,3.11117E-5
2.00003E7,4.21216E-5
2.00003E7,5.61515E-5
2.00004E7,2.38685E-6
2.00004E7,3.11134E-6
2.00004E7,4.18201E-6
2.00004E7,5.573E-6
2.00004E7,7.36332E-6
2.00004E7,9.66341E-6
2.00004E7,1.29694E-5
2.00005E7,2.68532E-7
2.00005E7,3.51441E-7
2.00005E7,4.58786E-7
2.00005E7,5.95952E-7
2.00005E7,7.703E-7
2.00005E7,1.03345E-6
2.00005E7,1.37418E-6
2.00005E7,1.81519E-6
2.00006E7,2.12216E-8
2.00006E7,2.83461E-8
2.00006E7,3.75977E-8
2.00006E7,4.97955E-8
2.00006E7,6.56706E-8
2.00006E7,8.62394E-8
2.00006E7,1.15125E-7
2.00006E7,1.53319E-7
2.00006E7,2.03165E-7
2.00007E7,1.06259E-9
2.00007E7,1.39636E-9
2.00007E7,1.82381E-9
2.00007E7,2.36788E-9
2.00007E7,3.07519E-9
2.00007E7,4.09351E-9
2.00007E7,5.42999E-9
2.00007E7,7.19909E-9
2.00007E7,9.4547E-9
2.00007E7,1.24468E-8
2.00007E7,1.62808E-8
2.00008E7,3.0262E-11
2.00008E7,8.8256E-11
2.00008E7,9.4041E-11
2.00008E7,1.1814E-10
2.00008E7,1.534E-10
2.00008E7,1.9871E-10
2.00008E7,2.6481E-10
2.00008E7,3.507E-10
2.00008E7,4.6624E-10
2.00008E7,6.1397E-10
2.00008E7,8.0887E-10
2.0001E7,2.8852E-13
2.00019E7,0.0
2.0E8,0.0

