26-Fe-58(n,&gamma;) ENDF/B-VII.1
1.0E-5,58.3669
1.30374E-5,51.1173
1.71104E-5,44.6199
2.22778E-5,39.1037
2.92376E-5,34.1331
3.80674E-5,29.9131
4.996E-5,26.1104
6.50481E-5,22.8819
8.53698E-5,19.9728
1.11152E-4,17.5028
1.45877E-4,15.277
1.89932E-4,13.3873
2.49268E-4,11.6844
3.24548E-4,10.2385
4.2594E-4,8.93561
5.54575E-4,7.82935
7.2783E-4,6.83252
9.47636E-4,5.9862
0.00124369,5.22367
0.00161928,4.57636
0.00212517,3.99319
0.00276697,3.49824
0.0036314,3.0524
0.00472809,2.67398
0.0062052,2.33307
0.00807918,2.04396
0.0106032,1.78352
0.0138054,1.56187
0.0181183,1.36322
0.0244451,1.17388
0.0253,1.1538
0.033204,1.00684
0.0432317,0.884079
0.0567377,0.77126
0.0738726,0.675302
0.0969512,0.591381
0.126231,0.5173
0.165666,0.451071
0.215698,0.396368
0.283085,0.34567
0.368577,0.302838
0.526803,0.253739
0.691383,0.221258
0.988188,0.1853
1.28662,0.162476
1.83397,0.136092
2.368,0.119696
3.08314,0.105489
3.99108,0.0925102
5.30286,0.0801703
7.73887,0.0664369
9.92093,0.0587017
12.9687,0.0515988
16.2837,0.045927
21.2114,0.0401751
30.9555,0.0333207
39.9714,0.0293409
51.8747,0.0257832
69.0275,0.0223489
95.0874,0.0191489
129.75,0.0165675
165.84,0.0151197
177.87,0.0149802
193.91,0.0154122
201.93,0.0163559
206.943,0.0176454
210.551,0.0193233
213.158,0.0213108
215.564,0.0242228
217.569,0.0280688
219.173,0.0328568
220.577,0.0392483
221.579,0.0459401
222.607,0.05588
223.484,0.0684044
224.16,0.0822517
224.774,0.0999457
225.301,0.121193
225.764,0.147182
226.203,0.181598
226.592,0.224685
226.942,0.279917
227.228,0.343207
227.474,0.418558
227.684,0.507384
227.875,0.618301
228.055,0.766972
228.206,0.944396
228.336,1.16234
228.461,1.46035
228.574,1.84033
228.672,2.29196
228.777,2.95125
228.882,3.84398
228.986,5.0113
229.096,6.61039
229.228,9.03784
229.424,13.5329
229.679,19.6826
229.822,22.1887
229.978,23.4001
230.0,23.4177
230.152,22.4963
230.306,19.9649
230.742,9.65787
230.877,7.04991
230.99,5.3292
231.093,4.10647
231.198,3.1514
231.299,2.46388
231.401,1.95464
231.514,1.54404
231.629,1.24419
231.754,1.01143
231.905,0.81504
232.065,0.667802
232.246,0.549183
232.456,0.449631
232.712,0.363468
232.982,0.298162
233.308,0.241673
233.659,0.198017
234.085,0.160141
234.536,0.131572
235.063,0.107726
235.714,0.0870687
236.416,0.0716372
237.268,0.0586463
238.17,0.0490922
239.223,0.0413196
240.576,0.0345483
241.93,0.0299544
243.835,0.0256408
246.341,0.0220879
249.048,0.0197117
253.057,0.0176179
259.674,0.0158637
269.385,0.0148382
277.492,0.0145877
289.652,0.0148984
302.015,0.0160181
312.401,0.0181926
319.672,0.0210295
323.826,0.0235836
328.175,0.0273608
331.874,0.0322756
334.957,0.0382496
337.525,0.0453786
340.094,0.0556145
342.149,0.0674839
343.947,0.0821627
345.642,0.101751
347.081,0.125508
348.263,0.152709
349.341,0.186922
350.343,0.231066
351.242,0.286477
352.013,0.352374
352.732,0.43769
353.362,0.541981
353.914,0.669082
354.376,0.814793
354.839,1.01596
355.25,1.26754
355.594,1.56167
355.9,1.92404
356.162,2.35515
356.385,2.86431
356.565,3.42544
356.745,4.20497
356.904,5.18879
357.043,6.40076
357.166,7.895
357.274,9.658
357.377,11.8688
357.479,14.7502
357.582,18.472
357.693,23.6143
357.818,31.1734
357.961,42.1813
358.139,59.6354
358.62,114.982
358.817,130.679
359.0,135.82
359.156,131.974
359.339,118.801
359.622,87.356
359.899,55.4853
360.058,40.5209
360.197,30.1583
360.32,22.9832
360.436,17.7959
360.552,13.8527
360.67,10.8467
360.785,8.67439
360.901,7.06639
361.029,5.75581
361.178,4.66726
361.332,3.86263
361.517,3.16983
361.733,2.59397
361.964,2.14764
362.242,1.75692
362.596,1.401
362.956,1.14306
363.367,0.928827
363.816,0.758327
364.369,0.607503
364.985,0.487911
365.602,0.401361
366.411,0.319595
367.22,0.261054
368.119,0.213645
369.147,0.174314
370.354,0.141161
371.792,0.113327
373.18,0.0941935
374.978,0.0763801
376.827,0.0633605
379.088,0.0520719
381.451,0.0437308
384.122,0.0369511
387.359,0.0311562
391.058,0.0265527
397.014,0.0217575
402.971,0.018698
410.118,0.0162663
422.031,0.0139125
433.943,0.0124991
448.238,0.0114081
467.298,0.0105179
505.419,0.00949954
543.539,0.0088951
619.779,0.00813124
770.0,0.00722671
978.28,0.00644537
1186.56,0.00590981
1603.12,0.00519845
2207.12,0.00459536
2732.0,0.00427139
2782.25,0.00435556
2797.09,0.00458258
2803.52,0.00493397
2807.14,0.00541998
2809.15,0.00594657
2810.65,0.00661928
2811.96,0.00761074
2812.76,0.00862068
2813.37,0.00982062
2813.87,0.0114372
2814.27,0.0135273
2814.57,0.0159089
2814.87,0.0193993
2815.13,0.0235455
2815.38,0.029266
2815.63,0.0370991
2815.88,0.0476955
2816.14,0.0622103
2816.39,0.0807654
2816.67,0.107849
2816.99,0.146832
2817.33,0.200828
2817.73,0.279492
2818.95,0.563285
2819.5,0.65307
2819.98,0.682755
2820.0,0.682808
2820.44,0.659489
2820.9,0.590797
2821.66,0.42158
2822.33,0.267612
2822.73,0.190752
2823.07,0.138721
2823.36,0.104104
2823.64,0.0782203
2823.91,0.0594851
2824.17,0.0453753
2824.4,0.0362558
2824.66,0.0284149
2824.9,0.0231089
2825.18,0.0187531
2825.45,0.0157007
2825.8,0.0131142
2826.21,0.0111288
2826.7,0.00967511
2827.34,0.00847094
2828.34,0.00733045
2829.85,0.00635329
2831.51,0.00573686
2833.47,0.00530134
2836.08,0.00496021
2841.31,0.00462307
2846.53,0.00446633
2870.0,0.0042595
3037.78,0.00411676
4000.0,0.00384549
4755.34,0.0037883
5594.0,0.00393033
5871.42,0.00414467
5968.0,0.0043778
6023.0,0.00469033
6058.09,0.00509444
6086.8,0.00573653
6104.4,0.00645041
6119.8,0.00749331
6131.35,0.00878866
6140.7,0.0104511
6147.92,0.0124057
6154.11,0.0148999
6159.67,0.0182358
6164.01,0.022013
6168.06,0.0271302
6171.43,0.0332646
6174.32,0.0407243
6176.86,0.0499785
6179.27,0.0624293
6181.26,0.0771096
6182.95,0.0944554
6184.56,0.117919
6185.8,0.143067
6186.83,0.171531
6187.86,0.210923
6188.69,0.255457
6189.38,0.307627
6190.0,0.375106
6190.47,0.445354
6190.94,0.541436
6191.4,0.675266
6191.86,0.857004
6192.29,1.09688
6192.72,1.42408
6193.14,1.84866
6193.56,2.39511
6194.01,3.17304
6194.49,4.22997
6195.04,5.75165
6195.74,8.14797
6197.52,14.9382
6198.26,16.8841
6199.0,17.59
6199.65,17.045
6200.38,15.2835
6201.54,10.9387
6202.6,6.93598
6203.21,5.00453
6203.74,3.68491
6204.23,2.74777
6204.67,2.08704
6205.08,1.61212
6205.49,1.25167
6205.88,0.993616
6206.31,0.781926
6206.75,0.627785
6207.24,0.501722
6207.68,0.421993
6208.21,0.349863
6208.9,0.28506
6209.73,0.231691
6210.69,0.188545
6211.72,0.155602
6212.96,0.12705
6214.4,0.103191
6216.05,0.083739
6218.05,0.0671334
6220.04,0.0553047
6222.21,0.0459261
6225.14,0.0368967
6228.08,0.0304898
6231.42,0.0252209
6235.44,0.0207573
6239.8,0.017399
6245.83,0.0141821
6251.86,0.0119934
6259.9,0.0100356
6268.27,0.00868628
6281.67,0.00733702
6297.75,0.00638096
6324.54,0.00553157
6345.98,0.00516389
6388.86,0.00477804
6451.22,0.00454623
6575.94,0.00444363
6638.3,0.00443037
7074.83,0.00472267
7573.73,0.00540246
7947.9,0.00624561
8259.71,0.00731727
8509.15,0.00859728
8741.33,0.0103522
8933.21,0.0124571
9107.82,0.0152466
9257.49,0.018715
9382.21,0.0228342
9494.46,0.0280712
9594.24,0.0346344
9681.55,0.0426795
9756.38,0.0522596
9818.75,0.0631041
9881.11,0.0778809
9937.23,0.0962545
9987.12,0.11869
10030.8,0.145358
10074.4,0.181936
10111.8,0.224884
10149.3,0.283749
10180.4,0.350217
10211.6,0.439358
10242.8,0.558392
10277.1,0.73256
10350.1,1.1922
10376.0,1.28536
10387.5,1.29469
10409.9,1.25118
10443.6,1.07096
10498.5,0.716304
10532.8,0.544354
10560.8,0.437448
10592.0,0.347392
10623.2,0.280396
10654.4,0.229747
10691.8,0.184457
10735.5,0.146207
10779.1,0.118431
10829.0,0.0952679
10878.9,0.0782443
10941.3,0.062692
11003.6,0.0513912
11078.5,0.0415017
11165.8,0.0332768
11253.1,0.0273883
11352.8,0.0224299
11452.6,0.0187837
11577.3,0.0154289
11727.0,0.0125861
11901.6,0.0102785
12101.2,0.00844987
12313.2,0.00711105
12562.7,0.00599515
12874.5,0.00504272
13248.6,0.0042948
13747.5,0.00366165
14371.1,0.00318278
15244.2,0.00280227
16491.4,0.00252068
18112.8,0.0023588
18362.3,0.00235519
18549.4,0.00239509
18626.3,0.0025146
18655.3,0.00265451
18677.1,0.00291995
18688.0,0.00320273
18697.1,0.00362396
18703.4,0.00412828
18708.0,0.00470604
18711.6,0.00539949
18714.8,0.00630031
18717.5,0.00745616
18719.8,0.00891418
18721.2,0.0103395
18722.4,0.0119788
18723.4,0.0142052
18724.1,0.0166326
18724.8,0.0202574
18725.3,0.0241456
18725.8,0.0292986
18726.3,0.0363627
18726.8,0.0460286
18727.4,0.0591938
18727.9,0.0769846
18728.4,0.100785
18728.9,0.131398
18729.3,0.169061
18729.9,0.225837
18730.4,0.299349
18731.1,0.403564
18731.7,0.552773
18732.5,0.759415
18733.2,1.03829
18734.3,1.50764
18737.4,3.1071
18738.6,3.57835
18739.8,3.77086
18740.0,3.77506
18741.1,3.6426
18742.2,3.27318
18743.9,2.42428
18745.8,1.45863
18746.8,1.02048
18747.5,0.759259
18748.3,0.552725
18748.9,0.403585
18749.6,0.299423
18750.1,0.225927
18750.7,0.169154
18751.1,0.131488
18751.6,0.100282
18752.1,0.0766725
18752.7,0.059013
18753.2,0.0459321
18753.7,0.0363161
18754.1,0.0299591
18754.7,0.0241458
18755.3,0.0197624
18755.9,0.0166203
18756.7,0.0139746
18757.7,0.0119101
18758.9,0.0101453
18760.7,0.00856881
18763.1,0.00712973
18766.1,0.00600476
18769.5,0.00515503
18773.8,0.00445476
18779.5,0.00386526
18785.2,0.00349629
18795.6,0.00309138
18809.8,0.00280665
18828.8,0.00262503
18874.3,0.00245837
18980.4,0.00237296
19029.8,0.00236445
19181.8,0.00243262
19238.8,0.00258012
19267.3,0.00279693
19285.1,0.00311103
19297.6,0.0035438
19305.9,0.00406924
19311.7,0.00466891
19316.7,0.00546525
19320.9,0.00649913
19324.2,0.00776962
19326.8,0.00919018
19328.9,0.0108951
19330.7,0.0130834
19331.8,0.0150793
19332.8,0.0176332
19333.7,0.0209161
19334.4,0.02497
19335.1,0.0306763
19335.6,0.0378744
19336.1,0.0461134
19336.6,0.0571281
19337.1,0.0718034
19337.6,0.0912387
19338.2,0.119311
19338.7,0.15442
19339.2,0.199889
19339.7,0.258046
19340.3,0.345283
19340.9,0.460377
19341.5,0.61344
19342.2,0.82773
19343.1,1.15728
19344.2,1.67815
19347.4,3.50835
19348.6,4.0321
19349.8,4.24444
19350.0,4.24716
19351.1,4.10097
19352.3,3.69277
19354.1,2.70325
19355.9,1.64789
19356.9,1.16298
19357.8,0.837173
19358.5,0.605832
19359.2,0.451443
19359.8,0.333754
19360.4,0.252751
19360.9,0.190233
19361.5,0.143815
19362.0,0.109253
19362.5,0.0855014
19363.1,0.0659297
19363.6,0.0527229
19364.0,0.0428213
19364.6,0.0348754
19365.1,0.0288119
19365.9,0.0235267
19366.6,0.0199231
19367.3,0.0173855
19368.4,0.0146299
19369.7,0.0124609
19371.7,0.0103578
19374.1,0.00866197
19377.1,0.00719476
19380.9,0.00601558
19385.2,0.00512055
19391.1,0.00435027
19397.0,0.00385444
19404.8,0.00343403
19416.6,0.00306648
19432.3,0.00279605
19448.0,0.00264752
19479.4,0.00250301
19552.6,0.00237371
19834.4,0.00229698
21423.1,0.00226983
24908.3,0.00236854
25524.0,0.00247224
25709.9,0.00260797
25797.0,0.00277796
25849.3,0.00298735
25892.8,0.00331861
25919.0,0.00366908
25945.1,0.00426268
25962.5,0.0049226
25977.8,0.00583295
25988.7,0.00682313
25998.8,0.00819658
26006.5,0.00969725
26013.5,0.0116853
26019.9,0.0142595
26025.5,0.0175321
26030.1,0.0213451
26034.0,0.0259208
26037.5,0.0317294
26040.6,0.0386825
26043.2,0.0469194
26045.8,0.0581334
26047.9,0.0718186
26049.7,0.0871606
26051.1,0.104615
26052.6,0.128517
26053.9,0.15815
26055.2,0.198853
26056.4,0.251323
26057.7,0.324163
26059.0,0.420853
26060.4,0.565457
26062.0,0.772924
26066.5,1.44617
26068.3,1.63134
26070.0,1.69932
26071.7,1.63839
26073.5,1.44723
26078.3,0.721756
26079.9,0.534514
26081.2,0.406257
26082.5,0.313076
26083.8,0.243119
26085.0,0.191543
26086.3,0.152862
26087.7,0.123332
26089.2,0.100878
26090.9,0.0816297
26092.8,0.0668227
26095.0,0.054601
26097.5,0.044433
26100.5,0.0359918
26104.0,0.0290461
26107.8,0.0237411
26112.1,0.0194035
26117.4,0.0157362
26122.8,0.0130678
26129.2,0.0108602
26137.3,0.00890638
26146.2,0.00746334
26157.9,0.00620629
26168.7,0.00541376
26181.8,0.00475042
26199.2,0.0041611
26221.0,0.00369338
26255.9,0.00326035
26308.2,0.00293424
26395.3,0.00270129
26523.1,0.00257652
26927.1,0.00250459
27061.8,0.00250135
29351.5,0.00270022
31060.0,0.00298791
31292.0,0.00312416
31352.0,0.00325287
31392.1,0.00347006
31412.2,0.0037021
31428.9,0.00406684
31441.4,0.0045719
31450.4,0.00520237
31457.6,0.00604374
31462.4,0.00691771
31466.0,0.00786017
31469.6,0.00921361
31472.6,0.0108731
31475.2,0.0130365
31476.8,0.0150214
31478.2,0.0175717
31479.4,0.0208774
31480.4,0.0250129
31481.2,0.03012
31482.0,0.0364409
31482.8,0.0451827
31483.5,0.0572728
31484.2,0.0720052
31484.8,0.0915145
31485.5,0.117114
31486.2,0.150333
31486.9,0.194677
31487.7,0.260348
31488.5,0.345097
31489.4,0.467036
31490.3,0.620494
31491.4,0.865158
31492.9,1.26104
31496.6,2.36596
31498.3,2.71563
31499.8,2.85084
31500.0,2.85203
31501.4,2.75549
31502.8,2.49506
31505.0,1.89953
31507.6,1.10663
31508.9,0.790352
31510.0,0.565631
31511.0,0.414307
31511.8,0.306853
31512.6,0.231608
31513.3,0.180928
31514.1,0.137103
31514.8,0.104001
31515.4,0.0829714
31516.1,0.0666776
31516.8,0.0520132
31517.6,0.0413838
31518.3,0.0337017
31519.1,0.028138
31519.9,0.0234035
31521.0,0.0196399
31522.3,0.016607
31523.8,0.0141452
31526.1,0.0118551
31528.8,0.0100359
31532.2,0.0084896
31536.4,0.0072046
31540.7,0.00633584
31547.4,0.0054413
31554.9,0.00481975
31562.4,0.0044197
31577.3,0.00394476
31602.2,0.00357409
31622.1,0.00342449
31668.4,0.00326728
31826.5,0.003168
31852.8,0.00316632
33012.2,0.00344225
33904.5,0.00383208
34201.0,0.00415417
34328.1,0.00451259
34400.1,0.00495706
34442.4,0.00544483
34474.2,0.00605554
34500.7,0.00688323
34521.9,0.00794248
34540.4,0.00940301
34555.1,0.0112276
34567.0,0.0134589
34576.6,0.016126
34584.8,0.019369
34591.8,0.023299
34598.3,0.0285449
34604.3,0.0353744
34608.7,0.042561
34612.9,0.0519781
34617.1,0.064917
34620.4,0.0795802
34623.7,0.100119
34626.7,0.12591
34629.3,0.157104
34631.9,0.199615
34634.4,0.255575
34637.4,0.34181
34645.0,0.619107
34647.5,0.684035
34650.0,0.708799
34652.5,0.685361
34655.2,0.617331
34662.8,0.339023
34665.7,0.254803
34668.1,0.201075
34670.6,0.158952
34673.3,0.12674
34676.3,0.100733
34679.2,0.0819935
34682.8,0.0656671
34686.5,0.0536688
34690.9,0.0435897
34695.7,0.035626
34701.0,0.0293148
34707.7,0.0237877
34714.4,0.0198991
34723.3,0.016276
34733.7,0.0134286
34745.4,0.0112642
34760.0,0.00948606
34777.1,0.00814604
34798.2,0.00707869
34819.4,0.00639033
34851.2,0.00574293
34904.1,0.00516666
34980.4,0.00479346
35132.9,0.00455604
35259.9,0.00452253
35879.7,0.00478818
36655.0,0.00547276
36999.6,0.00603695
37171.9,0.00658744
37286.7,0.00730524
37351.3,0.00804409
37405.2,0.00909379
37448.2,0.0105375
37476.2,0.0120343
37499.2,0.0138846
37519.3,0.0162871
37536.5,0.0193314
37550.9,0.0230266
37563.8,0.0278207
37575.1,0.0338952
37584.9,0.0414548
37593.1,0.0503704
37600.8,0.062263
37607.1,0.0758078
37613.3,0.0947728
37618.4,0.115911
37623.4,0.145175
37627.7,0.179899
37631.6,0.223134
37635.7,0.28319
37639.7,0.364468
37644.2,0.483885
37653.3,0.771854
37657.1,0.854799
37660.0,0.874631
37663.4,0.844874
37667.2,0.755336
37676.9,0.448319
37681.0,0.346676
37685.0,0.269996
37688.9,0.215669
37693.2,0.171234
37697.8,0.137157
37702.8,0.110233
37708.4,0.0888828
37714.8,0.0713036
37721.8,0.0578585
37729.7,0.0471259
37739.0,0.0383236
37749.0,0.0316256
37759.8,0.0265533
37772.7,0.0222536
37787.8,0.0187754
37803.6,0.0162401
37826.5,0.0137624
37850.9,0.0120556
37889.7,0.0103977
37932.8,0.00933523
37997.4,0.00847584
38105.1,0.00786303
38291.7,0.00761342
38320.4,0.00761271
38779.8,0.00805683
39555.1,0.00954483
40325.7,0.011631
41177.6,0.0147373
41644.3,0.0171345
41788.2,0.0187757
41832.0,0.0200129
41864.9,0.0218486
41886.8,0.0242134
41901.2,0.0269234
41911.5,0.0300034
41921.8,0.0349087
41929.3,0.0406576
41935.5,0.0478597
41940.6,0.0569218
41944.6,0.0673949
41948.2,0.0810861
41951.2,0.0979706
41953.4,0.115457
41955.1,0.135132
41956.8,0.163423
41958.1,0.193816
41959.3,0.234525
41960.5,0.291939
41961.6,0.361709
41962.7,0.456518
41963.7,0.577465
41964.8,0.745621
41965.9,0.965928
41967.0,1.26357
41968.2,1.66475
41969.7,2.30331
41971.6,3.31886
41975.9,5.84854
41978.0,6.74352
41979.8,7.04185
41980.0,7.04476
41981.8,6.78877
41983.8,6.00567
41987.4,3.88692
41989.6,2.6235
41991.1,1.94655
41992.5,1.43042
41993.7,1.0612
41994.8,0.816558
41996.0,0.623986
41997.1,0.480698
41998.2,0.375713
41999.2,0.307715
42000.3,0.253297
42001.5,0.206169
42003.0,0.168151
42004.7,0.138741
42006.6,0.116245
42009.1,0.0964517
42011.9,0.0810143
42015.4,0.0677339
42019.7,0.0567648
42024.5,0.0484184
42030.3,0.0416366
42037.9,0.0357386
42046.6,0.0314507
42055.2,0.0286007
42072.4,0.0252472
42093.5,0.0230353
42124.2,0.0215363
42170.2,0.0206281
42262.2,0.0200701
43427.3,0.0231024
43734.0,0.0232931
44377.9,0.022355
45267.1,0.0189147
45819.1,0.016629
45865.1,0.0169193
45890.6,0.0177352
45903.3,0.0191727
45908.4,0.0204532
45912.2,0.022207
45914.7,0.0244305
45916.6,0.0275172
45918.2,0.0320456
45919.5,0.0379493
45920.6,0.0457384
45921.7,0.0567431
45922.7,0.0711897
45923.7,0.0909602
45924.7,0.117496
45925.7,0.152354
45926.8,0.202132
45928.0,0.269264
45929.4,0.370039
45931.0,0.515881
45936.0,1.04081
45937.9,1.18805
45939.8,1.24478
45940.0,1.24522
45941.9,1.19501
45943.8,1.05686
45947.4,0.681799
45949.7,0.447129
45951.3,0.3166
45952.6,0.233973
45953.7,0.177099
45954.8,0.133123
45955.8,0.104249
45956.7,0.082487
45957.6,0.0665682
45958.6,0.0528988
45959.7,0.0432348
45960.9,0.0357002
45962.1,0.0307288
45963.6,0.0267975
45965.4,0.0240112
45967.4,0.0221791
45971.6,0.0201086
45977.3,0.0186814
45988.6,0.017305
45999.9,0.0166481
46033.7,0.015872
46135.1,0.0150625
46885.9,0.0120571
47486.6,0.0101633
48087.2,0.00865058
48687.9,0.00745349
49438.7,0.00630896
50339.7,0.00528225
51448.0,0.00442514
52717.1,0.00378802
53656.3,0.00354751
53732.4,0.00354472
54113.1,0.00364918
54316.2,0.00391918
54417.7,0.00422939
54493.9,0.00464464
54557.3,0.00522982
54608.1,0.00600505
54646.2,0.00691998
54677.9,0.00806824
54703.3,0.00941093
54728.7,0.0113778
54747.7,0.013525
54765.5,0.0163821
54781.0,0.0199491
54794.3,0.0242731
54807.0,0.0301078
54817.5,0.0368871
54827.7,0.0461132
54836.7,0.0577249
54844.5,0.071604
54851.5,0.0886015
54858.1,0.110531
54865.1,0.14172
54872.2,0.184673
54882.2,0.262979
54890.9,0.330507
54895.9,0.355773
54899.9,0.362426
54906.1,0.34736
54912.8,0.303354
54926.5,0.193363
54933.4,0.149203
54940.3,0.11656
54947.4,0.0916526
54954.9,0.0728296
54962.5,0.0588637
54971.2,0.0472729
54981.2,0.0378233
54991.2,0.0310467
55001.2,0.0260418
55014.5,0.0211894
55028.5,0.0175726
55044.7,0.0145738
55063.7,0.0120882
55082.8,0.0103274
55108.1,0.00866666
55139.9,0.00727472
55177.9,0.00618425
55214.7,0.00547861
55275.7,0.00473079
55356.9,0.00414752
55458.4,0.00373655
55636.1,0.00336692
55940.7,0.00308647
56600.6,0.00284473
58149.0,0.00262079
59745.4,0.00253747
60712.6,0.00260248
61102.4,0.00275147
61303.2,0.0029501
61444.9,0.00324081
61551.2,0.00366359
61622.0,0.00416425
61666.3,0.00465111
61710.6,0.00538029
61747.5,0.00630416
61777.1,0.00739779
61805.1,0.00893206
61828.7,0.0108495
61848.7,0.0132007
61866.4,0.0162499
61881.9,0.020126
61894.3,0.0245372
61904.9,0.0297787
61915.0,0.0366411
61924.4,0.045756
61932.7,0.0571075
61939.8,0.0708136
61946.3,0.0884694
61951.4,0.107896
61956.3,0.132898
61961.0,0.166571
61965.1,0.20677
61968.7,0.255612
61972.3,0.322093
61975.9,0.412924
61979.5,0.532336
61983.6,0.714688
61992.9,1.20958
61996.0,1.32927
61999.7,1.39015
61999.9,1.39032
62003.8,1.33224
62007.6,1.17758
62017.1,0.672444
62021.0,0.510641
62024.5,0.396557
62028.2,0.308614
62031.8,0.245764
62035.4,0.199497
62039.6,0.160693
62044.3,0.128714
62049.3,0.104239
62055.2,0.0835547
62062.0,0.0667069
62069.1,0.0541665
62076.8,0.0443207
62086.2,0.0356396
62097.1,0.0285826
62109.0,0.0232124
62122.3,0.0189144
62138.0,0.0153995
62156.0,0.0125927
62176.4,0.0103801
62203.6,0.00841757
62228.0,0.00720727
62260.4,0.00609466
62301.0,0.00517817
62355.0,0.00441694
62419.9,0.00386205
62506.5,0.00342321
62614.6,0.0031165
62701.1,0.0029682
62960.7,0.00275041
63393.2,0.00263167
63652.8,0.00261789
64561.2,0.00271119
65210.1,0.00293573
65642.7,0.00325666
65967.1,0.00371262
66194.2,0.00426517
66356.5,0.00487943
66507.9,0.00573223
66637.6,0.00679427
66767.4,0.00829707
66905.8,0.0104931
67096.2,0.0139112
67200.9,0.0149387
67226.0,0.0149913
67316.8,0.0145069
67442.2,0.0125843
67630.4,0.00929224
67762.4,0.00756985
67892.1,0.00638521
68021.9,0.00560495
68140.9,0.00522838
68173.3,0.00520095
68238.2,0.00538872
68270.6,0.00574463
68295.0,0.00632286
68312.6,0.00708117
68326.8,0.00819582
68336.2,0.00940667
68344.5,0.0110654
68350.4,0.0128609
68355.1,0.0149201
68359.9,0.0179209
68363.5,0.0212997
68366.3,0.025236
68368.9,0.0303088
68371.0,0.0368087
68372.9,0.0450546
68374.4,0.0545145
68375.8,0.0676754
68377.3,0.086038
68378.7,0.108393
68380.1,0.140813
68381.5,0.184105
68383.0,0.240662
68384.6,0.321689
68386.3,0.431345
68388.4,0.60198
68395.0,1.23411
68397.6,1.40479
68400.0,1.46345
68402.4,1.4067
68405.0,1.24128
68412.0,0.575444
68414.1,0.406695
68415.9,0.300068
68417.4,0.227025
68418.9,0.170828
68420.3,0.132444
68421.6,0.103442
68422.9,0.0828787
68424.3,0.0666625
68425.7,0.0547361
68427.3,0.0447115
68429.1,0.0367519
68431.2,0.0305581
68433.5,0.0259227
68436.7,0.0214776
68440.0,0.0184622
68444.8,0.015457
68450.8,0.0130365
68456.7,0.0114638
68464.9,0.0101068
68474.5,0.00921129
68486.1,0.00877001
68489.9,0.00874336
68502.3,0.00905394
68511.6,0.00976396
68520.6,0.0110405
68528.0,0.0128092
68533.8,0.015046
68538.9,0.0180068
68542.8,0.0214629
68546.1,0.0257348
68548.7,0.0307616
68551.0,0.0371785
68553.0,0.0455971
68554.8,0.056355
68556.3,0.0682382
68557.9,0.0861157
68559.6,0.110518
68561.2,0.143328
68562.8,0.184532
68564.6,0.246589
68566.8,0.340585
68569.7,0.50146
68574.5,0.788163
68577.1,0.90055
68579.7,0.946633
68580.0,0.947036
68582.3,0.915918
68585.1,0.805973
68592.5,0.377738
68594.7,0.272687
68596.5,0.206428
68598.2,0.155387
68599.7,0.12266
68601.3,0.0959427
68602.8,0.076005
68604.4,0.0612727
68606.0,0.0504139
68607.9,0.0406997
68609.8,0.0342767
68611.8,0.0289759
68614.5,0.0242853
68617.7,0.0202948
68621.2,0.0171622
68626.3,0.0141503
68631.6,0.0119942
68638.4,0.0100906
68647.4,0.00846566
68658.0,0.00724209
68670.7,0.00630801
68685.7,0.00560443
68705.3,0.005028
68731.4,0.00456271
68774.5,0.00413557
68856.7,0.00374567
68987.2,0.00346706
69249.7,0.0032174
69862.3,0.00299012
70737.3,0.00290442
72508.8,0.00300577
73049.8,0.00313732
73185.1,0.00328866
73259.8,0.00348374
73304.2,0.00380275
73326.3,0.00411965
73348.5,0.00469965
73362.0,0.00532587
73372.1,0.00607528
73381.3,0.00715927
73388.4,0.00845612
73394.3,0.0101054
73398.8,0.0120106
73402.6,0.0143669
73405.6,0.0172003
73407.9,0.0203681
73409.9,0.024536
73411.7,0.0299368
73413.2,0.0366194
73414.6,0.0455123
73416.0,0.0571079
73417.3,0.0729599
73418.6,0.0944267
73420.0,0.122066
73421.3,0.160679
73422.9,0.215802
73424.5,0.291918
73426.3,0.400837
73428.4,0.561026
73434.9,1.12082
73437.3,1.26921
73439.8,1.33104
73440.0,1.33135
73442.3,1.28603
73444.6,1.15963
73448.3,0.844513
73452.1,0.520548
73454.1,0.374355
73455.9,0.271028
73457.5,0.200582
73458.9,0.152846
73460.2,0.119046
73461.5,0.0913854
73462.9,0.0707092
73464.2,0.0554621
73465.6,0.0443171
73466.8,0.0366329
73468.3,0.0299505
73470.1,0.0245495
73472.1,0.0203813
73474.4,0.0172134
73477.4,0.0143801
73481.2,0.0120246
73485.7,0.0101204
73491.1,0.00858861
73497.8,0.00730448
73504.6,0.00643138
73514.6,0.00556225
73525.7,0.00495315
73544.6,0.00434155
73567.8,0.00393431
73598.7,0.00364912
73652.8,0.00342634
73789.3,0.00326302
74021.8,0.00322411
75840.5,0.00354356
77769.6,0.00409749
78809.9,0.00455207
79054.0,0.00485996
79120.3,0.0050887
79167.4,0.00541261
79198.8,0.00582014
79225.6,0.0064618
79242.3,0.00715481
79256.3,0.00808351
79267.8,0.00930711
79276.5,0.0107359
79283.5,0.0124225
79289.6,0.0145664
79294.8,0.0172308
79299.2,0.0204159
79303.2,0.0246237
79306.6,0.0297449
79309.4,0.0357122
79312.2,0.0436869
79314.8,0.0541141
79317.3,0.0677212
79320.1,0.0878326
79323.1,0.115979
79327.2,0.16584
79334.0,0.25507
79337.6,0.284565
79340.0,0.290391
79343.1,0.27989
79346.7,0.246568
79355.3,0.133141
79358.5,0.0997165
79361.3,0.0767034
79363.9,0.0604147
79366.5,0.0483271
79369.1,0.0394546
79372.3,0.0318411
79375.7,0.0261036
79379.1,0.022047
79383.4,0.0183823
79388.7,0.0153742
79394.6,0.013051
79402.4,0.011002
79411.9,0.00941715
79423.2,0.00820385
79438.4,0.0072101
79458.6,0.00644368
79490.0,0.00582241
79521.4,0.00550453
79591.1,0.00519633
79758.5,0.00504185
79786.4,0.00503994
80428.2,0.00529624
81973.3,0.00637198
83454.0,0.00786356
84840.4,0.00985404
86105.5,0.012375
87467.9,0.0160586
88242.5,0.018797
88337.4,0.0195782
88390.1,0.0208215
88415.4,0.0225233
88429.1,0.0245983
88437.0,0.0267957
88443.6,0.0298977
88448.9,0.0341479
88452.8,0.0394416
88456.0,0.0460529
88459.0,0.0556188
88461.6,0.0671724
88464.4,0.0849718
88467.3,0.110834
88470.8,0.150112
88478.7,0.256503
88481.8,0.286059
88485.0,0.296784
88487.2,0.291363
88490.8,0.262509
88496.7,0.184373
88501.0,0.128011
88504.1,0.0973809
88506.8,0.0771506
88509.4,0.0623403
88512.1,0.0518268
88515.1,0.0436102
88518.9,0.0370382
88523.1,0.0325741
88529.4,0.0286349
88535.7,0.0263218
88548.2,0.023799
88569.2,0.0219605
88608.7,0.0209085
88677.0,0.0204454
89587.3,0.0230135
90725.2,0.0256375
91594.6,0.0262519
91653.0,0.0267968
91679.3,0.0280178
91690.2,0.0296399
91694.6,0.031341
91697.9,0.0341835
91700.0,0.0378471
91701.7,0.0422918
91703.3,0.0489966
91705.0,0.0589656
91706.5,0.0720482
91708.0,0.0904898
91709.5,0.115474
91711.1,0.148405
91712.8,0.196506
91714.7,0.265055
91717.0,0.368262
91721.6,0.620577
91725.4,0.815158
91728.1,0.899949
91730.0,0.917119
91732.6,0.882129
91735.5,0.776136
91743.3,0.355617
91745.6,0.254417
91747.5,0.188909
91749.2,0.142326
91750.8,0.11002
91752.3,0.0858274
91753.7,0.0697276
91755.3,0.0567897
91756.9,0.0477973
91758.6,0.0413304
91760.7,0.0362804
91763.2,0.0328819
91766.5,0.030609
91771.5,0.029066
91782.9,0.027646
91811.1,0.0265327
93689.0,0.0209713
95700.3,0.0143556
96933.8,0.0112208
98013.1,0.00915447
99246.5,0.00741326
100880.0,0.0058063
102414.0,0.00479539
102781.0,0.00466423
102942.0,0.00477142
102998.0,0.00498679
103029.0,0.00527281
103053.0,0.00572963
103071.0,0.00643769
103081.0,0.00710246
103091.0,0.00818606
103098.0,0.00942449
103104.0,0.0110628
103108.0,0.0128769
103111.0,0.0150046
103113.0,0.0170348
103115.0,0.0199293
103117.0,0.0242001
103119.0,0.029366
103121.0,0.0366721
103122.0,0.0455096
103124.0,0.0573803
103125.0,0.0731797
103126.0,0.0938734
103128.0,0.121451
103130.0,0.160989
103131.0,0.216923
103134.0,0.295727
103136.0,0.421926
103144.0,0.877558
103147.0,1.00077
103150.0,1.04308
103150.0,1.04308
103153.0,1.00446
103156.0,0.890818
103161.0,0.603137
103165.0,0.38712
103167.0,0.280254
103169.0,0.203858
103171.0,0.153352
103172.0,0.115551
103174.0,0.0899433
103175.0,0.0701495
103177.0,0.0551045
103178.0,0.043798
103180.0,0.035403
103181.0,0.0292008
103183.0,0.0238621
103185.0,0.019622
103187.0,0.016714
103190.0,0.014177
103193.0,0.0120381
103198.0,0.0103424
103204.0,0.00889806
103212.0,0.00766241
103224.0,0.00664238
103237.0,0.00596665
103257.0,0.00539865
103285.0,0.00499536
103337.0,0.00465086
103482.0,0.00435477
103854.0,0.0041106
105820.0,0.00343443
108144.0,0.00294609
108917.0,0.002854
109098.0,0.00290527
109157.0,0.00304432
109186.0,0.00327641
109200.0,0.00354687
109210.0,0.00395678
109216.0,0.00433838
109219.0,0.00477251
109222.0,0.00531756
109224.0,0.00605823
109226.0,0.00697644
109227.0,0.00835719
109229.0,0.00998101
109230.0,0.0123418
109232.0,0.015633
109233.0,0.0201687
109235.0,0.026312
109236.0,0.0344936
109238.0,0.0451574
109239.0,0.0593474
109241.0,0.0800088
109243.0,0.108791
109245.0,0.152946
109249.0,0.235048
109254.0,0.357062
109257.0,0.408358
109260.0,0.423786
109263.0,0.406742
109266.0,0.354085
109274.0,0.160127
109277.0,0.114659
109279.0,0.0840973
109280.0,0.0625521
109282.0,0.0476911
109284.0,0.0360942
109285.0,0.0279147
109286.0,0.0217383
109288.0,0.0170698
109289.0,0.0135869
109290.0,0.0110242
109292.0,0.00893262
109294.0,0.00748601
109295.0,0.00628745
109298.0,0.0054053
109300.0,0.00482158
109305.0,0.00429559
109311.0,0.00387146
109321.0,0.00349635
109338.0,0.003207
109365.0,0.00300923
109422.0,0.00288013
109562.0,0.00279059
110669.0,0.0026955
111191.0,0.00276101
111440.0,0.00290102
111562.0,0.00309114
111639.0,0.00332581
111711.0,0.00374112
111756.0,0.00421164
111792.0,0.0048324
111819.0,0.00556603
111843.0,0.00654909
111863.0,0.0078348
111877.0,0.00914065
111891.0,0.0109644
111903.0,0.0132176
111914.0,0.0160638
111922.0,0.0193184
111930.0,0.0234313
111937.0,0.0288119
111943.0,0.0353656
111948.0,0.0428486
111953.0,0.0529246
111957.0,0.0649322
111960.0,0.0795968
111963.0,0.0967907
111966.0,0.121076
111968.0,0.148099
111970.0,0.184732
111972.0,0.234389
111975.0,0.297293
111977.0,0.389163
111979.0,0.515281
111982.0,0.69932
111986.0,1.00391
111993.0,1.622
111997.0,1.85454
112000.0,1.9326
112003.0,1.86286
112007.0,1.62286
112017.0,0.792521
112020.0,0.575467
112022.0,0.429123
112024.0,0.335064
112027.0,0.259155
112029.0,0.203121
112031.0,0.161654
112034.0,0.128516
112036.0,0.106539
112039.0,0.0865591
112042.0,0.0721802
112045.0,0.0596619
112049.0,0.0489338
112053.0,0.0406767
112059.0,0.0328777
112066.0,0.0265486
112073.0,0.0215791
112082.0,0.0174568
112093.0,0.0142542
112104.0,0.0116797
112118.0,0.00966363
112133.0,0.00810738
112149.0,0.00701635
112172.0,0.00588662
112199.0,0.00503577
112235.0,0.00432997
112280.0,0.00380424
112339.0,0.00341124
112416.0,0.00312596
112533.0,0.00290494
112705.0,0.00275967
113137.0,0.00264962
113569.0,0.00262706
114721.0,0.00271756
115873.0,0.00297989
116738.0,0.00335636
117438.0,0.00391254
117933.0,0.0045008
118429.0,0.00541112
118801.0,0.00639936
119111.0,0.00757824
119334.0,0.00879584
119444.0,0.00985407
119482.0,0.0105878
119505.0,0.0113612
119524.0,0.0125921
119537.0,0.0140392
119546.0,0.0159484
119553.0,0.0182875
119557.0,0.0209925
119560.0,0.0236711
119563.0,0.0277857
119565.0,0.033098
119567.0,0.0393098
119569.0,0.048087
119571.0,0.0602645
119573.0,0.076404
119575.0,0.0981548
119577.0,0.126866
119579.0,0.168799
119581.0,0.221786
119583.0,0.298828
119587.0,0.434272
119593.0,0.719733
119597.0,0.822892
119600.0,0.857191
119603.0,0.827979
119606.0,0.735365
119611.0,0.515918
119616.0,0.331324
119619.0,0.234907
119621.0,0.175929
119623.0,0.133626
119625.0,0.10384
119627.0,0.080107
119628.0,0.0626261
119630.0,0.0499818
119632.0,0.0409462
119634.0,0.033767
119637.0,0.0288837
119639.0,0.0248276
119643.0,0.0217265
119647.0,0.0191591
119653.0,0.016912
119660.0,0.015419
119672.0,0.0140246
119689.0,0.0129508
119717.0,0.0122523
119754.0,0.0120092
119889.0,0.0126674
120201.0,0.0156476
120730.0,0.0212336
120970.0,0.0225613
121042.0,0.0226602
121268.0,0.0220003
121594.0,0.0190554
122122.0,0.013229
122447.0,0.0104475
122771.0,0.0083717
123131.0,0.0067286
123376.0,0.00593077
123385.0,0.00602117
123389.0,0.00630172
123393.0,0.00683495
123395.0,0.00756712
123398.0,0.00871981
123400.0,0.010414
123403.0,0.0131778
123407.0,0.0178996
123414.0,0.0270691
123417.0,0.029874
123420.0,0.0306813
123423.0,0.029674
123427.0,0.0263343
123435.0,0.0144301
123439.0,0.011088
123441.0,0.00908043
123444.0,0.00778056
123446.0,0.00691883
123449.0,0.00638084
123452.0,0.00599034
123457.0,0.00576206
123493.0,0.0055885
123844.0,0.00474828
124323.0,0.00397406
124803.0,0.00343149
125448.0,0.00293153
126202.0,0.00255781
127183.0,0.00227448
128164.0,0.00215089
128315.0,0.00214764
128918.0,0.00220468
129296.0,0.00234531
129597.0,0.00259583
129786.0,0.0028846
129956.0,0.00332299
130069.0,0.00378693
130154.0,0.00428958
130239.0,0.00500816
130309.0,0.00587106
130374.0,0.00699895
130431.0,0.00840771
130476.0,0.00998763
130522.0,0.0121994
130561.0,0.0149489
130594.0,0.0181539
130627.0,0.0226523
130654.0,0.0277199
130677.0,0.0339685
130700.0,0.0423048
130720.0,0.0529588
130737.0,0.0652266
130754.0,0.0815011
130769.0,0.102666
130782.0,0.129641
130794.0,0.160445
130804.0,0.199604
130815.0,0.253094
130824.0,0.317316
130835.0,0.414152
130846.0,0.551355
130865.0,0.799908
130872.0,0.869928
130880.0,0.895763
130889.0,0.859577
130899.0,0.752017
130920.0,0.467117
130931.0,0.359384
130941.0,0.278888
130952.0,0.218433
130963.0,0.171859
130974.0,0.138079
130988.0,0.109552
131001.0,0.0888861
131016.0,0.0718767
131033.0,0.0578027
131050.0,0.0471573
131071.0,0.0380953
131093.0,0.0312158
131119.0,0.0251634
131150.0,0.0201523
131184.0,0.0162965
131220.0,0.0134287
131265.0,0.0108365
131308.0,0.00907656
131360.0,0.00756134
131413.0,0.00645324
131484.0,0.00539042
131568.0,0.00451753
131653.0,0.00391384
131767.0,0.00335973
131908.0,0.00290452
132106.0,0.00250948
132314.0,0.00225253
132615.0,0.00202554
133144.0,0.0018151
133973.0,0.00166753
134539.0,0.00163206
134972.0,0.00168246
135120.0,0.00176733
135210.0,0.00188087
135278.0,0.00204265
135334.0,0.00229036
135377.0,0.00262569
135408.0,0.00303935
135429.0,0.00346368
135449.0,0.00405309
135466.0,0.00480485
135478.0,0.00556447
135490.0,0.00666707
135501.0,0.00802021
135510.0,0.00975187
135518.0,0.0117483
135525.0,0.0143228
135531.0,0.0172701
135536.0,0.0206385
135540.0,0.0253264
135544.0,0.0305858
135548.0,0.0380062
135552.0,0.0475375
135554.0,0.0583268
135557.0,0.0729818
135560.0,0.0909282
135563.0,0.116943
135566.0,0.152208
135569.0,0.202951
135573.0,0.283316
135582.0,0.502388
135586.0,0.563004
135590.0,0.581807
135593.0,0.564566
135597.0,0.502844
135609.0,0.245349
135613.0,0.17949
135616.0,0.134129
135619.0,0.103926
135621.0,0.0811923
135624.0,0.0660411
135627.0,0.0532286
135630.0,0.0437744
135632.0,0.0363681
135636.0,0.0294454
135641.0,0.0238136
135645.0,0.0198114
135651.0,0.0161335
135657.0,0.0134963
135665.0,0.0109842
135674.0,0.00895437
135683.0,0.00750135
135695.0,0.00613385
135709.0,0.00512141
135726.0,0.00426038
135745.0,0.00359591
135767.0,0.00311602
135793.0,0.00272389
135824.0,0.00241651
135868.0,0.00214603
135925.0,0.00194414
136015.0,0.00177088
136156.0,0.00164381
136439.0,0.00154586
136901.0,0.00148919
139049.0,0.00141046
141685.0,0.00138253
142913.0,0.00142011
143300.0,0.00150006
143484.0,0.00161595
143599.0,0.00178327
143668.0,0.00197784
143720.0,0.00222712
143762.0,0.00255593
143793.0,0.00294389
143819.0,0.00343304
143843.0,0.00412864
143863.0,0.00501587
143877.0,0.005939
143891.0,0.00714276
143903.0,0.00872018
143913.0,0.0107375
143922.0,0.0129418
143930.0,0.0160489
143936.0,0.0194542
143942.0,0.0234602
143948.0,0.0290489
143952.0,0.0360013
143956.0,0.0441084
143960.0,0.0554416
143964.0,0.0689068
143967.0,0.0872198
143971.0,0.110026
143974.0,0.142018
143978.0,0.190456
143984.0,0.27653
143992.0,0.410118
143996.0,0.452997
144000.0,0.469523
144004.0,0.45311
144009.0,0.405912
144021.0,0.206018
144025.0,0.151669
144029.0,0.115496
144032.0,0.091398
144035.0,0.0731111
144039.0,0.0589522
144042.0,0.0481017
144046.0,0.0396736
144050.0,0.0321017
144056.0,0.0258678
144061.0,0.0211199
144067.0,0.0173642
144075.0,0.0140942
144083.0,0.0115665
144093.0,0.00947487
144103.0,0.00791093
144116.0,0.00650319
144131.0,0.00534892
144150.0,0.00440812
144169.0,0.00376451
144196.0,0.0031433
144227.0,0.0026859
144258.0,0.00238497
144304.0,0.00209898
144373.0,0.00185182
144442.0,0.00171162
144580.0,0.00156708
144737.0,0.00149209
145192.0,0.00142014
145879.0,0.00140299
147645.0,0.00145909
148823.0,0.00158052
149608.0,0.00175813
150148.0,0.00199325
150540.0,0.00229036
150834.0,0.00265157
151080.0,0.00311752
151276.0,0.00368425
151448.0,0.0044229
151590.0,0.00532397
151708.0,0.00639529
151811.0,0.00772141
151899.0,0.00930823
151980.0,0.0113305
152054.0,0.0139003
152115.0,0.0168742
152173.0,0.0207146
152228.0,0.0258723
152278.0,0.0324448
152321.0,0.0405619
152360.0,0.0508112
152395.0,0.0632711
152428.0,0.0799855
152457.0,0.100156
152484.0,0.126713
152509.0,0.158781
152533.0,0.20166
152559.0,0.260995
152615.0,0.422318
152634.0,0.462644
152650.0,0.473782
152666.0,0.462799
152685.0,0.422615
152743.0,0.25499
152770.0,0.19587
152794.0,0.154448
152819.0,0.12349
152846.0,0.0978268
152876.0,0.0779426
152905.0,0.0633605
152940.0,0.0508841
152979.0,0.0404866
153024.0,0.0323021
153068.0,0.0263272
153124.0,0.0210404
153185.0,0.0169032
153246.0,0.0139251
153320.0,0.0113515
153401.0,0.00932594
153504.0,0.00751695
153607.0,0.00625239
153739.0,0.00511821
153877.0,0.00430535
154024.0,0.00368983
154220.0,0.00312108
154466.0,0.00265308
154760.0,0.0022899
155152.0,0.00199077
155692.0,0.0017538
156477.0,0.00157599
157557.0,0.00147302
157876.0,0.0014658
158427.0,0.00150373
158694.0,0.00159271
158846.0,0.00171602
158947.0,0.00187517
159023.0,0.00208558
159087.0,0.00238354
159137.0,0.00278147
159175.0,0.00325643
159206.0,0.00383017
159231.0,0.00453903
159255.0,0.00551903
159272.0,0.00658674
159289.0,0.00799496
159304.0,0.00980513
159316.0,0.0120658
159327.0,0.0146165
159337.0,0.0180329
159345.0,0.0221069
159352.0,0.0270388
159359.0,0.0331494
159366.0,0.0416862
159371.0,0.0517035
159377.0,0.0643301
159382.0,0.0826649
159387.0,0.10546
159393.0,0.138996
159402.0,0.20514
159410.0,0.267621
159415.0,0.292471
159420.0,0.301024
159425.0,0.290564
159431.0,0.254539
159446.0,0.144013
159452.0,0.108805
159457.0,0.0856436
159462.0,0.0677618
159467.0,0.0535334
159473.0,0.042518
159479.0,0.0345668
159485.0,0.0283306
159493.0,0.0230407
159501.0,0.0186107
159511.0,0.0151194
159522.0,0.0123582
159533.0,0.0102366
159546.0,0.00845609
159563.0,0.00685589
159579.0,0.00584725
159600.0,0.00483332
159627.0,0.00399285
159655.0,0.00339191
159695.0,0.00284241
159741.0,0.00244652
159791.0,0.00216607
159867.0,0.00190997
159943.0,0.00175666
160061.0,0.00161697
160264.0,0.00149777
160703.0,0.00140238
161918.0,0.00134463
163015.0,0.00133724
165409.0,0.00138098
165742.0,0.00143331
165892.0,0.00151705
165963.0,0.00161327
166021.0,0.00178291
166056.0,0.00198352
166084.0,0.00226088
166100.0,0.00253984
166116.0,0.00293425
166129.0,0.00344149
166140.0,0.00407272
166148.0,0.00482671
166155.0,0.00574275
166162.0,0.0068791
166167.0,0.00837351
166172.0,0.0102256
166175.0,0.0122041
166178.0,0.0148784
166181.0,0.018253
166184.0,0.0229529
166186.0,0.028331
166189.0,0.0362426
166192.0,0.0467307
166195.0,0.0610059
166198.0,0.0831379
166203.0,0.120173
166212.0,0.200471
166215.0,0.224332
166219.0,0.235838
166220.0,0.236012
166224.0,0.228218
166228.0,0.203311
166236.0,0.133601
166241.0,0.0907338
166244.0,0.0669951
166247.0,0.0514218
166250.0,0.0398419
166252.0,0.0310296
166255.0,0.024529
166258.0,0.0198286
166261.0,0.0160161
166264.0,0.0132658
166267.0,0.0108754
166271.0,0.00918745
166276.0,0.00751514
166282.0,0.00627729
166289.0,0.00516204
166298.0,0.00427555
166307.0,0.00367446
166319.0,0.00313134
166333.0,0.00268868
166351.0,0.00234814
166372.0,0.00209371
166407.0,0.00184729
166449.0,0.00169231
166514.0,0.00157009
166564.0,0.00151976
166765.0,0.00144201
167167.0,0.00141696
169043.0,0.00148362
171053.0,0.00165351
172459.0,0.00188004
173531.0,0.0021801
174335.0,0.00254557
175005.0,0.00301734
175541.0,0.00358125
176010.0,0.00429398
176412.0,0.00516115
176814.0,0.00638234
177149.0,0.00778603
177511.0,0.00982295
177993.0,0.0134193
178476.0,0.0170097
178769.0,0.0179974
178824.0,0.0180139
179092.0,0.0173086
179427.0,0.0150695
180030.0,0.010357
180432.0,0.00796812
180834.0,0.00626123
181236.0,0.00506237
181638.0,0.004212
182107.0,0.00351315
182643.0,0.0029603
183313.0,0.00249804
184117.0,0.00214091
185122.0,0.00186624
186059.0,0.00172465
186361.0,0.00170699
186729.0,0.00175341
186897.0,0.00185672
186997.0,0.00199983
187073.0,0.00221415
187123.0,0.00247058
187161.0,0.0027783
187192.0,0.00317228
187219.0,0.00370369
187240.0,0.00431615
187261.0,0.00523111
187276.0,0.00619846
187289.0,0.00739011
187302.0,0.00901496
187312.0,0.0109883
187321.0,0.0133916
187329.0,0.0164239
187336.0,0.0201922
187342.0,0.025027
187348.0,0.0308642
187352.0,0.037786
187357.0,0.0465785
187361.0,0.0585045
187365.0,0.0752697
187370.0,0.0967653
187375.0,0.130727
187383.0,0.195101
187390.0,0.259611
187395.0,0.286057
187400.0,0.296015
187404.0,0.287631
187410.0,0.257734
187425.0,0.132379
187430.0,0.0989322
187435.0,0.0759202
187439.0,0.059486
187443.0,0.0471141
187448.0,0.0372423
187452.0,0.0307539
187458.0,0.0248042
187464.0,0.0199341
187472.0,0.0160644
187480.0,0.0130334
187488.0,0.010874
187499.0,0.00883505
187512.0,0.00720394
187525.0,0.00603176
187541.0,0.00506842
187559.0,0.00429048
187582.0,0.00362826
187610.0,0.00310276
187645.0,0.00267242
187694.0,0.00231128
187758.0,0.0020419
187841.0,0.00185134
187988.0,0.0016835
188233.0,0.00156533
188846.0,0.00146061
190855.0,0.00134908
194204.0,0.00127975
195035.0,0.00131286
195262.0,0.00138194
195363.0,0.00146937
195437.0,0.00160731
195483.0,0.00177564
195515.0,0.00197319
195541.0,0.00223265
195562.0,0.00257393
195580.0,0.00300596
195594.0,0.0035185
195605.0,0.00414433
195615.0,0.0049128
195624.0,0.0058901
195631.0,0.00706099
195637.0,0.00849685
195643.0,0.0103735
195647.0,0.0126838
195651.0,0.0151712
195654.0,0.0187012
195657.0,0.023239
195660.0,0.0288539
195663.0,0.0359841
195666.0,0.0466005
195668.0,0.0609352
195671.0,0.0783447
195674.0,0.105676
195678.0,0.143615
195683.0,0.213909
195691.0,0.327927
195696.0,0.370425
195700.0,0.386269
195700.0,0.386268
195704.0,0.37499
195708.0,0.335713
195715.0,0.237041
195721.0,0.155185
195725.0,0.112116
195728.0,0.0833327
195731.0,0.0637962
195734.0,0.0494052
195736.0,0.0389402
195739.0,0.031064
195742.0,0.0248531
195745.0,0.0198404
195748.0,0.0159596
195752.0,0.0132468
195756.0,0.0108552
195762.0,0.00883751
195767.0,0.00744237
195774.0,0.00625841
195782.0,0.0051647
195792.0,0.00429728
195804.0,0.00362251
195818.0,0.00307509
195834.0,0.00264807
195857.0,0.00225885
195885.0,0.00197391
195915.0,0.00178265
195949.0,0.00164289
196023.0,0.00148153
196106.0,0.00139432
196281.0,0.00131679
196838.0,0.00125958
200046.0,0.00122681
201789.0,0.00122202
204807.0,0.00125016
205326.0,0.00130067
205557.0,0.00138238
205667.0,0.00148079
205744.0,0.00162647
205796.0,0.00181294
205832.0,0.00203046
205859.0,0.00230454
205882.0,0.00266119
205901.0,0.00309946
205917.0,0.00368029
205931.0,0.00443407
205942.0,0.005319
205950.0,0.0063174
205958.0,0.00761183
205965.0,0.00910189
205971.0,0.0112203
205976.0,0.0135543
205981.0,0.0168251
205986.0,0.0206511
205990.0,0.0262705
205994.0,0.0327583
205998.0,0.0422193
206003.0,0.056635
206010.0,0.0817515
206020.0,0.118085
206025.0,0.130951
206030.0,0.135763
206035.0,0.131347
206040.0,0.119143
206050.0,0.0817035
206057.0,0.0566012
206062.0,0.0421933
206066.0,0.0327453
206070.0,0.0262654
206074.0,0.0206533
206079.0,0.0168317
206084.0,0.0135665
206089.0,0.0112362
206095.0,0.00912154
206103.0,0.00743003
206111.0,0.00619043
206121.0,0.00508356
206132.0,0.00432065
206145.0,0.00365804
206160.0,0.00312083
206179.0,0.00269837
206200.0,0.00237094
206228.0,0.00210999
206261.0,0.00191801
206313.0,0.0017544
206393.0,0.00166195
206422.0,0.00165718
206505.0,0.00170864
206581.0,0.001866
206630.0,0.00206711
206667.0,0.00231731
206697.0,0.00264361
206721.0,0.00303864
206745.0,0.00362796
206763.0,0.00428926
206779.0,0.00513991
206792.0,0.0061828
206803.0,0.00746245
206813.0,0.00906759
206821.0,0.0108936
206828.0,0.0131745
206835.0,0.0160715
206841.0,0.0195488
206846.0,0.0242129
206851.0,0.0295854
206855.0,0.0364942
206859.0,0.04613
206863.0,0.059341
206868.0,0.0774749
206872.0,0.103705
206878.0,0.140833
206890.0,0.241633
206895.0,0.266226
206900.0,0.276757
206905.0,0.267246
206910.0,0.236788
206925.0,0.124232
206929.0,0.0931762
206934.0,0.0715678
206938.0,0.0560623
206942.0,0.043726
206946.0,0.0353601
206950.0,0.0283919
206955.0,0.0233368
206960.0,0.0190211
206966.0,0.015688
206972.0,0.0128014
206981.0,0.0103191
206991.0,0.0083674
207002.0,0.00680301
207015.0,0.00555774
207031.0,0.00457636
207047.0,0.00386898
207066.0,0.0032838
207091.0,0.00278436
207121.0,0.00238668
207158.0,0.00208379
207206.0,0.00183627
207267.0,0.00165478
207348.0,0.00151695
207483.0,0.00140125
207721.0,0.00131799
208325.0,0.00126155
209005.0,0.00125099
209707.0,0.00127798
209904.0,0.00134213
209984.0,0.0014303
210027.0,0.00153981
210062.0,0.00171028
210083.0,0.00191047
210098.0,0.00212146
210112.0,0.0024553
210123.0,0.0028673
210130.0,0.00331209
210137.0,0.00383848
210141.0,0.00441898
210145.0,0.00511738
210148.0,0.00602269
210151.0,0.00716858
210154.0,0.00853364
210156.0,0.0104535
210158.0,0.0130101
210160.0,0.0163355
210162.0,0.0208342
210165.0,0.0268544
210167.0,0.0347842
210169.0,0.0456991
210171.0,0.0605388
210174.0,0.081414
210177.0,0.111425
210181.0,0.15765
210191.0,0.317878
210196.0,0.36202
210200.0,0.377115
210204.0,0.361863
210209.0,0.317586
210220.0,0.145797
210224.0,0.102107
210227.0,0.0752413
210229.0,0.0564936
210231.0,0.0432343
210234.0,0.0329853
210236.0,0.0256658
210238.0,0.0200786
210240.0,0.0158778
210242.0,0.0125985
210244.0,0.0103227
210247.0,0.00836329
210249.0,0.00699157
210252.0,0.00601674
210255.0,0.00511371
210259.0,0.0044075
210264.0,0.00375301
210272.0,0.00315511
210282.0,0.00266439
210294.0,0.00230146
210308.0,0.00202641
210326.0,0.00181475
210350.0,0.00164046
210382.0,0.00150965
210431.0,0.0014069
210534.0,0.00132167
210864.0,0.00126387
211897.0,0.00125225
216275.0,0.00131011
217191.0,0.00137901
217511.0,0.00146107
217692.0,0.00156858
217798.0,0.00168907
217878.0,0.0018414
217958.0,0.00210479
218011.0,0.00240424
218058.0,0.00282712
218093.0,0.00333956
218122.0,0.0039741
218146.0,0.00478277
218168.0,0.0058264
218186.0,0.00712096
218200.0,0.00855812
218214.0,0.0106047
218225.0,0.0129721
218236.0,0.0161355
218244.0,0.0196887
218253.0,0.0245718
218260.0,0.0305445
218266.0,0.0378551
218273.0,0.0473462
218279.0,0.0603641
218286.0,0.0786669
218294.0,0.108619
218307.0,0.156645
218315.0,0.175695
218320.0,0.179815
218327.0,0.172253
218334.0,0.151668
218352.0,0.087928
218359.0,0.0668733
218365.0,0.0522531
218372.0,0.0407357
218378.0,0.0326663
218385.0,0.0266127
218392.0,0.0216476
218401.0,0.0175526
218410.0,0.0143384
218421.0,0.011709
218433.0,0.0095243
218448.0,0.00771617
218464.0,0.00640943
218481.0,0.00535755
218503.0,0.00444903
218529.0,0.00372756
218559.0,0.00316257
218596.0,0.00269879
218639.0,0.00235379
218682.0,0.0021235
218762.0,0.00186225
218842.0,0.00171252
219002.0,0.00155759
219257.0,0.00145861
219768.0,0.00140811
219896.0,0.00140656
220597.0,0.00144959
220937.0,0.00153978
221118.0,0.00165934
221231.0,0.00180851
221316.0,0.00200932
221384.0,0.00228452
221436.0,0.00263677
221477.0,0.00308649
221511.0,0.00366356
221540.0,0.0043999
221561.0,0.00523801
221580.0,0.00626572
221597.0,0.00763017
221611.0,0.00918781
221624.0,0.0111932
221635.0,0.013702
221645.0,0.0167227
221654.0,0.0205519
221662.0,0.0250655
221669.0,0.0311479
221676.0,0.0388821
221683.0,0.0487192
221690.0,0.0624546
221697.0,0.0832839
221718.0,0.151458
221725.0,0.167089
221730.0,0.169639
221737.0,0.163265
221743.0,0.146898
221763.0,0.0814617
221771.0,0.0610699
221778.0,0.0476859
221784.0,0.0377615
221791.0,0.0303314
221799.0,0.0242012
221808.0,0.0194518
221817.0,0.0159317
221828.0,0.0128614
221840.0,0.0103604
221855.0,0.00843244
221870.0,0.00692803
221889.0,0.00571698
221911.0,0.00473324
221935.0,0.0039833
221963.0,0.00338969
221997.0,0.00291174
222035.0,0.00256044
222094.0,0.00221165
222166.0,0.00196026
222251.0,0.00178942
222364.0,0.00166053
222568.0,0.00154871
222976.0,0.00147235
223724.0,0.0014481
226445.0,0.00152432
227576.0,0.00162172
227908.0,0.00171312
228100.0,0.00184306
228216.0,0.00201471
228303.0,0.00227313
228361.0,0.00259476
228400.0,0.00294875
228434.0,0.00342816
228462.0,0.00407701
228485.0,0.00485066
228502.0,0.00574434
228517.0,0.00687695
228530.0,0.00825351
228542.0,0.00991856
228552.0,0.011995
228561.0,0.0147901
228569.0,0.0182633
228577.0,0.0226455
228583.0,0.0277157
228588.0,0.0344601
228594.0,0.0438147
228599.0,0.0551563
228605.0,0.0713827
228611.0,0.0947843
228629.0,0.174193
228635.0,0.193057
228640.0,0.197966
228645.0,0.192247
228652.0,0.171296
228670.0,0.0910759
228676.0,0.0678309
228682.0,0.0524734
228687.0,0.0419828
228692.0,0.0331451
228698.0,0.0271548
228704.0,0.0218835
228712.0,0.0177784
228720.0,0.0145231
228728.0,0.0120401
228738.0,0.00995439
228750.0,0.00823153
228763.0,0.00684825
228778.0,0.00575553
228797.0,0.00480401
228821.0,0.00401405
228848.0,0.00341578
228885.0,0.00291419
228929.0,0.00255252
228973.0,0.00232497
229060.0,0.00206692
229147.0,0.00193286
229338.0,0.00180102
229737.0,0.00172984
229970.0,0.00172372
231812.0,0.00182214
234753.0,0.00212942
237002.0,0.00250038
237810.0,0.00273955
238098.0,0.00292859
238271.0,0.00316951
238381.0,0.00347612
238456.0,0.00386111
238513.0,0.00437546
238554.0,0.00496142
238590.0,0.00578088
238618.0,0.0067936
238640.0,0.00790491
238660.0,0.00937832
238680.0,0.0115096
238697.0,0.0140065
238714.0,0.0176476
238731.0,0.0225005
238766.0,0.0351717
238777.0,0.03833
238790.0,0.039653
238803.0,0.0382929
238819.0,0.0333301
238849.0,0.0223614
238865.0,0.0178474
238881.0,0.0144746
238897.0,0.0119556
238914.0,0.00997519
238934.0,0.00834918
238957.0,0.00706571
238986.0,0.00599307
239021.0,0.00516709
239060.0,0.00457906
239115.0,0.00406151
239180.0,0.00372843
239290.0,0.00340961
239512.0,0.00318724
239881.0,0.00311951
241622.0,0.00336249
242315.0,0.00358347
242537.0,0.00382749
242638.0,0.00411268
242693.0,0.00437304
242749.0,0.00484514
242790.0,0.00546511
242818.0,0.00612683
242839.0,0.00687675
242859.0,0.00798218
242877.0,0.00936132
242893.0,0.0112952
242906.0,0.0136782
242917.0,0.0167015
242925.0,0.0199903
242934.0,0.024663
242940.0,0.0298633
242947.0,0.0365927
242953.0,0.0457632
242960.0,0.0589289
242967.0,0.0773776
242977.0,0.112852
242989.0,0.150467
242995.0,0.163044
243000.0,0.166877
243006.0,0.161829
243014.0,0.143274
243032.0,0.0796871
243039.0,0.0604471
243046.0,0.046737
243052.0,0.0375535
243059.0,0.0299396
243066.0,0.024422
243074.0,0.020252
243083.0,0.016779
243093.0,0.0139835
243106.0,0.0114984
243119.0,0.00972167
243133.0,0.00847695
243154.0,0.00718863
243179.0,0.00621064
243214.0,0.00537827
243254.0,0.00482955
243312.0,0.00436625
243401.0,0.00400745
243581.0,0.00372178
244022.0,0.00354227
247540.0,0.00307598
250650.0,0.0026627
252832.0,0.00254223
253559.0,0.00252779
254719.0,0.00261229
255042.0,0.00274633
255164.0,0.00288727
255251.0,0.00309588
255309.0,0.00336349
255359.0,0.00378881
255390.0,0.00425005
255415.0,0.00486908
255435.0,0.00560878
255452.0,0.00661381
255467.0,0.00789679
255479.0,0.00956569
255488.0,0.0113101
255496.0,0.0136177
255503.0,0.0163245
255509.0,0.019459
255514.0,0.0235327
255519.0,0.0286174
255524.0,0.0355696
255529.0,0.0454217
255534.0,0.0592578
255539.0,0.0787368
255547.0,0.111793
255558.0,0.170195
255564.0,0.189171
255570.0,0.197353
255570.0,0.197352
255576.0,0.189903
255582.0,0.166378
255598.0,0.0886559
255604.0,0.0658183
255609.0,0.050122
255614.0,0.0396668
255619.0,0.0315981
255624.0,0.0253117
255630.0,0.0203902
255636.0,0.0169138
255642.0,0.0142403
255650.0,0.0118582
255659.0,0.00987538
255670.0,0.00832599
255682.0,0.0071082
255697.0,0.00606965
255716.0,0.0051837
255739.0,0.00452945
255769.0,0.00399442
255814.0,0.00352893
255863.0,0.00324645
255965.0,0.00297246
256171.0,0.00279795
256513.0,0.00274302
257882.0,0.00290088
260401.0,0.00349005
262481.0,0.00395055
263357.0,0.00401023
265110.0,0.00385018
265383.0,0.00393837
265493.0,0.00410082
265575.0,0.00445463
265616.0,0.00485958
265650.0,0.00549409
265674.0,0.00629251
265691.0,0.00725237
265705.0,0.00846131
265715.0,0.00983368
265724.0,0.0115134
265731.0,0.0134487
265737.0,0.0162705
265742.0,0.019186
265748.0,0.0236934
265753.0,0.0295418
265757.0,0.0369895
265761.0,0.04743
265766.0,0.0614127
265771.0,0.082302
265778.0,0.115673
265788.0,0.174459
265794.0,0.19879
265799.0,0.207617
265800.0,0.207793
265805.0,0.201766
265810.0,0.183042
265820.0,0.131271
265828.0,0.0891364
265833.0,0.0668988
265837.0,0.0513346
265842.0,0.0399251
265846.0,0.0321661
265850.0,0.0259333
265855.0,0.0214336
265859.0,0.0181534
265865.0,0.0151945
265872.0,0.0126532
265880.0,0.0106064
265889.0,0.00911179
265902.0,0.00771143
265917.0,0.00663826
265936.0,0.00581782
265958.0,0.00519703
265994.0,0.00461732
266044.0,0.00418549
266095.0,0.00395183
266207.0,0.00369394
266513.0,0.00343134
267892.0,0.00293024
269604.0,0.00250228
270118.0,0.00244558
270439.0,0.0025051
270568.0,0.00260998
270664.0,0.0027828
270744.0,0.00307854
270792.0,0.00340309
270835.0,0.00389219
270863.0,0.00439987
270889.0,0.00511001
270910.0,0.00600668
270929.0,0.00718628
270943.0,0.00852181
270956.0,0.0101384
270968.0,0.0124102
270978.0,0.0152325
270986.0,0.0185072
270995.0,0.0229727
271002.0,0.0287702
271009.0,0.0357657
271015.0,0.0449565
271022.0,0.0583964
271031.0,0.0797545
271047.0,0.124562
271054.0,0.135944
271060.0,0.140086
271066.0,0.136297
271074.0,0.121982
271094.0,0.0663105
271101.0,0.0508158
271108.0,0.0400161
271115.0,0.0319143
271121.0,0.0259178
271128.0,0.0212353
271137.0,0.0171617
271145.0,0.0141373
271155.0,0.0118285
271167.0,0.00968744
271182.0,0.00792107
271197.0,0.0067112
271216.0,0.0056679
271238.0,0.00482611
271267.0,0.00412084
271298.0,0.00363766
271338.0,0.00322291
271402.0,0.00284108
271467.0,0.00262037
271595.0,0.00238428
271799.0,0.00221432
272315.0,0.00204376
273615.0,0.0018739
274163.0,0.00184903
274642.0,0.0018878
274902.0,0.00199489
275039.0,0.00213245
275138.0,0.00232157
275215.0,0.00258013
275282.0,0.00296749
275330.0,0.00342956
275364.0,0.00393091
275398.0,0.00467776
275428.0,0.00566878
275452.0,0.00686069
275473.0,0.00832066
275494.0,0.0103868
275514.0,0.0131769
275535.0,0.017054
275575.0,0.0263094
275589.0,0.0283331
275600.0,0.0288587
275610.0,0.028413
275627.0,0.0257312
275670.0,0.0158429
275691.0,0.0122301
275710.0,0.00979433
275731.0,0.00793147
275751.0,0.00660111
275775.0,0.00553196
275798.0,0.00476438
275831.0,0.00399456
275874.0,0.00335902
275925.0,0.00288511
275988.0,0.00252997
276065.0,0.00227301
276168.0,0.00207741
276339.0,0.00191799
276551.0,0.0018478
276627.0,0.00184478
276832.0,0.00190485
276961.0,0.00204384
277052.0,0.0022632
277111.0,0.00254605
277151.0,0.00285621
277188.0,0.00333899
277217.0,0.00391915
277240.0,0.00462522
277259.0,0.00552657
277275.0,0.00658958
277289.0,0.00795044
277300.0,0.00962211
277312.0,0.0118809
277320.0,0.0143778
277328.0,0.0174959
277336.0,0.0218815
277343.0,0.0270388
277349.0,0.0335101
277355.0,0.042776
277362.0,0.0556385
277369.0,0.0733982
277386.0,0.122744
277394.0,0.137932
277400.0,0.141784
277406.0,0.138299
277413.0,0.124946
277433.0,0.0665714
277441.0,0.0497646
277447.0,0.0387229
277453.0,0.0309242
277460.0,0.0249071
277467.0,0.0200978
277474.0,0.0166011
277482.0,0.0134565
277492.0,0.0109396
277503.0,0.00905533
277516.0,0.00742465
277532.0,0.00608861
277548.0,0.00512782
277567.0,0.00434933
277592.0,0.00366793
277617.0,0.00320902
277655.0,0.00275066
277696.0,0.00244177
277762.0,0.00214575
277838.0,0.0019532
277957.0,0.00179154
278156.0,0.00166614
278634.0,0.00155621
280107.0,0.00145786
281150.0,0.00143533
281610.0,0.00147246
281792.0,0.00156495
281875.0,0.00169227
281927.0,0.00186679
281960.0,0.00207463
281982.0,0.00229339
282003.0,0.00264114
282020.0,0.00306374
282033.0,0.00361758
282045.0,0.00433473
282053.0,0.00518059
282060.0,0.00610606
282065.0,0.00716854
282069.0,0.00844928
282074.0,0.0103639
282078.0,0.0125798
282081.0,0.0157164
282084.0,0.0190852
282087.0,0.0242151
282091.0,0.0311315
282094.0,0.0394565
282097.0,0.0526133
282101.0,0.071514
282106.0,0.101743
282119.0,0.191049
282124.0,0.217387
282129.0,0.228169
282130.0,0.228266
282135.0,0.221029
282140.0,0.195324
282150.0,0.124561
282156.0,0.0845685
282161.0,0.0620451
282164.0,0.0474713
282168.0,0.0359264
282170.0,0.0285321
282174.0,0.0224935
282177.0,0.0179799
282180.0,0.0142847
282183.0,0.0119028
282187.0,0.00976031
282191.0,0.00816343
282197.0,0.00679037
282202.0,0.00572798
282210.0,0.00486084
282218.0,0.0041184
282229.0,0.00351406
282242.0,0.00301457
282255.0,0.00267485
282274.0,0.00233644
282303.0,0.00203948
282336.0,0.00184112
282395.0,0.00165591
282473.0,0.00154269
282650.0,0.00144623
283134.0,0.00138689
285353.0,0.00133108
287090.0,0.00131795
288333.0,0.00135133
288660.0,0.00141067
288848.0,0.00150675
288963.0,0.00163963
289049.0,0.00184372
289106.0,0.00210035
289144.0,0.00238436
289177.0,0.0027709
289200.0,0.00319077
289224.0,0.00382762
289241.0,0.00451464
289258.0,0.00545441
289270.0,0.00653825
289281.0,0.00785205
289292.0,0.00959944
289301.0,0.0118713
289308.0,0.0144246
289316.0,0.0179232
289322.0,0.0221368
289328.0,0.0277811
289333.0,0.0352697
289339.0,0.0449628
289345.0,0.0591166
289353.0,0.0821702
289367.0,0.129731
289373.0,0.144235
289380.0,0.149749
289385.0,0.146063
289392.0,0.1324
289404.0,0.0928085
289413.0,0.0643766
289419.0,0.0490457
289424.0,0.0385526
289430.0,0.0301991
289436.0,0.0239788
289442.0,0.0190533
289449.0,0.015354
289457.0,0.012374
289465.0,0.0102627
289475.0,0.00839218
289486.0,0.00687484
289499.0,0.00574218
289513.0,0.00479215
289530.0,0.00402682
289550.0,0.00340882
289576.0,0.00289305
289601.0,0.00254799
289636.0,0.00222228
289678.0,0.00197574
289745.0,0.00174627
289826.0,0.00159637
289906.0,0.00150852
290067.0,0.0014176
290502.0,0.00133728
291740.0,0.0013
292641.0,0.00129561
297143.0,0.001344
300295.0,0.00146031
302321.0,0.00162288
303897.0,0.00185925
305022.0,0.00214733
305923.0,0.00250829
306711.0,0.00298206
307499.0,0.00367188
308309.0,0.00467361
309502.0,0.0063463
310110.0,0.00676824
310380.0,0.00680011
310650.0,0.00679172
310988.0,0.00695716
311123.0,0.00724801
311258.0,0.00791088
311359.0,0.00895691
311427.0,0.0102197
311475.0,0.0116354
311524.0,0.0138362
311559.0,0.0162768
311590.0,0.0194136
311620.0,0.0238068
311644.0,0.0289359
311663.0,0.0348657
311683.0,0.0431873
311701.0,0.0536169
311717.0,0.0675189
311733.0,0.0854809
311751.0,0.112419
311790.0,0.184817
311804.0,0.201794
311812.0,0.204267
311826.0,0.196095
311843.0,0.169522
311874.0,0.109253
311892.0,0.0838643
311907.0,0.066918
311924.0,0.0529878
311940.0,0.0432302
311958.0,0.035202
311979.0,0.0287718
312003.0,0.0234446
312028.0,0.0194273
312060.0,0.0159402
312097.0,0.0131784
312143.0,0.0108997
312191.0,0.00927901
312247.0,0.00799264
312328.0,0.00679073
312424.0,0.00587809
312553.0,0.00511146
312746.0,0.00441097
312967.0,0.0039074
313372.0,0.00332301
313887.0,0.00285084
314531.0,0.00246031
315396.0,0.00211759
316500.0,0.0018497
317952.0,0.00165627
319491.0,0.00157787
319635.0,0.00157692
320742.0,0.00163093
321415.0,0.00176325
321819.0,0.00193291
322127.0,0.00216104
322396.0,0.00250153
322589.0,0.00289373
322743.0,0.00337341
322877.0,0.00399721
322995.0,0.00480728
323096.0,0.00582666
323180.0,0.00704766
323256.0,0.00860469
323323.0,0.0105549
323382.0,0.0129282
323440.0,0.0161614
323494.0,0.0204003
323542.0,0.0255698
323590.0,0.032497
323647.0,0.0432401
323734.0,0.0615782
323766.0,0.0656009
323789.0,0.0665507
323828.0,0.063985
323874.0,0.0559318
323964.0,0.036729
324015.0,0.0284496
324065.0,0.0223612
324118.0,0.0175916
324175.0,0.0139996
324234.0,0.0113186
324301.0,0.00913545
324368.0,0.0075721
324452.0,0.00618104
324537.0,0.00519577
324638.0,0.00435425
324763.0,0.00363558
324897.0,0.00310734
325061.0,0.00266984
325282.0,0.00228623
325513.0,0.00202878
325898.0,0.00176936
326437.0,0.00157542
327283.0,0.00142979
328726.0,0.00133312
330361.0,0.00130548
331796.0,0.00134664
332397.0,0.00142937
332718.0,0.00154039
332958.0,0.00171815
333109.0,0.00193232
333211.0,0.00217793
333293.0,0.00248305
333359.0,0.00285872
333422.0,0.0033951
333472.0,0.00403944
333509.0,0.00472741
333550.0,0.00576859
333585.0,0.00708596
333616.0,0.00876123
333642.0,0.0107078
333668.0,0.0133471
333697.0,0.0171707
333735.0,0.0240359
333764.0,0.0294133
333784.0,0.0319071
333800.0,0.0325571
333814.0,0.031994
333840.0,0.0286819
333896.0,0.0181767
333923.0,0.0142467
333950.0,0.0113076
333977.0,0.00920721
334007.0,0.00746546
334040.0,0.00607893
334081.0,0.0049437
334122.0,0.00413756
334166.0,0.00353675
334228.0,0.00295611
334291.0,0.0025723
334356.0,0.00229757
334456.0,0.00201916
334602.0,0.00178335
334802.0,0.00160987
335123.0,0.00148127
335704.0,0.00140139
336305.0,0.0013849
337546.0,0.0014351
338247.0,0.00153556
338628.0,0.00166483
338868.0,0.00183245
339029.0,0.00203906
339134.0,0.0022626
339234.0,0.00260596
339312.0,0.00303506
339374.0,0.00357359
339424.0,0.00421975
339468.0,0.00504812
339508.0,0.00615639
339543.0,0.00756741
339573.0,0.0092862
339600.0,0.011358
339626.0,0.014163
339654.0,0.0181278
339718.0,0.0296334
339738.0,0.0318156
339750.0,0.0322156
339764.0,0.0317176
339789.0,0.0286239
339850.0,0.0176504
339877.0,0.0139024
339903.0,0.0112107
339933.0,0.00894973
339965.0,0.00723233
340000.0,0.00594448
340039.0,0.00495445
340083.0,0.00418367
340133.0,0.00358206
340196.0,0.00308218
340270.0,0.00270304
340351.0,0.00243544
340471.0,0.00219914
340672.0,0.00200943
340968.0,0.00193542
341224.0,0.00198223
341449.0,0.00212351
341618.0,0.00235284
341719.0,0.00260122
341821.0,0.00302456
341888.0,0.00349138
341947.0,0.00412021
341990.0,0.00477155
342038.0,0.00582266
342086.0,0.00732161
342179.0,0.0111688
342209.0,0.0119859
342229.0,0.0121612
342254.0,0.0119055
342293.0,0.0106618
342373.0,0.00736111
342420.0,0.00590957
342459.0,0.00502648
342511.0,0.00421533
342570.0,0.00360523
342637.0,0.00316008
342722.0,0.00281906
342823.0,0.00258169
342966.0,0.00240839
343191.0,0.00230899
343311.0,0.00229983
343762.0,0.00240149
344108.0,0.00260933
344333.0,0.00287378
344468.0,0.00317518
344552.0,0.00351763
344616.0,0.00396042
344669.0,0.00458212
344709.0,0.00536501
344740.0,0.00633811
344763.0,0.00745949
344781.0,0.00879927
344800.0,0.0107183
344815.0,0.012989
344827.0,0.0157518
344839.0,0.0194149
344851.0,0.0243392
344862.0,0.0306599
344874.0,0.0397451
344900.0,0.0650627
344911.0,0.0718169
344919.0,0.073562
344928.0,0.0713676
344939.0,0.064379
344967.0,0.0379336
344978.0,0.0296314
344989.0,0.0234108
345001.0,0.0187778
345013.0,0.0153599
345026.0,0.0127298
345041.0,0.0105969
345059.0,0.00883435
345077.0,0.00765532
345103.0,0.00644626
345135.0,0.00554596
345177.0,0.00484437
345217.0,0.0044446
345278.0,0.00409188
345372.0,0.00385329
345479.0,0.00374729
345533.0,0.00373399
345855.0,0.0039201
346392.0,0.00455933
347444.0,0.00608184
347895.0,0.00641643
348024.0,0.00643593
348475.0,0.00621961
349119.0,0.00536053
350086.0,0.00390597
350687.0,0.00323075
351332.0,0.00270773
352083.0,0.00229123
352942.0,0.00197856
354124.0,0.00171574
355627.0,0.00152983
357882.0,0.00139377
361640.0,0.00131347
365292.0,0.00129857
379252.0,0.00137822
399914.0,0.00157358
400000.0,0.00155987
400047.0,0.00159919
401000.0,0.00318726
1000000.0,0.00270001
2000000.0,0.00251998
3000000.0,0.00109002
4000000.0,8.60003E-4
5000000.0,7.50002E-4
7000000.0,6.60001E-4
9000000.0,6.30001E-4
1.1E7,6.40001E-4
1.3E7,7.20002E-4
1.65E7,9.675E-4
1.7E7,9.99997E-4
1.75E7,0.001
1.8E7,9.99997E-4
2.0E7,9.00003E-4

