26-Fe-56(n,p) ENDF/B-VII.1
2965500.0,0.0
3000000.0,7.0019E-9
3011690.0,7.57701E-9
3023260.0,8.19264E-9
3034670.0,8.84929E-9
3045970.0,9.55092E-9
3057120.0,1.0298E-8
3068150.0,1.10948E-8
3079050.0,1.19416E-8
3089820.0,1.28433E-8
3100460.0,1.38E-8
3110990.0,1.48169E-8
3121380.0,1.58941E-8
3131660.0,1.70371E-8
3141810.0,1.82458E-8
3151860.0,1.95264E-8
3165060.0,2.13472E-8
3178100.0,2.33133E-8
3190950.0,2.54256E-8
3203590.0,2.76917E-8
3216030.0,3.01195E-8
3228280.0,3.27172E-8
3240340.0,3.54931E-8
3252210.0,3.84554E-8
3263890.0,4.16129E-8
3275400.0,4.49742E-8
3286720.0,4.8548E-8
3297860.0,5.23432E-8
3308830.0,5.63688E-8
3319630.0,6.06337E-8
3330260.0,6.5147E-8
3340730.0,6.99178E-8
3351030.0,7.49552E-8
3361170.0,8.02682E-8
3371150.0,8.58658E-8
3380980.0,9.17571E-8
3390650.0,9.7951E-8
3400170.0,1.04456E-7
3409540.0,1.11282E-7
3423340.0,1.22154E-7
3436790.0,1.33765E-7
3449960.0,1.46204E-7
3462780.0,1.59431E-7
3475340.0,1.73543E-7
3487570.0,1.88489E-7
3499550.0,2.04371E-7
3511220.0,2.21128E-7
3522640.0,2.38867E-7
3533770.0,2.57513E-7
3544670.0,2.77182E-7
3555290.0,2.97785E-7
3565680.0,3.19444E-7
3575810.0,3.42054E-7
3585730.0,3.65745E-7
3598670.0,3.99163E-7
3611210.0,4.34445E-7
3623360.0,4.71597E-7
3635130.0,5.10614E-7
3646530.0,5.51487E-7
3657580.0,5.94201E-7
3668280.0,6.38732E-7
3678650.0,6.85052E-7
3688690.0,7.33125E-7
3698420.0,7.8291E-7
3707840.0,8.34362E-7
3721460.0,9.14765E-7
3734390.0,9.98172E-7
3746770.0,1.08525E-6
3758520.0,1.17485E-6
3769780.0,1.26768E-6
3780460.0,1.36249E-6
3790690.0,1.46001E-6
3803770.0,1.59487E-6
3816040.0,1.7326E-6
3827540.0,1.8725E-6
3838310.0,2.01389E-6
3848420.0,2.15613E-6
3857890.0,2.2986E-6
3870940.0,2.51029E-6
3882910.0,2.72164E-6
3893660.0,2.92656E-6
3903520.0,3.12813E-6
3915580.0,3.39357E-6
3926130.0,3.64425E-6
3939670.0,3.99327E-6
3947220.0,4.20191E-6
3960410.0,4.59358E-6
3974020.0,5.03578E-6
3983300.0,5.36143E-6
3994430.0,5.78014E-6
4007810.0,6.32392E-6
4019050.0,6.81799E-6
4029820.0,7.32778E-6
4036700.0,7.6733E-6
4050030.0,8.38979E-6
4062530.0,9.12215E-6
4074240.0,9.86669E-6
4085230.0,1.06198E-5
4095530.0,1.1378E-5
4105180.0,1.21378E-5
4118470.0,1.32678E-5
4130670.0,1.4397E-5
4141630.0,1.54927E-5
4151680.0,1.65713E-5
4163970.0,1.79927E-5
4174720.0,1.93362E-5
4188520.0,2.12083E-5
4199570.0,2.28365E-5
4208820.0,2.4295E-5
4219110.0,2.60291E-5
4230140.0,2.80246E-5
4243380.0,3.06223E-5
4250000.0,3.201E-5
4261600.0,3.42821E-5
4272710.0,3.66112E-5
4286920.0,3.98194E-5
4300240.0,4.30819E-5
4312720.0,4.63829E-5
4324430.0,4.9707E-5
4335400.0,5.30393E-5
4350660.0,5.80498E-5
4364370.0,6.29514E-5
4376950.0,6.78121E-5
4391850.0,7.40581E-5
4405370.0,8.02212E-5
4417200.0,8.60332E-5
4432380.0,9.41131E-5
4440830.0,9.89366E-5
4455620.0,1.0798E-4
4470880.0,1.18173E-4
4481280.0,1.25669E-4
4493760.0,1.35294E-4
4500000.0,1.4038E-4
4512500.0,1.50164E-4
4528220.0,1.63444E-4
4541380.0,1.75458E-4
4556040.0,1.89878E-4
4567030.0,2.01467E-4
4583510.0,2.20188E-4
4600000.0,2.4065E-4
4618360.0,2.60788E-4
4635200.0,2.80745E-4
4655160.0,3.06372E-4
4673270.0,3.31641E-4
4689110.0,3.55455E-4
4709440.0,3.88538E-4
4720760.0,4.08276E-4
4740570.0,4.45261E-4
4761000.0,4.86914E-4
4774930.0,5.17526E-4
4791640.0,5.56812E-4
4800000.0,5.7756E-4
4825000.0,6.238E-4
4846880.0,6.67286E-4
4874390.0,7.26314E-4
4897420.0,7.79713E-4
4923060.0,8.43813E-4
4942300.0,8.95323E-4
4971150.0,9.78544E-4
5000000.0,0.0010695
5015620.0,0.00112175
5044920.0,0.00122669
5070560.0,0.00132654
5092990.0,0.00142055
5121200.0,0.00154832
5144810.0,0.00166404
5171110.0,0.00180313
5198230.0,0.00195874
5227810.0,0.00214386
5265620.0,0.00240238
5294920.0,0.00261936
5320560.0,0.00282525
5342990.0,0.00301863
5371200.0,0.00328076
5394810.0,0.00351758
5421110.0,0.00380148
5449280.0,0.00413113
5474640.0,0.00445219
5500000.0,0.0047982
5531250.0,0.00515214
5570560.0,0.00563462
5603450.0,0.00607301
5640090.0,0.00660146
5677870.0,0.00719464
5703630.0,0.00762936
5734540.0,0.00818583
5750000.0,0.0084791
5781250.0,0.00892101
5835940.0,0.00975048
5892330.0,0.0106867
5930790.0,0.0113761
5976930.0,0.0122623
6000000.0,0.012731
6200000.0,0.016453
6400000.0,0.019175
6600000.0,0.023756
6800000.0,0.027583
7000000.0,0.027281
7500000.0,0.035347
8000000.0,0.041732
8500000.0,0.04767
9000000.0,0.055145
9500000.0,0.059071
1.0E7,0.066907
1.05E7,0.075724
1.1E7,0.08241
1.15E7,0.090695
1.2E7,0.10335
1.22E7,0.10565
1.24E7,0.1093
1.26E7,0.11163
1.28E7,0.11436
1.34E7,0.11692
1.38E7,0.11667
1.42E7,0.11359
1.46E7,0.10934
1.5E7,0.10422
1.55E7,0.095121
1.6E7,0.086251
1.65E7,0.079788
1.7E7,0.071625
1.75E7,0.066276
1.8E7,0.061296
1.85E7,0.056812
1.9E7,0.052648
1.95E7,0.050968
2.0E7,0.0
2.0E7,0.050553
1.5E8,0.0

