48-Cd-116(n,&gamma;) ENDF/B-VII.1
1.0E-5,3.83565
1.31241E-5,3.34815
1.70876E-5,2.93425
2.2426E-5,2.56132
2.91987E-5,2.2447
3.83206E-5,1.95939
4.98935E-5,1.71718
6.54808E-5,1.49892
8.52562E-5,1.31364
1.11891E-4,1.14668
1.45682E-4,1.00492
1.91195E-4,0.877217
2.48937E-4,0.768782
3.26707E-4,0.671054
4.25373E-4,0.588103
5.58264E-4,0.51335
7.26861E-4,0.449908
9.53941E-4,0.392724
0.00124203,0.344168
0.00163006,0.300428
0.00212234,0.263278
0.00278538,0.22981
0.00362657,0.201394
0.00475955,0.175831
0.00619694,0.154092
0.00813293,0.134626
0.0105891,0.118138
0.0138972,0.103012
0.0180942,0.0903751
0.0234661,0.0794535
0.0253,0.0765044
0.033204,0.0666945
0.0432317,0.0585829
0.0567377,0.0510536
0.0738726,0.0446686
0.0969512,0.039149
0.126231,0.034202
0.165666,0.0297926
0.215698,0.0261515
0.283085,0.0227964
0.368577,0.0199366
0.526803,0.0166789
0.691383,0.0145315
0.988188,0.0121163
1.28662,0.0105998
1.68858,0.00922869
2.2636,0.00793224
2.74716,0.00717633
3.76955,0.00608673
4.9472,0.00528676
6.44127,0.00459237
8.04324,0.00411031
10.226,0.0036125
13.2617,0.00320087
16.3744,0.00300711
17.0449,0.0029977
19.3015,0.00308987
20.576,0.00327039
21.8365,0.00362114
22.8869,0.00415358
23.7272,0.00486868
24.3575,0.00570875
24.9264,0.00684816
25.3641,0.00813642
25.7492,0.00974039
26.1169,0.0119419
26.432,0.014658
26.699,0.017901
26.9441,0.022111
27.1585,0.0273156
27.3555,0.0340782
27.5262,0.0423746
27.6662,0.0518253
27.8041,0.0647475
27.9266,0.0809675
28.0339,0.101013
28.1214,0.123741
28.198,0.150877
28.2746,0.188525
28.3402,0.234012
28.3989,0.291444
28.4435,0.352459
28.4807,0.421881
28.5153,0.510891
28.5459,0.621586
28.5735,0.761924
28.598,0.936203
28.6186,1.13447
28.6405,1.41768
28.6624,1.80097
28.6843,2.31581
28.7061,2.99763
28.7302,3.98374
28.7565,5.38896
28.7871,7.49942
28.8239,10.6487
28.9057,18.3044
28.9407,20.5669
28.9754,21.4775
28.9789,21.4849
29.0129,20.7481
29.051,18.3808
29.1193,12.0521
29.1648,7.99373
29.1963,5.73803
29.22,4.39568
29.2436,3.33813
29.2659,2.5694
29.2878,1.99653
29.3075,1.60434
29.3294,1.27555
29.3504,1.04059
29.3766,0.827251
29.4029,0.675953
29.4331,0.552291
29.4686,0.450453
29.5079,0.370629
29.557,0.300313
29.6095,0.246494
29.6708,0.200996
29.7452,0.16144
29.8218,0.132136
29.9071,0.108244
30.0121,0.0870231
30.1237,0.0708477
30.2616,0.0565729
30.4017,0.0461913
30.5767,0.0369189
30.7605,0.0300126
30.975,0.0242637
31.2201,0.0196196
31.4827,0.0160912
31.7891,0.0131451
32.1042,0.0109674
32.4718,0.00913193
32.9007,0.00760103
33.3909,0.0063605
33.8811,0.00546393
34.3957,0.00476885
35.2532,0.00395746
36.2681,0.00332255
37.4859,0.00282102
39.3126,0.00235128
41.3423,0.00203169
43.372,0.00181567
47.4313,0.0015361
52.3026,0.00133282
60.4213,0.0011127
70.1638,9.44542E-4
83.1538,7.90778E-4
95.5048,6.80767E-4
117.071,5.50049E-4
135.137,4.72673E-4
156.815,4.02915E-4
185.72,3.38435E-4
221.85,2.85545E-4
243.529,2.61665E-4
286.885,2.30689E-4
330.242,2.11644E-4
380.102,2.03097E-4
396.722,2.01953E-4
446.581,2.08742E-4
479.821,2.20952E-4
504.751,2.3615E-4
529.681,2.57731E-4
550.456,2.87979E-4
567.076,3.23587E-4
583.696,3.75638E-4
596.161,4.35621E-4
606.227,5.09919E-4
614.28,5.94628E-4
622.333,7.1398E-4
628.372,8.45261E-4
633.406,0.00100156
638.337,0.00121079
642.479,0.0014636
646.045,0.00177121
648.831,0.00209253
651.525,0.00251233
654.847,0.00325972
657.011,0.00396014
659.024,0.00485808
660.786,0.00594575
662.547,0.00746855
663.957,0.00917855
665.467,0.0117743
666.644,0.0146199
667.631,0.01796
668.597,0.0225182
669.443,0.0281578
670.168,0.0348889
670.812,0.0431017
671.376,0.0529988
671.879,0.0651182
672.362,0.0812538
672.765,0.0999324
673.117,0.122349
673.419,0.148492
673.711,0.183258
673.952,0.223406
674.144,0.267707
674.295,0.316664
674.416,0.371649
674.536,0.451315
674.634,0.546457
674.723,0.668939
674.798,0.815399
674.874,1.01632
674.949,1.29236
675.02,1.64149
675.09,2.10709
675.16,2.72274
675.231,3.52822
675.301,4.56909
675.374,5.94903
675.454,7.86427
675.542,10.5902
675.641,14.5335
675.754,20.2545
675.893,29.0288
676.126,47.0607
676.352,64.4503
676.517,73.422
676.678,76.8772
676.69,76.8933
676.852,73.8487
677.013,65.4629
677.28,44.9605
677.496,28.4741
677.622,20.5251
677.727,15.0983
677.826,11.0836
677.916,8.18343
678.0,6.09224
678.08,4.57785
678.15,3.53697
678.221,2.73103
678.284,2.17284
678.346,1.73724
678.409,1.3997
678.485,1.0952
678.56,0.873319
678.638,0.707055
678.729,0.570345
678.82,0.474671
678.925,0.396485
679.046,0.33437
679.187,0.283379
679.388,0.232519
679.63,0.189895
679.902,0.155503
680.204,0.127627
680.556,0.103889
680.943,0.0848553
681.386,0.0689858
681.895,0.0557823
682.499,0.0445531
683.188,0.0354888
683.942,0.0284517
684.664,0.0235449
685.539,0.0191735
686.561,0.0154416
687.757,0.0123246
688.982,0.0100389
690.383,0.00814772
691.841,0.00671616
693.884,0.00530962
695.926,0.00430783
698.377,0.00346422
700.828,0.002867
703.979,0.00232325
707.247,0.00194346
710.048,0.0016887
713.782,0.00144197
718.45,0.00122648
724.052,0.00104855
729.654,9.35202E-4
735.256,8.50459E-4
742.725,7.80274E-4
753.194,7.31485E-4
763.0,7.15152E-4
775.623,7.31949E-4
791.402,8.06499E-4
800.869,8.77178E-4
815.07,0.00105415
824.537,0.00124153
832.427,0.00146745
839.054,0.00174203
845.049,0.00210065
850.238,0.0025495
855.161,0.0031673
858.758,0.00381585
861.849,0.00458089
864.603,0.00552261
867.372,0.00684487
869.57,0.00831733
871.984,0.0106098
873.767,0.0130112
875.313,0.0159118
876.639,0.0193025
877.964,0.0239946
879.226,0.0303309
880.268,0.0376576
881.151,0.0463124
881.972,0.0574253
882.729,0.0717835
883.392,0.0894317
883.944,0.109822
884.433,0.134536
884.875,0.165102
885.285,0.204384
885.664,0.255476
885.987,0.317594
886.264,0.393901
886.461,0.472114
886.642,0.576898
886.784,0.698649
886.911,0.857667
887.021,1.05984
887.112,1.29181
887.208,1.63247
887.291,2.0293
887.374,2.55501
887.457,3.24709
887.546,4.22407
887.634,5.50682
887.723,7.166
887.822,9.54197
887.93,12.9188
888.049,17.6444
888.184,24.4863
888.358,35.4889
888.807,68.6203
889.015,79.9307
889.202,84.202
889.23,84.2748
889.407,81.278
889.583,72.9539
889.867,52.862
890.15,32.2024
890.303,22.9934
890.429,16.8576
890.548,12.3079
890.656,9.07301
890.757,6.76682
890.851,5.10699
890.934,3.98879
891.017,3.12361
891.1,2.46134
891.187,1.93803
891.281,1.51841
891.376,1.21511
891.471,0.995291
891.581,0.812205
891.707,0.667111
891.845,0.557417
892.023,0.460382
892.22,0.38525
892.496,0.311371
892.828,0.249671
893.206,0.200132
893.648,0.159457
894.106,0.12942
894.658,0.103433
895.289,0.0824309
895.983,0.0660642
896.678,0.0542026
897.506,0.043869
898.453,0.0353624
899.493,0.0286522
900.599,0.0235122
901.979,0.0188582
903.354,0.0155054
904.959,0.0126682
906.716,0.0104272
908.626,0.00866937
911.3,0.00695372
914.356,0.00562441
917.477,0.00470632
921.339,0.00393815
925.398,0.00341175
928.78,0.00310926
934.868,0.00277414
940.279,0.00262166
945.69,0.00256581
953.807,0.00262476
961.924,0.00281845
970.041,0.00317484
978.157,0.00370877
984.921,0.00436927
990.333,0.00508363
995.744,0.0060424
1001.16,0.00736045
1006.05,0.00895885
1010.24,0.0108895
1014.01,0.0132562
1017.51,0.0162559
1021.0,0.0204549
1023.79,0.025159
1026.24,0.0308012
1028.68,0.0386304
1030.88,0.0485429
1032.8,0.0608142
1034.48,0.0758384
1035.95,0.0941424
1037.17,0.115051
1038.39,0.143878
1039.47,0.179569
1040.45,0.224665
1041.27,0.277336
1042.04,0.345759
1042.72,0.430538
1043.33,0.537051
1043.88,0.669312
1044.33,0.823354
1044.75,1.02049
1045.12,1.26141
1045.44,1.56081
1045.71,1.91361
1045.96,2.37642
1046.17,2.92841
1046.35,3.57327
1046.51,4.39159
1046.65,5.35425
1046.79,6.638
1046.92,8.29838
1047.07,10.668
1047.22,13.7866
1047.39,18.5004
1047.58,25.4488
1047.82,36.3783
1048.32,62.0038
1048.55,70.599
1048.77,73.9775
1048.8,74.0289
1049.01,71.4901
1049.26,62.8999
1049.92,29.8512
1050.13,21.367
1050.3,15.8555
1050.45,12.2691
1050.6,9.50941
1050.74,7.49432
1050.88,5.98004
1051.04,4.74165
1051.21,3.75952
1051.38,3.06153
1051.59,2.46848
1051.8,2.04601
1052.06,1.67916
1052.33,1.39021
1052.64,1.14529
1053.02,0.931156
1053.48,0.74401
1053.97,0.602081
1054.56,0.478944
1055.17,0.388223
1055.89,0.311562
1056.62,0.254561
1057.46,0.206847
1058.44,0.166515
1059.59,0.132471
1060.81,0.106654
1062.21,0.0854619
1063.68,0.0693866
1065.35,0.0560378
1067.24,0.0451999
1069.48,0.0360479
1071.78,0.0292539
1074.57,0.0233629
1077.54,0.0189331
1081.0,0.0152548
1084.84,0.0124045
1088.81,0.0103378
1093.25,0.00876537
1097.68,0.00778977
1101.64,0.00740508
1102.96,0.00738767
1105.61,0.00760623
1108.25,0.00827761
1110.24,0.00930664
1111.89,0.0108036
1113.21,0.0126941
1114.25,0.0148909
1115.24,0.0180056
1116.01,0.0215557
1116.76,0.026432
1117.4,0.0325073
1117.91,0.0392956
1118.38,0.0483219
1118.78,0.0589286
1119.13,0.0719919
1119.43,0.0881347
1119.66,0.10655
1119.83,0.128384
1119.97,0.153861
1120.09,0.185837
1120.19,0.223629
1120.29,0.273326
1120.38,0.337803
1120.47,0.425503
1120.56,0.544466
1120.65,0.70488
1120.73,0.899056
1120.81,1.16762
1120.9,1.51643
1120.99,1.96384
1121.09,2.6215
1121.19,3.46544
1121.3,4.6457
1121.42,6.38925
1121.56,8.80969
1121.73,12.5183
1122.03,20.3763
1122.33,28.1202
1122.54,32.0438
1122.75,33.4657
1122.76,33.4675
1122.96,32.2328
1123.16,28.8093
1123.47,20.6335
1123.77,12.8646
1123.95,8.94899
1124.09,6.40641
1124.21,4.70628
1124.33,3.49078
1124.42,2.66129
1124.52,1.99532
1124.61,1.54177
1124.7,1.18766
1124.78,0.935376
1124.87,0.717184
1124.96,0.553804
1125.05,0.432515
1125.13,0.343019
1125.22,0.277176
1125.31,0.22869
1125.43,0.185367
1125.54,0.155135
1125.67,0.129915
1125.81,0.112207
1125.99,0.0950532
1126.24,0.0790149
1126.54,0.0654816
1126.89,0.053827
1127.29,0.0444478
1127.77,0.0363141
1128.32,0.0296507
1128.93,0.0242902
1129.65,0.0198369
1130.43,0.0163907
1131.33,0.0135057
1132.41,0.0110891
1133.62,0.00921071
1135.0,0.00767884
1136.81,0.0062885
1138.62,0.00533164
1140.77,0.00454738
1143.79,0.00377754
1146.89,0.00323954
1151.03,0.00274858
1157.93,0.00223712
1164.83,0.00191202
1173.1,0.00164892
1184.69,0.00141782
1196.27,0.00127504
1207.86,0.00118969
1225.24,0.00113906
1239.72,0.00116165
1254.21,0.00123185
1268.69,0.0013813
1280.27,0.00156931
1291.86,0.0018416
1302.0,0.0022
1310.69,0.00264151
1319.38,0.00328176
1325.17,0.00387758
1330.96,0.00468147
1336.76,0.0057675
1341.83,0.00712948
1346.17,0.00875473
1349.79,0.0106007
1353.41,0.0131458
1356.67,0.0163423
1359.48,0.0200519
1362.16,0.0250538
1364.58,0.0314209
1366.58,0.0387817
1368.46,0.0483227
1370.13,0.0601843
1371.68,0.0755928
1373.02,0.0942623
1374.23,0.117948
1375.23,0.14519
1376.17,0.180467
1377.0,0.224063
1377.78,0.28046
1378.44,0.348774
1379.01,0.428477
1379.52,0.528105
1379.96,0.645662
1380.34,0.787703
1380.71,0.975342
1381.02,1.20569
1381.28,1.48435
1381.49,1.80696
1381.68,2.21141
1381.84,2.7439
1381.99,3.37364
1382.13,4.24019
1382.27,5.43433
1382.4,6.93258
1382.53,8.91875
1382.66,11.5145
1382.81,15.1444
1382.97,20.4731
1383.15,28.3036
1383.37,39.8742
1383.79,67.8705
1384.12,88.1311
1384.38,97.4436
1384.54,99.1492
1384.77,95.7709
1384.99,86.3747
1385.35,63.836
1385.73,39.2828
1385.95,27.7118
1386.11,20.6195
1386.26,15.6923
1386.4,11.8445
1386.54,9.06468
1386.68,6.96141
1386.81,5.43583
1386.95,4.30141
1387.08,3.46216
1387.24,2.75936
1387.4,2.22424
1387.59,1.80538
1387.8,1.48242
1388.04,1.22229
1388.3,1.01977
1388.67,0.818183
1389.09,0.653711
1389.53,0.533601
1390.09,0.425174
1390.67,0.343592
1391.31,0.279156
1392.04,0.225472
1392.81,0.184105
1393.69,0.149682
1394.73,0.120037
1395.9,0.096293
1397.24,0.0769073
1398.7,0.0617122
1400.37,0.0492983
1402.19,0.0396581
1404.25,0.0317644
1406.45,0.0257433
1408.95,0.0207428
1411.67,0.0169052
1414.56,0.013817
1417.77,0.0113047
1420.95,0.00944145
1424.94,0.00771387
1429.71,0.00620771
1434.49,0.00512647
1440.86,0.00411223
1447.23,0.00337535
1455.2,0.00272391
1463.16,0.00228157
1471.12,0.00196754
1480.68,0.00170545
1490.23,0.00154947
1501.38,0.00146908
1502.97,0.00146882
1512.53,0.00152442
1517.95,0.00161643
1524.39,0.00181955
1529.47,0.00207763
1533.54,0.00239844
1537.61,0.00288014
1540.91,0.00346273
1543.88,0.00422187
1546.42,0.00513369
1548.45,0.00617713
1550.49,0.00764027
1552.1,0.00925894
1553.62,0.0113773
1554.89,0.0137957
1556.19,0.0171844
1557.33,0.0213882
1558.29,0.0263621
1559.14,0.032477
1559.89,0.0398444
1560.6,0.0495875
1561.22,0.0615328
1561.74,0.0752224
1562.24,0.0936107
1562.66,0.115909
1562.98,0.139251
1563.25,0.16626
1563.48,0.199702
1563.68,0.242392
1563.84,0.290907
1563.97,0.34962
1564.1,0.432207
1564.23,0.540554
1564.33,0.66698
1564.44,0.835057
1564.55,1.05754
1564.66,1.37091
1564.77,1.76685
1564.88,2.27872
1565.0,3.03783
1565.14,4.10046
1565.26,5.34128
1565.41,7.34187
1565.59,10.2563
1565.79,14.3293
1566.18,23.98
1566.52,31.9192
1566.76,35.839
1567.0,37.2485
1567.23,35.9875
1567.45,32.4697
1567.78,24.872
1568.19,14.7171
1568.4,10.4957
1568.57,7.5338
1568.72,5.59632
1568.85,4.2027
1568.99,3.11725
1569.11,2.36445
1569.22,1.8057
1569.33,1.40831
1569.44,1.1024
1569.54,0.869193
1569.65,0.692731
1569.77,0.545795
1569.88,0.446008
1570.01,0.359259
1570.15,0.297702
1570.3,0.247005
1570.49,0.204267
1570.73,0.168151
1571.0,0.140494
1571.34,0.115613
1571.76,0.0933281
1572.26,0.0749569
1572.76,0.0616865
1573.38,0.0496406
1574.02,0.040667
1574.8,0.0327166
1575.66,0.0264845
1576.59,0.0215439
1577.71,0.017268
1578.85,0.0141379
1580.18,0.0114753
1581.59,0.00943615
1583.4,0.00755274
1585.3,0.00612674
1587.47,0.00497002
1589.63,0.00413084
1592.21,0.00340074
1594.78,0.00286953
1598.7,0.00229175
1602.82,0.00187233
1606.94,0.00157318
1611.89,0.00131648
1617.66,0.00110612
1625.9,9.05348E-4
1634.14,7.70833E-4
1644.03,6.60034E-4
1657.22,5.66398E-4
1670.41,5.07349E-4
1689.28,4.60095E-4
1709.19,4.39348E-4
1729.35,4.46748E-4
1749.5,4.81092E-4
1763.1,5.30505E-4
1773.98,5.91758E-4
1784.86,6.81249E-4
1794.38,8.03081E-4
1801.18,9.30606E-4
1808.2,0.00111384
1813.91,0.00133332
1819.13,0.0016221
1823.72,0.00198941
1828.31,0.00253815
1831.39,0.00306546
1834.48,0.00381551
1836.93,0.00465949
1839.07,0.00567817
1841.07,0.00700448
1843.02,0.00881722
1844.61,0.0108916
1845.96,0.013355
1847.16,0.0163505
1848.29,0.0202858
1849.26,0.0249709
1850.13,0.0307072
1850.96,0.0383127
1851.63,0.0467787
1852.28,0.0582684
1852.85,0.0724142
1853.34,0.0894418
1853.78,0.110944
1854.12,0.135306
1854.39,0.164268
1854.59,0.196766
1854.76,0.235637
1854.9,0.283335
1855.05,0.351524
1855.17,0.431217
1855.28,0.540311
1855.39,0.670084
1855.51,0.866498
1855.63,1.13241
1855.75,1.48896
1855.87,1.96125
1855.98,2.57854
1856.1,3.37329
1856.24,4.54334
1856.38,6.04217
1856.52,7.96934
1856.68,10.8439
1856.89,15.4034
1857.16,22.6315
1857.71,38.2626
1858.0,44.3307
1858.26,46.5367
1858.29,46.5589
1858.54,44.9896
1858.78,40.6073
1859.16,30.2649
1859.58,18.124
1859.82,12.6256
1860.0,9.06309
1860.17,6.56386
1860.31,4.88718
1860.45,3.66791
1860.56,2.81062
1860.68,2.14125
1860.8,1.62654
1860.9,1.2855
1861.01,1.01893
1861.11,0.812299
1861.21,0.653164
1861.33,0.510486
1861.45,0.407151
1861.58,0.328745
1861.72,0.27004
1861.88,0.22115
1862.07,0.182742
1862.26,0.156279
1862.49,0.133348
1862.83,0.109663
1863.24,0.0897279
1863.74,0.0724793
1864.26,0.0593776
1864.92,0.0476239
1865.63,0.0384617
1866.34,0.0317774
1867.14,0.0262147
1868.11,0.0213169
1869.13,0.0175075
1870.24,0.0144688
1871.57,0.0118198
1872.98,0.00975021
1874.58,0.00803881
1876.44,0.0065971
1878.48,0.00546446
1880.7,0.00458304
1883.8,0.00373064
1887.29,0.00308886
1890.77,0.00266881
1894.91,0.00234009
1900.35,0.00209402
1905.78,0.00199669
1907.59,0.00198807
1913.03,0.00203685
1918.46,0.00219014
1923.9,0.0024758
1928.43,0.00284579
1932.96,0.00339695
1937.03,0.00413518
1940.66,0.00507298
1943.83,0.00627099
1946.39,0.007639
1948.58,0.00923552
1950.65,0.0113152
1952.59,0.0140326
1954.4,0.0176019
1955.86,0.021629
1957.25,0.0269704
1958.46,0.0335168
1959.51,0.0412827
1960.41,0.0504983
1961.26,0.0624448
1962.06,0.0781473
1962.75,0.0973868
1963.36,0.12102
1963.88,0.149334
1964.32,0.182033
1964.71,0.223141
1965.01,0.268158
1965.29,0.325968
1965.51,0.393605
1965.68,0.468097
1965.85,0.571791
1966.01,0.697656
1966.15,0.858929
1966.29,1.06541
1966.42,1.33994
1966.56,1.70267
1966.7,2.1773
1966.85,2.86851
1967.0,3.77014
1967.16,4.99536
1967.35,6.84052
1967.56,9.43677
1967.82,13.5311
1968.53,26.2097
1968.84,30.0218
1969.11,31.3254
1969.13,31.3289
1969.4,30.1931
1969.69,26.7322
1970.16,18.4034
1970.53,11.9234
1970.77,8.48242
1970.96,6.25749
1971.14,4.63595
1971.3,3.49089
1971.46,2.63269
1971.59,2.04684
1971.73,1.59669
1971.88,1.24583
1972.03,0.970836
1972.18,0.770677
1972.33,0.625039
1972.49,0.515825
1972.67,0.424303
1972.88,0.350813
1973.14,0.287455
1973.44,0.237823
1973.78,0.196444
1974.2,0.160823
1974.67,0.131811
1975.19,0.108221
1975.8,0.0881016
1976.53,0.0707157
1977.36,0.056581
1978.3,0.0452895
1979.27,0.0368602
1980.38,0.0298459
1981.6,0.0242652
1982.95,0.019738
1984.41,0.0161677
1986.11,0.0131206
1988.03,0.0106438
1990.25,0.0085751
1993.07,0.00675382
1995.98,0.00541862
1999.38,0.00432736
2002.78,0.00355186
2006.67,0.0029112
2010.55,0.00244457
2016.71,0.00193
2023.18,0.00156542
2029.66,0.00131275
2037.34,0.00110322
2047.52,9.16011E-4
2056.0,8.11768E-4
2069.57,7.05101E-4
2079.75,6.53381E-4
2093.33,6.10729E-4
2113.69,5.8587E-4
2134.05,5.99728E-4
2154.41,6.42123E-4
2174.76,7.21806E-4
2195.12,8.42087E-4
2212.09,9.95134E-4
2225.66,0.00116308
2239.24,0.001393
2252.33,0.0016921
2263.98,0.00207471
2274.9,0.00257801
2284.73,0.00322523
2293.47,0.00404321
2301.11,0.00506478
2307.66,0.00629797
2313.13,0.00771571
2317.68,0.0093039
2322.23,0.0114613
2326.32,0.0141299
2329.96,0.0173845
2333.15,0.0212666
2336.33,0.0266295
2339.02,0.0329045
2341.57,0.041155
2343.8,0.0512916
2345.71,0.0633201
2347.48,0.0787565
2349.12,0.0986277
2350.58,0.123413
2351.9,0.15509
2352.98,0.191444
2353.89,0.232851
2354.85,0.293148
2355.61,0.360417
2356.27,0.438914
2356.87,0.536619
2357.41,0.658177
2357.87,0.796034
2358.3,0.976837
2358.69,1.19529
2359.0,1.44292
2359.32,1.77389
2359.62,2.20737
2359.91,2.78173
2360.2,3.54787
2360.48,4.57001
2360.78,5.94682
2361.14,8.12955
2361.7,12.3008
2362.28,16.6396
2362.61,18.385
2362.99,19.1749
2363.0,19.1751
2363.33,18.6165
2363.7,16.7901
2364.38,11.6343
2364.88,7.93752
2365.23,5.86795
2365.55,4.43652
2365.84,3.43332
2366.14,2.66661
2366.41,2.15182
2366.7,1.7548
2367.02,1.41654
2367.41,1.13478
2367.84,0.90817
2368.33,0.728711
2368.82,0.599312
2369.46,0.478342
2370.1,0.391272
2370.83,0.318412
2371.7,0.255299
2372.68,0.204639
2373.83,0.162699
2375.01,0.131661
2376.29,0.107217
2377.79,0.0862639
2379.38,0.0701305
2381.2,0.0566917
2383.39,0.0451214
2385.57,0.0367833
2388.12,0.0297067
2391.12,0.0236898
2394.31,0.0191149
2397.95,0.015349
2401.77,0.012486
2406.14,0.0101046
2411.05,0.00816754
2416.52,0.00662025
2423.07,0.00528687
2429.62,0.00433138
2437.27,0.00352967
2444.55,0.00296682
2453.28,0.0024723
2463.48,0.00206391
2473.67,0.00177951
2483.57,0.00159222
2494.92,0.00147917
2499.28,0.00146202
2505.39,0.00148714
2512.81,0.00160986
2516.74,0.00175973
2520.67,0.00202238
2522.85,0.00224171
2525.04,0.00256952
2527.22,0.00306478
2528.97,0.00365437
2530.49,0.00441665
2531.8,0.00538299
2532.9,0.00655776
2533.79,0.0078969
2534.67,0.00979573
2535.36,0.0118909
2535.99,0.0145899
2536.55,0.0180116
2536.98,0.0218758
2537.27,0.0256291
2537.48,0.0294159
2537.69,0.0351754
2537.88,0.0425882
2538.03,0.0516049
2538.17,0.0630625
2538.31,0.0790892
2538.44,0.1001
2538.57,0.128284
2538.69,0.166541
2538.82,0.218061
2538.95,0.286806
2539.08,0.377507
2539.21,0.495723
2539.35,0.6616
2539.49,0.884719
2539.63,1.17008
2539.79,1.57835
2539.97,2.15576
2540.18,2.99089
2540.41,4.15855
2540.76,6.31044
2541.31,9.95277
2541.67,11.6299
2541.97,12.2227
2542.01,12.2294
2542.3,11.7956
2542.59,10.5878
2543.04,7.8317
2543.51,4.71648
2543.78,3.27763
2543.99,2.38561
2544.17,1.74515
2544.34,1.28329
2544.49,0.955193
2544.63,0.73545
2544.76,0.552783
2544.89,0.422956
2545.02,0.322524
2545.15,0.245791
2545.27,0.187829
2545.4,0.144852
2545.53,0.112323
2545.65,0.08842
2545.78,0.0709184
2545.91,0.0581103
2546.06,0.0471355
2546.24,0.0386194
2546.42,0.0324968
2546.67,0.0270607
2546.98,0.0226231
2547.35,0.0190127
2547.84,0.0156462
2548.41,0.0128668
2549.14,0.0104079
2549.96,0.00844606
2550.84,0.00697129
2551.92,0.00569016
2553.05,0.00475106
2554.34,0.00399809
2555.88,0.00337057
2557.69,0.00286284
2559.75,0.00246767
2562.32,0.00215006
2566.14,0.00186346
2569.84,0.00170932
2574.79,0.00161409
2578.7,0.00159723
2584.55,0.00165044
2592.36,0.00181997
2599.2,0.00210536
2605.06,0.00248848
2609.94,0.00295541
2614.82,0.00363703
2618.72,0.00441998
2622.63,0.00551155
2625.56,0.00668795
2628.49,0.00833628
2630.93,0.0102671
2633.13,0.0126816
2634.96,0.015415
2636.64,0.0188044
2638.17,0.0230597
2639.68,0.0288843
2640.87,0.0352406
2641.99,0.0433869
2643.01,0.0536483
2643.89,0.0657494
2644.74,0.0820694
2645.47,0.101655
2646.09,0.124731
2646.68,0.155868
2647.11,0.186884
2647.5,0.226324
2647.8,0.270283
2648.08,0.328004
2648.29,0.393677
2648.47,0.473615
2648.65,0.587102
2648.81,0.719034
2648.96,0.898786
2649.11,1.14364
2649.25,1.43783
2649.39,1.86156
2649.54,2.42273
2649.69,3.15639
2649.85,4.16728
2650.02,5.55056
2650.2,7.49394
2650.4,10.1829
2650.61,13.8136
2650.9,19.8681
2651.78,42.2617
2652.12,48.0132
2652.44,50.0978
2652.45,50.0998
2652.76,48.2369
2653.05,43.4738
2653.54,31.6085
2654.03,19.1548
2654.29,13.5804
2654.51,9.90603
2654.71,7.2779
2654.9,5.35654
2655.06,4.03952
2655.22,3.0261
2655.37,2.33569
2655.52,1.77707
2655.67,1.37488
2655.82,1.07469
2655.97,0.852243
2656.12,0.687947
2656.29,0.549901
2656.48,0.447696
2656.69,0.365292
2656.93,0.3014
2657.19,0.254945
2657.55,0.208982
2657.99,0.170954
2658.48,0.140783
2659.06,0.114569
2659.74,0.0925787
2660.44,0.0760201
2661.3,0.0614475
2662.32,0.048973
2663.39,0.0396364
2664.65,0.0317182
2666.11,0.0252426
2667.62,0.0204542
2669.44,0.0163169
2671.35,0.0132097
2673.47,0.010746
2675.93,0.00864169
2678.75,0.00692557
2681.71,0.00563434
2684.81,0.00464515
2688.33,0.00381819
2692.56,0.00311545
2696.93,0.0025706
2701.44,0.00215408
2707.08,0.00177026
2713.84,0.00144156
2721.74,0.00117269
2730.76,9.58064E-4
2742.03,7.73994E-4
2753.31,6.46133E-4
2766.84,5.36654E-4
2780.37,4.63071E-4
2793.9,4.05009E-4
2815.83,3.43131E-4
2837.22,3.04589E-4
2846.95,2.90711E-4
2872.31,2.69482E-4
2897.68,2.63855E-4
2913.58,2.69147E-4
2935.58,2.92832E-4
2950.82,3.25294E-4
2966.06,3.80885E-4
2976.73,4.45351E-4
2985.87,5.29434E-4
2992.88,6.20975E-4
2998.98,7.34501E-4
3004.65,8.84124E-4
3009.11,0.00104513
3013.46,0.00126178
3017.8,0.00156745
3021.26,0.00190687
3024.28,0.00232069
3027.12,0.00285905
3029.52,0.00349166
3031.83,0.0043414
3034.01,0.00547227
3035.85,0.00680909
3037.37,0.00834859
3038.74,0.0102753
3040.01,0.0127455
3041.16,0.0158703
3042.14,0.0195352
3043.08,0.0244947
3043.83,0.0299576
3044.47,0.0363315
3045.12,0.0454161
3045.58,0.0542374
3045.95,0.0638183
3046.27,0.0754929
3046.53,0.0895266
3046.76,0.107152
3046.95,0.12847
3047.11,0.152233
3047.26,0.184677
3047.42,0.231954
3047.55,0.285586
3047.69,0.356578
3047.82,0.450182
3047.97,0.587018
3048.11,0.769505
3048.26,1.0209
3048.42,1.35138
3048.57,1.77926
3048.74,2.40166
3048.91,3.20101
3049.1,4.32917
3049.31,5.89491
3049.57,8.32431
3049.91,12.2565
3050.66,21.9207
3051.03,25.3308
3051.37,26.5714
3051.4,26.5812
3051.75,25.5182
3052.09,22.586
3052.66,15.3324
3053.11,9.68789
3053.37,6.96793
3053.59,5.16727
3053.8,3.75439
3053.99,2.75185
3054.16,2.05074
3054.31,1.56401
3054.47,1.17653
3054.6,0.913137
3054.74,0.70823
3054.88,0.550532
3055.02,0.43031
3055.15,0.33938
3055.31,0.264559
3055.46,0.210279
3055.61,0.170907
3055.76,0.142216
3055.95,0.117575
3056.15,0.0983124
3056.42,0.0814428
3056.72,0.0684744
3057.1,0.0572416
3057.59,0.0470917
3058.18,0.0383689
3058.83,0.0314061
3059.63,0.0252194
3060.56,0.0201201
3061.49,0.0164625
3062.56,0.0134069
3063.79,0.0108445
3065.23,0.0087129
3066.77,0.00708698
3068.62,0.00568536
3070.47,0.00467722
3072.63,0.00382818
3075.1,0.003139
3077.77,0.00262005
3080.85,0.002202
3083.94,0.00191978
3087.62,0.00171977
3090.84,0.00166245
3093.34,0.00171053
3095.38,0.00183367
3096.9,0.00200555
3098.43,0.00229173
3099.77,0.00269515
3100.88,0.00321532
3101.84,0.00389002
3102.57,0.00464904
3103.14,0.00548632
3103.6,0.00641516
3103.99,0.00757464
3104.29,0.00886699
3104.55,0.010559
3104.76,0.0127289
3104.93,0.0152997
3105.08,0.0184844
3105.21,0.0224427
3105.35,0.0281455
3105.5,0.0360019
3105.62,0.0455437
3105.75,0.0581539
3105.88,0.0747036
3106.01,0.0962406
3106.14,0.12517
3106.28,0.165432
3106.42,0.217492
3106.56,0.283848
3106.73,0.38292
3106.89,0.51147
3107.08,0.687735
3107.29,0.951316
3107.54,1.34222
3107.86,1.9572
3108.68,3.72002
3109.05,4.29087
3109.39,4.49057
3109.41,4.49119
3109.75,4.31376
3110.09,3.82361
3110.62,2.69333
3111.09,1.69791
3111.36,1.21559
3111.58,0.884657
3111.79,0.637933
3111.99,0.464611
3112.16,0.344705
3112.3,0.262402
3112.46,0.197001
3112.6,0.149536
3112.74,0.112995
3112.88,0.085236
3113.0,0.0674625
3113.12,0.0535742
3113.24,0.0420507
3113.37,0.0333449
3113.5,0.0268012
3113.64,0.0214335
3113.78,0.0175374
3113.95,0.0142292
3114.13,0.0118306
3114.32,0.010087
3114.55,0.00864466
3114.85,0.00734684
3115.23,0.00624464
3115.74,0.00520164
3116.4,0.00426689
3117.22,0.00345562
3118.04,0.00288291
3119.02,0.00238994
3120.22,0.00196769
3121.59,0.00163614
3123.23,0.00136307
3125.15,0.00114263
3127.34,9.68862E-4
3130.07,8.23982E-4
3133.46,7.01573E-4
3138.06,5.94245E-4
3143.31,5.16727E-4
3150.31,4.5209E-4
3157.32,4.11262E-4
3167.82,3.76532E-4
3178.12,3.60563E-4
3184.91,3.57753E-4
3198.63,3.70117E-4
3210.42,4.01226E-4
3220.24,4.53373E-4
3228.31,5.23365E-4
3233.76,6.02624E-4
3238.19,7.01825E-4
3242.1,8.36836E-4
3245.26,0.00100074
3247.86,0.00120617
3250.02,0.00146104
3251.84,0.00177775
3253.36,0.00216047
3254.73,0.00265722
3255.84,0.00323082
3256.79,0.00392523
3257.65,0.0048217
3258.34,0.00581553
3259.03,0.00721833
3259.54,0.0087203
3259.93,0.0104045
3260.25,0.0124466
3260.48,0.0147814
3260.68,0.017668
3260.85,0.0214539
3261.0,0.0259044
3261.15,0.0320508
3261.3,0.0405621
3261.43,0.0509766
3261.55,0.0636957
3261.67,0.0802217
3261.8,0.101559
3261.93,0.132024
3262.07,0.171661
3262.21,0.227958
3262.37,0.303831
3262.52,0.40526
3262.68,0.534866
3262.86,0.720375
3263.03,0.954145
3263.24,1.29483
3263.49,1.80144
3263.78,2.54806
3264.71,5.27912
3265.05,5.97089
3265.41,6.25721
3265.43,6.25864
3265.75,6.05635
3266.06,5.48925
3266.53,4.19144
3267.13,2.42618
3267.43,1.69068
3267.66,1.2238
3267.87,0.897768
3268.05,0.675391
3268.22,0.499847
3268.38,0.379468
3268.53,0.285272
3268.67,0.217839
3268.82,0.163996
3268.96,0.126157
3269.09,0.0971187
3269.21,0.0768077
3269.34,0.0610929
3269.48,0.047355
3269.6,0.0388035
3269.74,0.0308088
3269.89,0.025033
3270.04,0.0208455
3270.22,0.0172746
3270.42,0.0144289
3270.62,0.0125492
3270.93,0.0105059
3271.33,0.00882464
3271.87,0.00725282
3272.48,0.00601055
3273.2,0.0049745
3274.12,0.00403949
3275.2,0.00329192
3276.42,0.00271118
3277.7,0.0022971
3279.24,0.00195666
3281.16,0.00167276
3283.27,0.00147271
3285.37,0.00134857
3288.19,0.00124862
3292.58,0.00118898
3294.17,0.00118741
3298.92,0.00123029
3304.86,0.00136957
3310.8,0.00161076
3315.55,0.00190108
3320.3,0.00231954
3324.46,0.00284611
3328.03,0.00348293
3331.59,0.00438383
3334.28,0.00533028
3336.73,0.00652241
3339.11,0.00813715
3341.24,0.0101707
3342.95,0.0124371
3344.55,0.015335
3346.07,0.019188
3347.4,0.0239276
3348.54,0.0295811
3349.53,0.0363334
3350.46,0.045156
3351.24,0.0553923
3352.0,0.0693596
3352.57,0.083914
3353.14,0.104252
3353.62,0.128926
3353.97,0.155559
3354.23,0.18415
3354.5,0.224999
3354.73,0.276848
3354.93,0.339621
3355.13,0.427088
3355.32,0.542575
3355.49,0.678447
3355.65,0.856686
3355.82,1.08849
3356.01,1.43553
3356.2,1.89034
3356.39,2.47473
3356.62,3.35886
3356.84,4.48918
3357.13,6.27209
3357.52,9.31962
3358.25,15.5205
3358.66,18.0485
3359.03,18.9698
3359.07,18.9815
3359.41,18.3538
3359.76,16.4978
3360.29,12.2191
3360.87,7.36112
3361.16,5.30564
3361.4,3.95429
3361.64,2.89625
3361.85,2.16538
3362.04,1.6487
3362.23,1.24192
3362.42,0.942895
3362.59,0.74459
3362.75,0.592905
3362.93,0.472033
3363.13,0.371751
3363.33,0.299921
3363.56,0.24192
3363.78,0.201161
3364.05,0.167569
3364.38,0.138449
3364.78,0.114288
3365.23,0.0950696
3365.8,0.0774168
3366.48,0.0623353
3367.28,0.049878
3368.19,0.0398261
3369.11,0.0325935
3370.17,0.0264365
3371.39,0.0213444
3372.72,0.0173114
3374.29,0.0138734
3375.97,0.0112528
3377.87,0.00909665
3380.15,0.00725016
3382.47,0.00590479
3385.16,0.00477864
3388.3,0.00383522
3391.24,0.00320343
3395.58,0.00252541
3400.18,0.00202835
3404.65,0.0016834
3409.87,0.00139171
3416.58,0.00113018
3422.54,9.66441E-4
3432.48,7.82169E-4
3440.62,6.81104E-4
3447.14,6.21857E-4
3455.83,5.65548E-4
3469.99,5.12469E-4
3486.51,4.89044E-4
3488.87,4.88979E-4
3507.75,5.11574E-4
3521.91,5.56737E-4
3536.07,6.36321E-4
3547.88,7.35389E-4
3559.68,8.80298E-4
3570.3,0.00107451
3580.92,0.00135803
3589.18,0.00168713
3596.26,0.00209017
3602.49,0.00258841
3607.55,0.00315283
3612.24,0.00386893
3616.57,0.00478692
3620.36,0.00589646
3623.98,0.00737622
3627.05,0.00913558
3629.93,0.0114443
3632.28,0.0140558
3634.45,0.0173751
3636.34,0.0213719
3638.15,0.0266447
3639.68,0.0328632
3641.13,0.0409809
3642.44,0.0513055
3643.54,0.0635098
3644.58,0.0795807
3645.48,0.0993219
3646.27,0.123653
3646.95,0.152946
3647.51,0.187001
3648.01,0.228943
3648.39,0.274027
3648.78,0.337573
3649.08,0.409907
3649.35,0.497675
3649.61,0.613388
3649.87,0.774986
3650.1,0.974723
3650.34,1.24238
3650.59,1.62075
3650.84,2.12123
3651.09,2.79406
3651.38,3.76153
3651.74,5.2986
3652.28,8.10113
3652.97,11.7979
3653.42,13.3492
3653.76,13.7438
3654.16,13.2239
3654.52,11.9516
3655.16,8.65265
3655.75,5.48768
3656.09,3.96546
3656.4,2.89999
3656.65,2.21495
3656.91,1.67634
3657.16,1.28425
3657.38,1.01556
3657.63,0.798593
3657.85,0.654591
3658.12,0.522043
3658.39,0.427018
3658.68,0.353712
3659.04,0.288578
3659.47,0.234298
3659.99,0.188924
3660.54,0.15563
3661.21,0.125725
3662.0,0.101002
3662.79,0.0831779
3663.74,0.0676141
3664.82,0.0548653
3665.97,0.0451251
3667.4,0.0365705
3668.84,0.0304686
3670.42,0.025821
3672.0,0.0227218
3673.71,0.0208125
3675.07,0.0204169
3676.15,0.0210249
3677.24,0.0228995
3678.05,0.0257608
3678.59,0.0291119
3679.0,0.0334267
3679.27,0.0381843
3679.48,0.0440783
3679.69,0.0524923
3679.86,0.0622725
3680.02,0.0760207
3680.19,0.0953537
3680.33,0.118539
3680.47,0.149514
3680.62,0.190604
3680.77,0.249649
3680.93,0.329649
3681.09,0.435077
3681.25,0.572063
3681.41,0.747403
3681.59,0.999725
3681.79,1.36286
3682.01,1.87662
3682.24,2.55105
3682.52,3.60313
3682.89,5.27986
3683.67,9.11771
3684.06,10.524
3684.43,11.093
3684.49,11.1051
3684.85,10.6789
3685.22,9.49889
3685.8,6.71479
3686.31,4.20795
3686.63,2.94134
3686.89,2.09334
3687.11,1.53273
3687.31,1.13173
3687.5,0.833017
3687.66,0.638003
3687.82,0.484823
3687.98,0.366342
3688.14,0.276029
3688.29,0.212322
3688.43,0.163954
3688.58,0.127573
3688.73,0.100425
3688.88,0.0802868
3689.03,0.0654014
3689.18,0.0544046
3689.32,0.0462557
3689.52,0.0386242
3689.76,0.032238
3690.05,0.027287
3690.39,0.0235048
3690.88,0.0199035
3691.59,0.0163823
3692.48,0.0134303
3693.54,0.0110342
3694.78,0.00913471
3696.1,0.00770902
3697.95,0.00633457
3699.94,0.0053197
3702.32,0.00444868
3705.36,0.00366934
3709.06,0.00301847
3713.56,0.00246263
3718.32,0.0020422
3723.87,0.00168719
3730.75,0.00137169
3738.15,0.00113613
3744.5,9.75193E-4
3752.97,8.14651E-4
3763.42,6.69527E-4
3775.74,5.4694E-4
3790.95,4.41479E-4
3809.96,3.52865E-4
3825.17,3.02231E-4
3844.19,2.56357E-4
3867.0,2.16933E-4
3889.82,1.90376E-4
3919.61,1.66848E-4
3952.9,1.52397E-4
3986.18,1.46428E-4
4008.37,1.47814E-4
4030.55,1.54084E-4
4052.74,1.66988E-4
4078.26,1.95098E-4
4091.57,2.18932E-4
4104.88,2.53322E-4
4118.19,3.02704E-4
4128.18,3.5778E-4
4136.5,4.2281E-4
4144.15,5.03585E-4
4150.8,6.02187E-4
4157.0,7.30251E-4
4162.59,8.9084E-4
4166.93,0.00106227
4171.99,0.00133958
4175.93,0.00164862
4179.42,0.00203315
4182.42,0.00249483
4185.08,0.00306165
4187.59,0.0038131
4189.86,0.00475904
4191.74,0.00585748
4193.37,0.00718499
4194.76,0.0087482
4196.16,0.0109223
4197.33,0.0134549
4198.33,0.0164418
4199.26,0.0202994
4200.09,0.0251299
4200.79,0.0308243
4201.39,0.0377382
4201.8,0.0445576
4202.14,0.0522781
4202.43,0.0620685
4202.68,0.0744029
4202.88,0.0892282
4203.08,0.109455
4203.25,0.132806
4203.42,0.164409
4203.58,0.207185
4203.75,0.264902
4203.91,0.337893
4204.06,0.427959
4204.23,0.565662
4204.41,0.747558
4204.58,0.984492
4204.77,1.31318
4204.96,1.73472
4205.16,2.33122
4205.38,3.11519
4205.65,4.33295
4205.95,6.09981
4206.37,9.02049
4207.14,14.8539
4207.59,17.3577
4207.98,18.2668
4208.04,18.2829
4208.41,17.6477
4208.79,15.8756
4209.37,11.6702
4209.98,7.08753
4210.33,4.90984
4210.59,3.59429
4210.83,2.64254
4211.04,1.98093
4211.25,1.46243
4211.42,1.12206
4211.59,0.854775
4211.77,0.648124
4211.94,0.490616
4212.09,0.387043
4212.26,0.29794
4212.43,0.231522
4212.6,0.182373
4212.77,0.146175
4212.95,0.117064
4213.14,0.0963073
4213.37,0.078915
4213.64,0.0649513
4213.91,0.0555846
4214.23,0.0478163
4214.66,0.040682
4215.27,0.0338841
4215.97,0.0285755
4216.84,0.0241761
4217.89,0.0210006
4218.88,0.0195038
4219.63,0.019198
4220.31,0.0195532
4221.19,0.0211012
4221.85,0.0234683
4222.28,0.0261085
4222.61,0.0291928
4222.89,0.0331232
4223.16,0.039285
4223.38,0.0469381
4223.58,0.057214
4223.76,0.070505
4223.92,0.0868573
4224.07,0.109025
4224.23,0.138916
4224.39,0.178926
4224.55,0.232002
4224.71,0.299417
4224.87,0.393178
4225.04,0.514582
4225.2,0.669599
4225.39,0.901573
4225.59,1.21459
4225.81,1.63754
4226.04,2.22436
4226.31,3.04052
4226.64,4.32465
4227.73,9.22961
4228.14,10.5206
4228.54,11.0035
4228.56,11.0047
4228.96,10.5615
4229.39,9.2257
4230.54,4.06944
4230.88,2.83282
4231.13,2.08919
4231.36,1.52359
4231.57,1.14483
4231.76,0.854787
4231.93,0.654877
4232.1,0.497479
4232.27,0.375473
4232.44,0.283716
4232.59,0.219748
4232.75,0.170562
4232.9,0.133076
4233.04,0.107221
4233.19,0.0853
4233.36,0.067497
4233.53,0.05438
4233.72,0.0439142
4233.94,0.0359177
4234.15,0.0304211
4234.41,0.02588
4234.72,0.0221358
4235.11,0.0189183
4235.69,0.0156177
4236.33,0.0131162
4237.18,0.0107
4238.17,0.00871637
4239.3,0.00711196
4240.57,0.00582557
4241.85,0.0048891
4243.62,0.00395521
4245.39,0.0032942
4247.52,0.00271807
4250.06,0.00221871
4253.04,0.00180683
4256.58,0.00146318
4260.55,0.00119873
4265.08,9.79199E-4
4270.18,8.04438E-4
4276.13,6.60171E-4
4282.08,5.56841E-4
4288.88,4.71016E-4
4299.64,3.78423E-4
4310.91,3.14754E-4
4324.1,2.65796E-4
4338.21,2.31209E-4
4356.07,2.04436E-4
4373.94,1.88405E-4
4401.29,1.78696E-4
4408.75,1.78462E-4
4454.57,1.96905E-4
4473.92,2.18148E-4
4490.25,2.45533E-4
4506.57,2.85317E-4
4520.86,3.39161E-4
4531.06,3.95289E-4
4540.31,4.63941E-4
4548.61,5.51795E-4
4556.43,6.70141E-4
4563.17,8.14298E-4
4568.33,9.70835E-4
4574.09,0.00120524
4578.72,0.00148114
4582.87,0.00182916
4586.54,0.00226813
4589.84,0.00282363
4592.75,0.00352469
4595.37,0.00439681
4597.4,0.0053406
4599.33,0.00657928
4601.03,0.00808332
4602.49,0.00984557
4603.87,0.0121284
4605.18,0.0151159
4606.34,0.0188626
4607.34,0.0233848
4608.24,0.029083
4608.98,0.0355872
4609.59,0.0430743
4610.1,0.0517936
4610.51,0.0617849
4610.86,0.0747581
4611.12,0.0883782
4611.36,0.107191
4611.58,0.130806
4611.76,0.157973
4611.94,0.19467
4612.11,0.2443
4612.29,0.311259
4612.47,0.398163
4612.64,0.516814
4612.82,0.673225
4613.0,0.877057
4613.18,1.13925
4613.38,1.52583
4613.59,2.02318
4613.82,2.73822
4614.07,3.72981
4614.35,5.15875
4614.72,7.45587
4615.38,12.513
4615.99,16.8952
4616.42,18.9111
4616.77,19.4534
4617.18,18.7206
4617.59,16.6889
4618.24,11.8595
4618.84,7.31295
4619.18,5.21434
4619.45,3.86711
4619.7,2.84742
4619.92,2.10912
4620.13,1.59369
4620.33,1.1918
4620.51,0.918412
4620.69,0.705354
4620.87,0.537399
4621.06,0.410759
4621.24,0.316295
4621.42,0.246437
4621.61,0.195076
4621.79,0.157414
4622.0,0.127178
4622.2,0.105558
4622.45,0.0872748
4622.73,0.0726881
4623.08,0.0607168
4623.49,0.0510693
4624.0,0.042578
4624.61,0.0352444
4625.39,0.0284778
4626.29,0.0229719
4627.32,0.0184705
4628.39,0.0150979
4629.58,0.012369
4631.03,0.0099502
4632.6,0.0080696
4634.29,0.00660149
4636.26,0.00536728
4638.37,0.00440966
4640.9,0.00357275
4643.57,0.00293832
4646.95,0.00237061
4650.32,0.00197036
4654.54,0.00162456
4658.76,0.00137448
4663.82,0.00116474
4668.89,0.0010197
4675.64,8.92284E-4
4682.39,8.16242E-4
4692.52,7.69846E-4
4700.05,7.78586E-4
4707.58,8.2469E-4
4715.17,9.28999E-4
4721.23,0.00106983
4725.78,0.00123991
4729.57,0.00144999
4733.27,0.0017531
4736.11,0.00208948
4738.48,0.00249115
4740.57,0.00298735
4742.56,0.00365761
4744.36,0.00452698
4745.88,0.00557203
4747.2,0.00687447
4748.34,0.00845532
4749.29,0.0102901
4750.16,0.0126255
4750.93,0.0155464
4751.48,0.018459
4751.97,0.0221848
4752.3,0.0257874
4752.59,0.0303266
4752.84,0.035995
4753.05,0.0427407
4753.23,0.0511846
4753.4,0.0618695
4753.58,0.0763837
4753.75,0.0961164
4753.92,0.122887
4754.09,0.15901
4754.26,0.205183
4754.42,0.2658
4754.59,0.344601
4754.75,0.445956
4754.92,0.574798
4755.11,0.767171
4755.32,1.03362
4755.52,1.37383
4755.75,1.84622
4756.01,2.53209
4756.32,3.55136
4756.7,5.11295
4757.69,9.67642
4758.17,11.2373
4758.59,11.7897
4758.63,11.7934
4759.02,11.3918
4759.41,10.2696
4760.01,7.68797
4760.67,4.60656
4761.03,3.23293
4761.33,2.29806
4761.58,1.69158
4761.81,1.25186
4762.01,0.937637
4762.21,0.707625
4762.4,0.529008
4762.56,0.409892
4762.73,0.316549
4762.9,0.242904
4763.07,0.185767
4763.24,0.142876
4763.41,0.110958
4763.57,0.0894045
4763.74,0.0714813
4763.91,0.0582989
4764.1,0.047598
4764.3,0.0399293
4764.54,0.0332027
4764.83,0.027769
4765.16,0.0235248
4765.56,0.0200718
4766.11,0.0167415
4766.88,0.0135103
4767.75,0.0109784
4768.69,0.00902446
4769.77,0.00741933
4770.98,0.00612462
4772.39,0.00505183
4773.93,0.0042224
4775.95,0.00348081
4777.96,0.0029743
4780.65,0.00251679
4783.34,0.00221989
4787.37,0.00195682
4791.94,0.00182208
4795.17,0.00179101
4800.49,0.00183898
4805.82,0.00198443
4810.55,0.00222319
4815.28,0.00259998
4819.49,0.00310287
4822.64,0.00367235
4825.27,0.00435748
4827.83,0.00533265
4829.8,0.00643214
4831.44,0.0077676
4832.89,0.0094806
4834.07,0.0115099
4835.05,0.0139307
4835.89,0.0168756
4836.53,0.0201213
4837.04,0.0239834
4837.38,0.0278956
4837.69,0.03316
4837.95,0.0400505
4838.17,0.0485661
4838.37,0.0595362
4838.54,0.0730684
4838.73,0.0929902
4838.9,0.117499
4839.06,0.150286
4839.23,0.193832
4839.4,0.251178
4839.57,0.325926
4839.75,0.433309
4839.93,0.57039
4840.12,0.75291
4840.33,1.01719
4840.56,1.38512
4840.8,1.88246
4841.09,2.61753
4841.4,3.64385
4841.85,5.40244
4842.67,8.96249
4843.1,10.3515
4843.53,11.0082
4843.64,11.0393
4844.02,10.6858
4844.41,9.69388
4844.99,7.385
4845.7,4.31061
4846.06,3.0288
4846.35,2.18626
4846.61,1.59346
4846.85,1.17029
4847.06,0.872723
4847.25,0.659384
4847.45,0.495497
4847.62,0.382407
4847.79,0.294422
4847.96,0.226786
4848.13,0.175365
4848.3,0.136659
4848.47,0.10728
4848.65,0.0857311
4848.82,0.0698997
4849.02,0.0569051
4849.24,0.0468273
4849.49,0.0393465
4849.78,0.0335398
4850.18,0.0287686
4850.63,0.0254379
4851.22,0.0225763
4852.11,0.0199318
4853.0,0.0183979
4854.19,0.0174198
4855.0,0.0172492
4856.56,0.0177917
4858.34,0.0196582
4860.12,0.022989
4861.68,0.0275107
4863.11,0.0336528
4864.33,0.041141
4865.41,0.0506999
4866.3,0.0616451
4867.15,0.0760655
4867.84,0.0926669
4868.43,0.112407
4868.96,0.1374
4869.39,0.165119
4869.81,0.204776
4870.17,0.25438
4870.49,0.317584
4870.78,0.397174
4871.04,0.494187
4871.28,0.613717
4871.55,0.790825
4871.83,1.03459
4872.11,1.34684
4872.43,1.80691
4872.77,2.44836
4873.22,3.48003
4874.38,6.59083
4874.88,7.53913
4875.35,7.85903
4875.35,7.85893
4875.73,7.65226
4876.23,6.83677
4876.96,4.93201
4877.65,3.08873
4878.05,2.2311
4878.35,1.69652
4878.65,1.28557
4878.95,0.968568
4879.23,0.737562
4879.5,0.576325
4879.77,0.455724
4880.03,0.367559
4880.32,0.294917
4880.62,0.24223
4880.95,0.198763
4881.29,0.16726
4881.69,0.140117
4882.18,0.11565
4882.77,0.0946906
4883.49,0.0766644
4884.36,0.0613116
4885.3,0.0495074
4886.33,0.0401422
4887.42,0.0329947
4888.81,0.0264233
4890.39,0.0211089
4892.12,0.0169802
4894.1,0.0136241
4896.13,0.0111499
4898.5,0.00905155
4901.07,0.00741132
4904.24,0.00597216
4907.9,0.0048042
4911.36,0.00401563
4915.42,0.00334724
4920.26,0.00278225
4926.0,0.00232848
4932.33,0.00200267
4939.51,0.00179134
4946.8,0.00171333
4952.74,0.0017738
4957.2,0.00192178
4960.84,0.00214656
4963.54,0.00242888
4966.24,0.00287179
4968.4,0.00342111
4970.02,0.00403502
4971.38,0.00476195
4972.66,0.00573757
4973.67,0.00681463
4974.68,0.00832617
4975.46,0.00998497
4976.16,0.0120691
4976.75,0.0146331
4977.18,0.0175748
4977.48,0.0207375
4977.74,0.0247884
4977.96,0.0297202
4978.17,0.0366111
4978.35,0.0452126
4978.54,0.0571781
4978.7,0.0718878
4978.87,0.0915961
4979.04,0.117851
4979.2,0.152558
4979.38,0.199964
4979.55,0.260771
4979.72,0.339106
4979.9,0.449072
4980.09,0.589954
4980.3,0.801206
4980.52,1.07187
4980.76,1.44844
4981.03,1.99762
4981.36,2.83471
4981.78,4.12789
4982.76,7.41015
4983.19,8.41626
4983.62,8.83251
4983.66,8.83614
4984.06,8.54125
4984.45,7.71598
4985.04,5.83866
4985.76,3.41288
4986.13,2.37692
4986.42,1.71014
4986.68,1.24688
4986.92,0.921114
4987.14,0.677137
4987.33,0.511007
4987.53,0.381922
4987.72,0.28467
4987.89,0.218498
4988.06,0.167513
4988.23,0.12865
4988.38,0.101646
4988.54,0.080879
4988.7,0.0644487
4988.87,0.0512596
4989.04,0.0415655
4989.24,0.0335823
4989.44,0.0279269
4989.68,0.0230405
4989.98,0.0191731
4990.3,0.0164325
4990.77,0.0137112
4991.36,0.0114462
4992.18,0.00930065
4992.96,0.00786612
4994.07,0.00641453
4995.18,0.00540132
4996.69,0.00444475
4998.29,0.00375692
4999.89,0.00327827
5001.92,0.00286227
5004.62,0.00251226
5008.01,0.00225958
5010.71,0.00215309
5014.7,0.00209996
5020.19,0.00217935
5025.67,0.00240224
5030.66,0.00274042
5035.31,0.00323701
5039.3,0.00386034
5043.07,0.00470456
5046.18,0.00567658
5049.22,0.00702377
5051.8,0.0086463
5053.97,0.0105346
5055.92,0.0128437
5057.86,0.0160644
5059.47,0.0198335
5060.86,0.0242825
5062.2,0.0302492
5063.33,0.0372864
5064.37,0.0462954
5065.29,0.0575498
5066.1,0.0714496
5066.8,0.0883876
5067.37,0.108762
5067.83,0.132667
5068.16,0.156612
5068.48,0.190657
5068.76,0.233665
5069.01,0.285522
5069.24,0.355521
5069.48,0.449592
5069.71,0.578439
5069.91,0.728799
5070.14,0.956147
5070.37,1.25815
5070.6,1.65253
5070.86,2.2294
5071.13,3.01146
5071.45,4.16414
5071.8,5.78121
5072.29,8.53204
5073.12,13.5125
5073.62,15.664
5074.06,16.4464
5074.12,16.4563
5074.52,15.9235
5074.95,14.3452
5075.6,10.6908
5076.3,6.50602
5076.7,4.53474
5076.99,3.38585
5077.28,2.47292
5077.54,1.8529
5077.77,1.4139
5077.99,1.08981
5078.22,0.829156
5078.42,0.655685
5078.65,0.506343
5078.88,0.39932
5079.12,0.315567
5079.36,0.255397
5079.64,0.206647
5079.95,0.168714
5080.31,0.13851
5080.68,0.117378
5081.2,0.0961361
5081.86,0.0776013
5082.55,0.063775
5083.36,0.0520664
5084.33,0.0419612
5085.44,0.0337331
5086.62,0.0274505
5088.07,0.0218973
5089.6,0.0177436
5091.44,0.0141513
5093.43,0.0114142
5095.65,0.00922585
5098.14,0.00746399
5101.1,0.00598318
5104.17,0.00490194
5107.84,0.00396735
5112.12,0.00320119
5116.26,0.00267501
5121.57,0.00219673
5126.87,0.00185893
5133.66,0.00156573
5139.56,0.00137879
5148.62,0.00118903
5159.49,0.0010552
5172.01,9.89706E-4
5177.28,9.81772E-4
5189.61,0.00101249
5202.35,0.00111157
5212.62,0.00125741
5223.3,0.00149721
5231.52,0.00177644
5239.74,0.00218496
5246.31,0.00265621
5252.06,0.00323488
5257.1,0.00393979
5261.51,0.00479025
5265.83,0.00594274
5269.73,0.00741184
5273.02,0.00914006
5276.05,0.0113453
5278.57,0.0138688
5280.93,0.0171233
5283.08,0.0212385
5284.93,0.0261028
5286.58,0.032014
5288.22,0.0402334
5289.62,0.0500411
5290.84,0.0619694
5291.95,0.077061
5292.88,0.0947311
5293.74,0.117086
5294.45,0.143007
5295.11,0.176447
5295.71,0.219437
5296.19,0.267428
5296.6,0.323876
5297.01,0.401155
5297.4,0.502334
5297.77,0.632929
5298.13,0.803006
5298.49,1.02687
5298.9,1.36198
5299.36,1.8396
5299.92,2.58964
5301.13,4.36806
5301.73,4.94869
5302.19,5.09498
5302.68,4.92475
5303.22,4.40422
5304.27,2.87329
5304.9,1.98545
5305.37,1.46713
5305.75,1.13135
5306.1,0.883517
5306.46,0.693764
5306.82,0.550916
5307.18,0.444263
5307.54,0.364596
5307.98,0.293037
5308.45,0.239357
5309.0,0.193404
5309.61,0.157701
5310.33,0.127448
5311.11,0.103873
5311.97,0.0849183
5313.04,0.0680245
5314.19,0.0550131
5315.54,0.04402
5316.98,0.0356362
5318.63,0.0287081
5320.42,0.0232334
5322.48,0.0187128
5324.89,0.0149181
5327.36,0.0121337
5330.44,0.00964216
5333.67,0.00777206
5337.12,0.00632901
5341.22,0.00508391
5345.74,0.00410253
5350.68,0.0033304
5356.02,0.00272247
5361.77,0.00224428
5367.93,0.00186241
5376.15,0.00149442
5384.98,0.00121544
5394.85,9.93183E-4
5405.73,8.1865E-4
5417.24,6.85441E-4
5430.39,5.76631E-4
5446.05,4.87101E-4
5461.72,4.24626E-4
5477.39,3.85904E-4
5493.05,3.59585E-4
5508.72,3.50445E-4
5524.39,3.59868E-4
5534.83,3.79346E-4
5547.23,4.24468E-4
5557.02,4.83632E-4
5564.86,5.59334E-4
5571.71,6.58478E-4
5577.42,7.79003E-4
5583.13,9.51098E-4
5587.21,0.00112874
5591.13,0.00136611
5594.56,0.00165606
5597.86,0.00204668
5600.75,0.00253388
5603.28,0.00313815
5605.45,0.00386331
5607.25,0.0046902
5609.06,0.00582356
5610.51,0.00707437
5611.95,0.00880748
5613.22,0.010943
5614.28,0.0134309
5615.19,0.0163547
5616.02,0.0200385
5616.71,0.0241948
5617.26,0.0288163
5617.73,0.0344923
5618.11,0.041203
5618.39,0.048549
5618.63,0.0571821
5618.87,0.0693448
5619.1,0.0859751
5619.29,0.105157
5619.47,0.131039
5619.66,0.165913
5619.85,0.212701
5620.03,0.271496
5620.23,0.357399
5620.43,0.471217
5620.63,0.620079
5620.85,0.832922
5621.06,1.10235
5621.3,1.48648
5621.56,2.02922
5621.83,2.72767
5622.13,3.71871
5622.53,5.34408
5623.71,11.0119
5624.23,12.8118
5624.69,13.4683
5624.74,13.475
5625.17,13.0198
5625.59,11.7474
5626.26,8.71014
5626.98,5.23757
5627.36,3.71762
5627.67,2.69962
5627.96,1.9634
5628.22,1.43547
5628.44,1.08269
5628.67,0.802308
5628.87,0.612578
5629.07,0.465542
5629.27,0.353168
5629.47,0.268382
5629.65,0.207724
5629.84,0.162229
5630.02,0.131282
5630.2,0.105358
5630.39,0.0861382
5630.6,0.0706486
5630.84,0.0581071
5631.12,0.0477646
5631.46,0.039691
5631.83,0.033471
5632.34,0.0278496
5632.96,0.0229917
5633.69,0.0189338
5634.55,0.0154897
5635.54,0.0125809
5636.58,0.0103722
5637.79,0.00846596
5639.21,0.00685686
5640.86,0.00552094
5642.78,0.00441241
5644.93,0.00353592
5647.23,0.00286391
5649.98,0.00229641
5652.73,0.00189129
5656.03,0.00154459
5659.65,0.0012667
5663.61,0.00104808
5668.22,8.6527E-4
5673.72,7.12056E-4
5679.21,6.04309E-4
5687.57,4.91337E-4
5696.36,4.12702E-4
5706.91,3.50107E-4
5719.21,3.04328E-4
5735.04,2.69849E-4
5755.17,2.49482E-4
5768.82,2.45009E-4
5795.48,2.56568E-4
5814.55,2.81034E-4
5837.5,3.35815E-4
5852.72,3.98008E-4
5864.13,4.68518E-4
5873.45,5.53102E-4
5881.15,6.60559E-4
5886.51,7.76171E-4
5890.75,9.16172E-4
5893.65,0.00106433
5896.07,0.00125313
5897.88,0.00146843
5899.48,0.00175642
5900.54,0.00204229
5901.41,0.0023804
5902.02,0.00272018
5902.55,0.00317455
5902.94,0.00370066
5903.24,0.00437001
5903.48,0.0051635
5903.71,0.00633986
5903.91,0.00769187
5904.1,0.00956713
5904.29,0.0121639
5904.45,0.0152315
5904.62,0.019272
5904.8,0.0250798
5904.97,0.0323238
5905.16,0.0429021
5905.35,0.0568289
5905.54,0.0749288
5905.75,0.100769
5905.96,0.134146
5906.18,0.178653
5906.41,0.237302
5906.66,0.320224
5906.97,0.444012
5907.31,0.617332
5907.79,0.910734
5908.76,1.56166
5909.27,1.80678
5909.74,1.896
5909.78,1.89671
5910.22,1.82967
5910.7,1.62627
5911.42,1.15858
5912.07,0.728106
5912.45,0.516661
5912.77,0.370989
5913.05,0.269002
5913.32,0.1958
5913.54,0.147775
5913.73,0.112987
5913.93,0.0855585
5914.13,0.0642762
5914.32,0.0492018
5914.5,0.0375689
5914.69,0.0285293
5914.87,0.0217528
5915.06,0.0167257
5915.25,0.0130305
5915.44,0.0103349
5915.62,0.00837927
5915.84,0.00676977
5916.06,0.00566505
5916.31,0.00481241
5916.58,0.00419924
5916.92,0.00370599
5917.35,0.00331791
5917.86,0.00301594
5918.88,0.00264347
5920.24,0.00236575
5921.94,0.00219318
5923.88,0.00212744
5926.83,0.00218543
5930.52,0.00242916
5933.47,0.00276655
5936.47,0.00328041
5939.21,0.00397915
5941.56,0.0048593
5943.36,0.00584328
5945.01,0.00713464
5946.46,0.00878876
5947.59,0.0106108
5948.52,0.0127261
5949.4,0.0155342
5950.09,0.0187764
5950.58,0.0221668
5950.97,0.0263289
5951.29,0.0315892
5951.56,0.0384187
5951.79,0.0467396
5951.98,0.0559323
5952.19,0.0700669
5952.37,0.087211
5952.56,0.111801
5952.76,0.144336
5952.95,0.187776
5953.14,0.245234
5953.33,0.320407
5953.52,0.417602
5953.73,0.550072
5953.94,0.729864
5954.18,0.990646
5954.42,1.32399
5954.71,1.82134
5955.03,2.53706
5955.43,3.64688
5956.08,5.86576
5956.85,8.47587
5957.32,9.5552
5957.79,9.93776
5958.23,9.59278
5958.71,8.52681
5959.44,6.05816
5960.12,3.74162
5960.5,2.65332
5960.82,1.9146
5961.1,1.41032
5961.35,1.04488
5961.59,0.776149
5961.81,0.586682
5962.02,0.439631
5962.2,0.341599
5962.39,0.26479
5962.59,0.20099
5962.77,0.156378
5962.96,0.122511
5963.14,0.0970013
5963.32,0.0779049
5963.53,0.062165
5963.74,0.0508716
5963.96,0.042242
5964.23,0.0350963
5964.54,0.0297066
5964.92,0.025376
5965.46,0.0216116
5966.22,0.0183247
5967.03,0.0161088
5968.01,0.0143511
5968.99,0.0132401
5970.29,0.0124163
5971.6,0.0121217
5973.61,0.0124547
5975.63,0.0136302
5977.65,0.0157265
5979.41,0.0185518
5980.98,0.0221807
5982.51,0.0272705
5983.78,0.0332627
5984.86,0.0402767
5985.89,0.0496234
5986.81,0.0614133
5987.6,0.0757628
5988.17,0.0902292
5988.71,0.109931
5989.15,0.133132
5989.48,0.158225
5989.79,0.19147
5990.06,0.232533
5990.33,0.290222
5990.56,0.358448
5990.77,0.445469
5991.0,0.567526
5991.23,0.730524
5991.46,0.946021
5991.7,1.22726
5991.95,1.63801
5992.23,2.2094
5992.5,2.94329
5992.81,4.00268
5993.16,5.49039
5993.65,8.01041
5994.72,14.3228
5995.26,16.5659
5995.74,17.3822
5995.79,17.3902
5996.23,16.8292
5996.67,15.258
5997.37,11.4082
5998.17,6.77732
5998.56,4.87407
5998.91,3.52495
5999.21,2.58331
5999.49,1.91594
5999.74,1.4584
5999.99,1.10466
6000.21,0.85707
6000.44,0.663061
6000.67,0.516886
6000.9,0.407741
6001.13,0.326705
6001.38,0.26299
6001.62,0.216597
6001.92,0.176799
6002.27,0.144776
6002.61,0.122453
6003.03,0.103263
6003.58,0.0854532
6004.23,0.0703389
6005.09,0.0564498
6006.01,0.0458401
6007.06,0.0371216
6008.24,0.030063
6009.62,0.0241565
6011.14,0.0195167
6012.89,0.0156621
6014.91,0.0125132
6017.01,0.0101568
6019.29,0.00829534
6022.1,0.00664064
6025.02,0.00540607
6028.28,0.0044109
6032.02,0.00357244
6036.22,0.00288959
6041.12,0.00232005
6046.73,0.00185905
6053.03,0.00149246
6059.56,0.00122095
6067.97,9.74369E-4
6077.31,7.82034E-4
6086.64,6.45364E-4
6097.85,5.26773E-4
6110.92,4.30563E-4
6127.73,3.46614E-4
6146.4,2.85351E-4
6161.34,2.5116E-4
6180.02,2.21808E-4
6202.43,2.00038E-4
6226.71,1.91577E-4
6247.25,1.98377E-4
6262.19,2.14771E-4
6274.62,2.41649E-4
6285.8,2.81828E-4
6293.26,3.252E-4
6299.79,3.80863E-4
6305.38,4.49651E-4
6310.97,5.49568E-4
6315.01,6.51628E-4
6318.74,7.84742E-4
6322.32,9.65523E-4
6325.11,0.00116393
6327.91,0.00143987
6330.24,0.00176023
6332.42,0.00218177
6334.28,0.00269123
6335.91,0.00331235
6337.31,0.00404621
6338.63,0.00500244
6339.72,0.00608459
6340.77,0.0075249
6341.72,0.00937692
6342.4,0.0112303
6342.98,0.0134403
6343.39,0.0156688
6343.74,0.0184862
6344.05,0.0220546
6344.31,0.0263919
6344.52,0.0316429
6344.74,0.0389789
6344.96,0.0493014
6345.16,0.0621611
6345.36,0.0796334
6345.55,0.103256
6345.74,0.13361
6345.94,0.176218
6346.14,0.232583
6346.34,0.306264
6346.56,0.411187
6346.76,0.534767
6347.0,0.721487
6347.26,0.980787
6347.54,1.34692
6347.84,1.84092
6348.2,2.59603
6348.67,3.80803
6349.78,6.95619
6350.28,7.9968
6350.76,8.42597
6350.84,8.43477
6351.31,8.12706
6351.77,7.27134
6352.52,5.22889
6353.24,3.18115
6353.64,2.24257
6353.95,1.65938
6354.23,1.22304
6354.49,0.91188
6354.72,0.68669
6354.96,0.510392
6355.16,0.390068
6355.37,0.294593
6355.57,0.223658
6355.77,0.169474
6355.97,0.128576
6356.15,0.100447
6356.33,0.0790385
6356.52,0.0622873
6356.72,0.0492021
6356.92,0.0396465
6357.12,0.0326604
6357.37,0.0266702
6357.65,0.0218928
6357.95,0.0184507
6358.27,0.0158407
6358.71,0.0134305
6359.26,0.0113286
6360.01,0.00929353
6360.93,0.00750992
6362.01,0.00604485
6363.25,0.00485096
6364.69,0.00387346
6366.13,0.00317626
6367.68,0.00262644
6369.54,0.00214311
6371.7,0.00173925
6374.18,0.00141284
6376.86,0.00116435
6379.96,9.5973E-4
6383.05,8.11238E-4
6387.18,6.71838E-4
6392.13,5.60328E-4
6396.25,4.97219E-4
6402.44,4.38052E-4
6408.63,4.04569E-4
6413.91,3.93185E-4
6421.95,4.13107E-4
6427.12,4.55211E-4
6431.14,5.18429E-4
6434.01,5.91741E-4
6436.88,7.04334E-4
6439.18,8.42016E-4
6440.9,9.93814E-4
6442.63,0.00121483
6443.92,0.00145351
6445.0,0.00172863
6446.07,0.00211452
6446.93,0.00255455
6447.65,0.00308504
6448.15,0.00364053
6448.55,0.0043169
6448.88,0.00516249
6449.11,0.00605169
6449.34,0.00731799
6449.52,0.00872662
6449.73,0.0109111
6449.92,0.0137072
6450.11,0.0175098
6450.3,0.0226789
6450.49,0.0296599
6450.68,0.0390109
6450.87,0.0514188
6451.06,0.0677071
6451.26,0.0898137
6451.46,0.118434
6451.66,0.154984
6451.89,0.209709
6452.12,0.279879
6452.37,0.377801
6452.65,0.514067
6452.97,0.70675
6453.36,1.00434
6453.93,1.53177
6454.8,2.3756
6455.34,2.74327
6455.83,2.86685
6455.85,2.86708
6456.31,2.76844
6456.77,2.48981
6457.45,1.8675
6458.23,1.1089
6458.66,0.766793
6458.99,0.550884
6459.27,0.407191
6459.53,0.303178
6459.75,0.228887
6459.97,0.173884
6460.18,0.130669
6460.39,0.0972712
6460.59,0.0737227
6460.78,0.0556374
6460.97,0.0423793
6461.16,0.032553
6461.34,0.0251077
6461.52,0.0195115
6461.7,0.0153333
6461.89,0.012229
6462.07,0.00992928
6462.27,0.00804933
6462.47,0.00676128
6462.69,0.00570055
6462.97,0.00478541
6463.3,0.00405608
6463.75,0.00342421
6464.3,0.00290305
6465.14,0.00237554
6466.14,0.00194272
6467.2,0.00162137
6468.59,0.00132727
6469.98,0.00112376
6471.53,9.61616E-4
6473.76,8.03757E-4
6476.43,6.83586E-4
6478.98,6.10913E-4
6482.88,5.46776E-4
6487.55,5.11099E-4
6490.66,5.04379E-4
6495.89,5.15638E-4
6501.12,5.51626E-4
6506.35,6.13651E-4
6512.45,7.28051E-4
6517.68,8.78685E-4
6521.83,0.00105122
6525.75,0.00128217
6529.45,0.00158981
6532.5,0.00195116
6535.12,0.00238464
6537.63,0.00296525
6539.91,0.00371809
6541.88,0.00463148
6543.62,0.00576783
6545.09,0.0070938
6546.41,0.00874612
6547.54,0.0107028
6548.56,0.0131434
6549.54,0.0164061
6550.31,0.0200915
6550.91,0.0241092
6551.39,0.0287512
6551.75,0.0338137
6552.06,0.0403498
6552.31,0.0476291
6552.56,0.0578513
6552.81,0.0724411
6553.03,0.0909759
6553.23,0.113436
6553.43,0.143457
6553.63,0.183394
6553.84,0.239174
6554.05,0.313167
6554.26,0.410212
6554.47,0.53592
6554.7,0.713925
6554.94,0.965337
6555.19,1.28855
6555.47,1.74023
6555.76,2.3614
6556.11,3.26554
6556.58,4.76685
6557.79,9.20923
6558.33,10.6272
6558.83,11.1435
6558.87,11.1468
6559.36,10.7116
6559.86,9.50786
6560.66,6.61366
6561.34,4.15509
6561.75,2.90627
6562.09,2.09583
6562.39,1.52991
6562.66,1.12391
6562.9,0.851958
6563.14,0.635102
6563.35,0.487706
6563.56,0.372915
6563.76,0.284679
6563.96,0.220454
6564.16,0.171516
6564.36,0.134535
6564.56,0.106771
6564.76,0.0860149
6564.97,0.0698581
6565.22,0.056059
6565.47,0.0463689
6565.76,0.0383063
6566.11,0.0319566
6566.51,0.0270314
6567.06,0.0224214
6567.71,0.0185876
6568.56,0.0150852
6569.6,0.0120393
6570.65,0.00986149
6571.76,0.00814734
6573.1,0.00663595
6574.52,0.00546189
6576.36,0.00436912
6578.5,0.00346864
6580.57,0.00284002
6583.14,0.00228039
6585.59,0.00189357
6588.64,0.00154043
6592.31,0.00124364
6596.22,0.00101614
6600.62,8.33427E-4
6605.75,6.83924E-4
6611.38,5.70586E-4
6618.22,4.78408E-4
6625.55,4.17666E-4
6632.38,3.89051E-4
6635.8,3.85544E-4
6640.86,3.96524E-4
6644.24,4.17584E-4
6647.62,4.57651E-4
6650.76,5.24256E-4
6653.17,6.07812E-4
6655.1,7.08482E-4
6656.79,8.36455E-4
6658.24,9.9492E-4
6659.44,0.00118287
6660.65,0.00145317
6661.65,0.00177928
6662.4,0.00213937
6662.93,0.00251036
6663.36,0.00297225
6663.69,0.00351844
6663.97,0.00420563
6664.21,0.00512128
6664.44,0.00629859
6664.63,0.00773616
6664.82,0.00970441
6665.01,0.0123946
6665.2,0.0158643
6665.38,0.020499
6665.57,0.0266399
6665.75,0.0347069
6665.93,0.0452053
6666.14,0.0602748
6666.34,0.080333
6666.53,0.104176
6666.76,0.139673
6666.98,0.185008
6667.24,0.250994
6667.51,0.342395
6667.83,0.475814
6668.19,0.663391
6668.66,0.965793
6669.74,1.74473
6670.25,2.02206
6670.76,2.15183
6670.88,2.15685
6671.37,2.07458
6671.87,1.84188
6672.67,1.27975
6673.36,0.794634
6673.75,0.565759
6674.09,0.406139
6674.38,0.295988
6674.65,0.216635
6674.9,0.161299
6675.1,0.123801
6675.31,0.094088
6675.51,0.070895
6675.72,0.0530524
6675.91,0.0403592
6676.11,0.0304328
6676.29,0.0236256
6676.46,0.0184062
6676.64,0.0144331
6676.82,0.0114281
6677.01,0.00895222
6677.21,0.00713041
6677.41,0.00581303
6677.64,0.00474349
6677.87,0.00399389
6678.15,0.00334941
6678.49,0.00283688
6678.92,0.00241535
6679.52,0.00202504
6680.37,0.00165111
6681.4,0.00134294
6682.42,0.0011234
6683.84,9.08297E-4
6685.27,7.58142E-4
6687.15,6.19042E-4
6689.2,5.14096E-4
6691.59,4.29366E-4
6694.32,3.62918E-4
6697.74,3.06829E-4
6701.84,2.60832E-4
6707.07,2.22331E-4
6713.91,1.90812E-4
6720.74,1.7024E-4
6731.67,1.49228E-4
6745.92,1.33159E-4
6769.35,1.198E-4
6789.24,1.14841E-4
6809.12,1.13567E-4
6840.73,1.1789E-4
6862.39,1.251E-4
6879.08,1.33708E-4
6901.33,1.50937E-4
6918.02,1.71478E-4
6933.4,2.01044E-4
6944.39,2.33037E-4
6954.98,2.79594E-4
6962.15,3.27432E-4
6967.54,3.78616E-4
6973.14,4.56607E-4
6977.35,5.43208E-4
6981.36,6.65796E-4
6984.4,8.02908E-4
6986.94,9.69666E-4
6989.1,0.00117411
6990.88,0.00141432
6992.57,0.00173878
6994.02,0.00214007
6995.27,0.00264265
6996.19,0.00316735
6996.96,0.00377317
6997.62,0.00452073
6998.08,0.00530591
6998.41,0.00613378
6998.74,0.00737268
6999.0,0.00886272
6999.25,0.010851
6999.47,0.0134301
6999.66,0.0166464
6999.86,0.0210311
7000.06,0.0269912
7000.26,0.0350484
7000.46,0.0458613
7000.64,0.0593364
7000.84,0.0779985
7001.04,0.102326
7001.24,0.133675
7001.43,0.173582
7001.67,0.234838
7001.92,0.317968
7002.16,0.424121
7002.46,0.583247
7002.76,0.796038
7003.15,1.13005
7003.64,1.66222
7004.85,3.11929
7005.39,3.57173
7005.9,3.73445
7005.93,3.73477
7006.42,3.59643
7006.92,3.20772
7007.69,2.31107
7008.42,1.42461
7008.85,0.99703
7009.2,0.718476
7009.5,0.5249
7009.77,0.386143
7010.02,0.288099
7010.24,0.21937
7010.46,0.166521
7010.65,0.128156
7010.85,0.0980783
7011.05,0.0747785
7011.25,0.0569362
7011.44,0.0434187
7011.64,0.0332776
7011.84,0.0257335
7012.04,0.0201609
7012.24,0.0160654
7012.43,0.0130634
7012.65,0.0106564
7012.9,0.00877788
7013.16,0.0073882
7013.46,0.00631137
7013.84,0.00541682
7014.3,0.00470176
7015.05,0.00392061
7015.96,0.00330005
7016.97,0.00282453
7018.22,0.00241979
7019.63,0.00212108
7021.65,0.00186589
7024.07,0.00172526
7025.68,0.00170095
7028.46,0.001759
7031.23,0.00193697
7034.01,0.00225741
7036.44,0.00269987
7038.33,0.0032082
7040.18,0.00392351
7041.73,0.00477263
7043.12,0.00584383
7044.27,0.00707964
7045.43,0.00881046
7046.37,0.0108125
7047.18,0.0132581
7047.79,0.0159269
7048.19,0.0184896
7048.54,0.0216985
7048.85,0.025687
7049.1,0.030421
7049.33,0.0363406
7049.54,0.0438313
7049.75,0.0540146
7049.96,0.067881
7050.17,0.0867267
7050.38,0.112215
7050.58,0.144874
7050.78,0.187858
7050.99,0.243884
7051.19,0.316131
7051.39,0.408219
7051.62,0.546098
7051.88,0.737648
7052.13,0.982959
7052.41,1.32463
7052.73,1.82226
7053.11,2.56436
7053.58,3.70547
7054.79,7.05865
7055.37,8.21005
7055.89,8.618
7055.93,8.62071
7056.41,8.3243
7056.89,7.49641
7057.62,5.59534
7058.44,3.33525
7058.87,2.33239
7059.22,1.69362
7059.52,1.24542
7059.8,0.920621
7060.04,0.695544
7060.28,0.524426
7060.51,0.391599
7060.72,0.303074
7060.92,0.233747
7061.14,0.176206
7061.35,0.134562
7061.56,0.103356
7061.77,0.0801682
7061.98,0.0630509
7062.19,0.0504648
7062.4,0.0412184
7062.63,0.0338297
7062.91,0.0276236
7063.23,0.0227541
7063.6,0.0190589
7064.01,0.0163123
7064.64,0.013403
7065.4,0.0110204
7066.36,0.00889319
7067.43,0.0072212
7068.58,0.00591833
7070.01,0.00476231
7071.67,0.00381616
7073.57,0.00306197
7075.71,0.00246585
7077.85,0.00203898
7080.23,0.00169406
7083.08,0.00139697
7086.17,0.00116994
7090.45,9.50261E-4
7094.73,7.99924E-4
7100.17,6.73155E-4
7105.67,5.84853E-4
7112.27,5.14672E-4
7121.07,4.58619E-4
7132.07,4.22769E-4
7143.81,4.1009E-4
7155.54,4.15547E-4
7173.15,4.51087E-4
7190.75,5.15932E-4
7205.42,6.00325E-4
7217.15,6.92839E-4
7228.89,8.1699E-4
7239.89,9.73391E-4
7250.89,0.00118303
7260.79,0.00144761
7269.59,0.00177323
7277.6,0.0021792
7285.13,0.00270519
7291.85,0.00336226
7298.08,0.00421885
7303.27,0.00521548
7307.84,0.00642044
7312.15,0.00799045
7315.79,0.00981975
7319.32,0.0122761
7322.23,0.0150619
7324.93,0.0186122
7327.42,0.0231544
7329.71,0.0289762
7331.79,0.0364401
7333.45,0.0447386
7334.9,0.0546101
7336.3,0.0676688
7337.55,0.0838151
7338.64,0.103465
7339.55,0.12602
7340.33,0.152372
7341.03,0.184939
7341.65,0.225566
7342.17,0.273678
7342.65,0.336531
7343.0,0.402387
7343.35,0.492733
7343.71,0.618556
7344.01,0.768058
7344.34,0.984108
7344.67,1.27703
7344.99,1.66177
7345.33,2.20201
7345.67,2.90296
7346.08,3.96712
7346.54,5.48983
7347.2,8.23013
7348.18,12.5333
7348.78,14.4997
7349.32,15.2993
7349.44,15.329
7349.93,14.8697
7350.48,13.3814
7351.31,9.91736
7352.16,6.22312
7352.67,4.37955
7353.08,3.22697
7353.44,2.41602
7353.79,1.82542
7354.1,1.41348
7354.41,1.09926
7354.74,0.852859
7355.06,0.67203
7355.39,0.53983
7355.76,0.431306
7356.14,0.353247
7356.61,0.285837
7357.13,0.234121
7357.75,0.190964
7358.4,0.158898
7359.18,0.13082
7360.14,0.105842
7361.23,0.0855471
7362.51,0.0686413
7363.96,0.0549142
7365.49,0.0445264
7367.31,0.035649
7369.39,0.0284308
7371.57,0.0229965
7374.06,0.0185095
7376.87,0.0148827
7380.19,0.0118242
7383.62,0.00956069
7387.25,0.00780621
7391.62,0.00627829
7396.19,0.00511504
7401.59,0.00411717
7407.82,0.0032922
7414.49,0.00266406
7422.78,0.00210736
7431.84,0.00167813
7439.65,0.00140656
7449.42,0.00115381
7461.14,9.32209E-4
7474.81,7.50085E-4
7492.38,5.89005E-4
7511.91,4.68745E-4
7527.54,3.99564E-4
7547.07,3.36654E-4
7570.51,2.83144E-4
7593.94,2.48833E-4
7617.38,2.28575E-4
7633.0,2.25417E-4
7644.72,2.32652E-4
7652.53,2.46549E-4
7658.39,2.64561E-4
7664.25,2.98133E-4
7668.13,3.35562E-4
7671.36,3.83722E-4
7673.95,4.405E-4
7676.44,5.22868E-4
7678.29,6.131E-4
7680.13,7.44744E-4
7681.66,9.05276E-4
7682.81,0.00107944
7683.97,0.00133038
7684.75,0.00157751
7685.3,0.00182475
7685.79,0.00214388
7686.14,0.00248802
7686.47,0.00298945
7686.75,0.00363062
7687.0,0.00448265
7687.22,0.00556763
7687.42,0.00687554
7687.62,0.00864007
7687.81,0.0110127
7688.01,0.0141867
7688.2,0.0184037
7688.41,0.0241775
7688.61,0.0317846
7688.81,0.0417041
7689.03,0.0558224
7689.24,0.0724775
7689.45,0.0944208
7689.67,0.123695
7689.93,0.166145
7690.21,0.227276
7690.5,0.305241
7690.85,0.420967
7691.26,0.593671
7691.86,0.899847
7692.88,1.45029
7693.47,1.67026
7694.01,1.74342
7694.02,1.74345
7694.51,1.68557
7695.0,1.52015
7695.76,1.13552
7696.61,0.673085
7697.05,0.474384
7697.4,0.348377
7697.72,0.254329
7698.0,0.188908
7698.27,0.138449
7698.51,0.104
7698.75,0.0771839
7698.97,0.0585209
7699.19,0.0440593
7699.4,0.0330035
7699.6,0.0253211
7699.79,0.0194308
7699.99,0.0149565
7700.18,0.011675
7700.38,0.0090962
7700.58,0.00718621
7700.78,0.00577698
7700.98,0.00473865
7701.21,0.00386546
7701.48,0.00317553
7701.74,0.00270225
7702.08,0.00229981
7702.54,0.00193554
7703.16,0.00162614
7704.05,0.00133613
7705.11,0.00109934
7706.44,8.96353E-4
7707.99,7.35457E-4
7709.72,6.12748E-4
7711.85,5.1042E-4
7714.33,4.31514E-4
7716.99,3.74773E-4
7720.54,3.24335E-4
7724.97,2.86069E-4
7730.65,2.5573E-4
7737.03,2.36469E-4
7745.54,2.23788E-4
7754.82,2.19384E-4
7768.74,2.25096E-4
7787.29,2.46365E-4
7803.53,2.83863E-4
7815.13,3.26127E-4
7826.73,3.87787E-4
7838.33,4.8095E-4
7847.03,5.86065E-4
7854.86,7.24647E-4
7860.95,8.78001E-4
7866.89,0.00108975
7871.96,0.00134708
7876.31,0.00164994
7880.37,0.00205002
7883.85,0.00253378
7886.9,0.00312233
7889.51,0.00381597
7891.96,0.00470691
7894.14,0.0057984
7896.06,0.00711374
7897.86,0.00883035
7899.43,0.0109231
7900.81,0.0134685
7901.97,0.0163888
7903.06,0.0201733
7904.02,0.0248186
7904.83,0.030231
7905.53,0.0370792
7905.98,0.0433239
7906.43,0.0523108
7906.77,0.0621345
7907.11,0.0763457
7907.39,0.0933569
7907.67,0.117369
7907.91,0.145819
7908.15,0.184211
7908.39,0.235803
7908.63,0.304655
7908.88,0.395673
7909.12,0.514628
7909.36,0.668074
7909.6,0.863213
7909.88,1.14892
7910.19,1.5583
7910.52,2.12902
7910.9,2.93409
7911.38,4.21335
7912.89,8.99268
7913.5,10.3123
7914.05,10.7387
7914.56,10.3673
7915.08,9.33099
7915.87,6.90835
7916.74,4.14141
7917.22,2.87629
7917.6,2.08311
7917.94,1.52245
7918.23,1.13963
7918.51,0.852501
7918.76,0.651194
7919.01,0.497172
7919.25,0.382318
7919.49,0.294559
7919.73,0.228251
7919.98,0.178608
7920.22,0.141689
7920.46,0.114331
7920.7,0.0940589
7920.99,0.0764486
7921.32,0.062216
7921.66,0.0523774
7922.08,0.0439105
7922.53,0.0375093
7923.17,0.0310601
7923.97,0.025414
7924.94,0.0206059
7926.06,0.0166108
7927.27,0.0135332
7928.68,0.0109267
7930.17,0.00893108
7931.86,0.00728535
7933.73,0.00595919
7936.03,0.00477737
7938.34,0.00391964
7941.13,0.00316628
7944.31,0.00255266
7948.03,0.002048
7952.01,0.00167065
7956.92,0.00134196
7961.69,0.0011163
7967.27,9.30184E-4
7973.37,7.89293E-4
7980.8,6.77368E-4
7987.7,6.16726E-4
7993.01,5.95171E-4
7995.66,5.94347E-4
8001.2,6.16169E-4
8004.9,6.54759E-4
8008.59,7.3169E-4
8011.31,8.27248E-4
8013.94,9.7293E-4
8015.69,0.00112139
8017.44,0.00133989
8018.97,0.00162569
8020.07,0.00191995
8021.12,0.00232307
8021.82,0.00270879
8022.43,0.00320662
8022.87,0.00375763
8023.22,0.00443397
8023.53,0.00533251
8023.8,0.00652692
8024.04,0.00806445
8024.26,0.00997983
8024.47,0.0126164
8024.69,0.0162359
8024.88,0.0204751
8025.06,0.0260132
8025.25,0.0332004
8025.44,0.0424579
8025.64,0.055081
8025.84,0.0719825
8026.05,0.0936343
8026.29,0.126252
8026.53,0.168487
8026.8,0.22892
8027.06,0.304442
8027.35,0.41005
8027.67,0.552771
8028.05,0.767091
8028.55,1.11133
8029.92,2.18737
8030.49,2.49803
8031.03,2.61305
8031.06,2.61333
8031.59,2.5168
8032.12,2.24304
8032.97,1.59422
8033.74,0.990218
8034.17,0.709052
8034.54,0.513793
8034.85,0.377805
8035.14,0.278937
8035.4,0.210644
8035.65,0.156864
8035.88,0.11994
8036.1,0.0909273
8036.32,0.0684531
8036.53,0.0519919
8036.75,0.0394
8036.96,0.0298725
8037.15,0.0233596
8037.34,0.0183757
8037.55,0.0142259
8037.74,0.0114682
8037.96,0.00912673
8038.17,0.00743022
8038.42,0.0060519
8038.67,0.00508695
8038.98,0.00426051
8039.35,0.00360879
8039.84,0.0030518
8040.4,0.0026366
8041.33,0.00216922
8042.44,0.0017896
8043.56,0.00152123
8045.11,0.00126036
8046.96,0.00105083
8048.82,9.07744E-4
8051.3,7.79044E-4
8054.39,6.79404E-4
8057.49,6.17531E-4
8062.44,5.64364E-4
8067.39,5.47396E-4
8074.5,5.70486E-4
8079.24,6.12806E-4
8085.16,7.04281E-4
8089.88,8.20353E-4
8094.12,9.82794E-4
8097.66,0.00118487
8100.75,0.00144339
8103.4,0.00176127
8105.52,0.00212235
8107.38,0.00256483
8109.19,0.00317562
8110.74,0.00391972
8112.07,0.00482386
8113.16,0.00587009
8114.14,0.00718463
8114.95,0.00877105
8115.45,0.0101911
8115.91,0.0120568
8116.25,0.0141278
8116.53,0.0166052
8116.82,0.0201676
8117.08,0.0249016
8117.32,0.0312455
8117.55,0.0391668
8117.77,0.0499634
8117.99,0.064614
8118.21,0.0843618
8118.43,0.110753
8118.66,0.146353
8118.88,0.193584
8119.11,0.254991
8119.34,0.333766
8119.56,0.433373
8119.82,0.57606
8120.11,0.78225
8120.43,1.06901
8120.79,1.47891
8121.2,2.05792
8121.82,3.13373
8122.91,5.14174
8123.47,5.86797
8124.02,6.1592
8124.08,6.16155
8124.62,5.92191
8125.17,5.25867
8126.02,3.72359
8126.8,2.3004
8127.24,1.63778
8127.6,1.19246
8127.93,0.870446
8128.24,0.63519
8128.51,0.472169
8128.75,0.360087
8129.0,0.269645
8129.22,0.205035
8129.45,0.155207
8129.68,0.117276
8129.87,0.0929399
8130.06,0.073894
8130.25,0.0585709
8130.46,0.0460739
8130.68,0.036762
8130.89,0.0298459
8131.13,0.0240952
8131.4,0.0195644
8131.71,0.0161385
8132.07,0.013421
8132.48,0.0113949
8133.07,0.00956198
8133.73,0.00816744
8134.73,0.00674328
8135.93,0.00559349
8137.14,0.00481429
8138.34,0.00427557
8139.54,0.00390539
8141.35,0.00357748
8143.16,0.00345812
8145.14,0.00353363
8147.12,0.00383665
8148.6,0.00425098
8150.34,0.0050229
8151.67,0.00593681
8152.86,0.00711883
8153.86,0.00853079
8154.75,0.0103846
8155.37,0.0123044
8155.87,0.0146241
8156.24,0.0172597
8156.57,0.0206556
8156.84,0.0247616
8157.11,0.0306472
8157.35,0.0381687
8157.57,0.0473422
8157.78,0.0596934
8157.99,0.0757091
8158.2,0.0966436
8158.41,0.124048
8158.64,0.163692
8158.86,0.215903
8159.09,0.283798
8159.33,0.374482
8159.59,0.50392
8159.85,0.669948
8160.14,0.904682
8160.43,1.19474
8160.78,1.63377
8161.19,2.28212
8161.81,3.45693
8162.89,5.66175
8163.5,6.5369
8164.05,6.83804
8164.08,6.83865
8164.61,6.58738
8165.14,5.88898
8165.99,4.22469
8166.77,2.63752
8167.23,1.86352
8167.62,1.32988
8167.94,0.978197
8168.23,0.727975
8168.5,0.547277
8168.76,0.406116
8169.0,0.309979
8169.23,0.233848
8169.46,0.177404
8169.69,0.134375
8169.92,0.10196
8170.12,0.0797093
8170.33,0.0628003
8170.54,0.0498093
8170.78,0.0392848
8171.01,0.0316507
8171.27,0.0255244
8171.56,0.0208146
8171.85,0.0175598
8172.2,0.0148598
8172.58,0.0128132
8173.11,0.0108417
8173.78,0.00912588
8174.63,0.00754698
8175.6,0.00625987
8176.75,0.00513501
8178.1,0.00418966
8179.54,0.00345534
8181.27,0.00281578
8183.3,0.00228309
8185.6,0.00185243
8188.3,0.00150003
8191.38,0.00122016
8194.65,0.00100763
8198.69,8.21569E-4
8203.12,6.79165E-4
8207.93,5.69462E-4
8213.71,4.78046E-4
8221.02,3.965E-4
8229.11,3.35254E-4
8236.04,2.98392E-4
8248.36,2.53627E-4
8260.67,2.25044E-4
8277.88,2.0155E-4
8296.25,1.88951E-4
8313.36,1.85299E-4
8344.79,1.95115E-4
8367.03,2.16284E-4
8385.32,2.45208E-4
8400.13,2.82384E-4
8412.47,3.29744E-4
8421.61,3.80029E-4
8431.97,4.62439E-4
8438.89,5.47795E-4
8444.93,6.58588E-4
8449.75,7.90073E-4
8453.64,9.43479E-4
8456.84,0.00112821
8459.44,0.00134289
8461.6,0.00159609
8463.78,0.00196622
8465.37,0.00235512
8466.73,0.00282243
8468.04,0.00346548
8469.12,0.00424612
8469.84,0.00500533
8470.33,0.00575241
8470.77,0.00671131
8471.14,0.00796037
8471.45,0.00953075
8471.72,0.0116148
8471.96,0.0140833
8472.19,0.0175091
8472.42,0.0222685
8472.63,0.0281032
8472.83,0.0358937
8473.04,0.0462311
8473.25,0.0598412
8473.46,0.0774573
8473.68,0.101927
8473.9,0.133671
8474.14,0.17856
8474.38,0.23649
8474.64,0.317533
8474.92,0.427466
8475.23,0.583425
8475.57,0.801274
8475.96,1.11461
8476.44,1.60063
8477.91,3.32082
8478.5,3.81227
8479.07,4.0047
8479.12,4.00619
8479.68,3.85174
8480.23,3.41908
8481.1,2.42997
8481.89,1.50732
8482.35,1.06023
8482.74,0.757975
8483.07,0.552746
8483.38,0.403609
8483.66,0.299
8483.91,0.226202
8484.16,0.168152
8484.38,0.128659
8484.6,0.0979536
8484.83,0.0743729
8485.05,0.056476
8485.27,0.043038
8485.49,0.0330464
8485.71,0.0258925
8485.91,0.0209165
8486.14,0.0166395
8486.37,0.0135711
8486.64,0.0111046
8486.9,0.00939709
8487.24,0.00795117
8487.64,0.00682398
8488.12,0.00593641
8488.71,0.00522193
8489.66,0.00446318
8490.84,0.00384659
8492.33,0.00335944
8493.89,0.00305659
8496.23,0.00283856
8497.79,0.00280018
8500.13,0.00286743
8503.26,0.0031598
8505.61,0.00354162
8508.34,0.00421712
8510.62,0.00504312
8512.86,0.00621329
8514.79,0.00766827
8516.4,0.00939933
8517.75,0.0114248
8519.01,0.0140509
8520.16,0.0174017
8521.14,0.0214842
8521.85,0.0256573
8522.45,0.0305503
8522.92,0.0361842
8523.35,0.0437231
8523.72,0.0532366
8524.03,0.0651407
8524.29,0.0790515
8524.55,0.098154
8524.82,0.125328
8525.08,0.161762
8525.3,0.203412
8525.52,0.257435
8525.79,0.34025
8526.04,0.449885
8526.3,0.592905
8526.57,0.776478
8526.86,1.04553
8527.19,1.42673
8527.55,1.97036
8527.96,2.725
8528.48,3.93495
8529.85,7.63075
8530.49,8.89414
8531.07,9.35569
8531.13,9.3604
8531.67,9.03284
8532.2,8.11963
8533.03,5.98072
8533.92,3.59973
8534.42,2.49802
8534.82,1.78949
8535.15,1.32225
8535.45,0.989858
8535.75,0.730762
8536.04,0.544223
8536.3,0.412483
8536.56,0.311964
8536.78,0.245843
8537.0,0.194523
8537.26,0.150486
8537.48,0.121316
8537.75,0.0953404
8538.01,0.0766367
8538.28,0.0631269
8538.57,0.0525907
8538.91,0.0440034
8539.31,0.0368995
8539.84,0.0305604
8540.51,0.0252839
8541.39,0.0205887
8542.43,0.0167491
8543.5,0.013955
8544.69,0.0117249
8546.12,0.00985355
8547.67,0.00850474
8549.07,0.00775705
8550.75,0.00740004
8551.88,0.00760392
8552.58,0.00814333
8553.01,0.00884106
8553.44,0.0101372
8553.72,0.0115906
8554.0,0.013816
8554.25,0.0167061
8554.5,0.0208653
8554.71,0.0258206
8554.93,0.0324918
8555.14,0.0413929
8555.35,0.0531564
8555.57,0.0685411
8555.78,0.0884409
8556.02,0.117417
8556.27,0.157341
8556.52,0.208969
8556.77,0.27455
8557.07,0.371669
8557.39,0.507101
8557.75,0.700496
8558.21,1.00293
8558.85,1.53165
8559.92,2.46569
8560.53,2.83249
8561.09,2.96855
8561.13,2.96913
8561.69,2.85457
8562.25,2.53094
8563.15,1.77167
8563.91,1.11676
8564.36,0.79268
8564.75,0.567918
8565.08,0.417397
8565.37,0.311162
8565.66,0.227902
8565.93,0.169078
8566.17,0.128152
8566.4,0.0963823
8566.62,0.0742233
8566.83,0.0570173
8567.05,0.0438029
8567.26,0.0337573
8567.48,0.0259588
8567.68,0.0207407
8567.88,0.0167775
8568.11,0.0132751
8568.35,0.0107776
8568.59,0.00899474
8568.83,0.00771456
8569.14,0.0065327
8569.54,0.00557633
8570.07,0.00477384
8570.77,0.00411855
8571.88,0.00344034
8573.27,0.00287709
8574.83,0.00244008
8577.1,0.00201019
8579.83,0.00167143
8583.01,0.00141041
8587.09,0.00118329
8591.18,0.0010275
8597.08,8.75751E-4
8603.89,7.63984E-4
8610.7,6.90993E-4
8621.6,6.23017E-4
8636.58,5.86826E-4
8640.67,5.85412E-4
8657.92,6.11629E-4
8672.46,6.69628E-4
8686.98,7.6495E-4
8701.51,9.08934E-4
8714.23,0.0010927
8725.12,0.00131506
8736.02,0.0016285
8745.1,0.00199667
8753.28,0.00245705
8760.43,0.00301362
8767.58,0.00378947
8773.71,0.00473165
8779.16,0.00591047
8783.81,0.0073129
8787.78,0.00895378
8791.76,0.011225
8795.05,0.0138411
8798.23,0.0173441
8800.86,0.0213613
8803.4,0.0267599
8805.67,0.0335521
8807.67,0.0419509
8809.38,0.052
8810.89,0.0642508
8812.19,0.0786587
8813.36,0.0964299
8814.39,0.117862
8815.42,0.147665
8816.25,0.18098
8817.05,0.225161
8817.8,0.283487
8818.41,0.348794
8819.02,0.436105
8819.66,0.557252
8820.29,0.717123
8821.04,0.96205
8822.06,1.38573
8823.56,2.0354
8824.36,2.26003
8825.01,2.32153
8825.63,2.26561
8826.4,2.05939
8827.67,1.51746
8828.81,1.02859
8829.56,0.769162
8830.19,0.597428
8830.83,0.466243
8831.46,0.368319
8832.1,0.295844
8832.73,0.242002
8833.53,0.192968
8834.37,0.155925
8835.32,0.125738
8836.28,0.103731
8837.5,0.0831573
8838.93,0.0661562
8840.45,0.0532799
8842.04,0.0434957
8843.99,0.0347908
8846.17,0.0278571
8848.35,0.0228232
8850.8,0.0186514
8853.67,0.0150867
8856.8,0.0122361
8860.43,0.00983995
8864.18,0.00804001
8868.72,0.00645252
8873.83,0.00517209
8879.27,0.00418689
8885.4,0.00338638
8892.55,0.00271031
8900.39,0.00217949
8908.56,0.0017773
8917.64,0.00144944
8928.54,0.00116421
8941.25,9.27426E-4
8953.96,7.5798E-4
8968.49,6.15571E-4
8984.84,4.99287E-4
9003.91,4.01864E-4
9025.7,3.22699E-4
9048.86,2.62114E-4
9075.65,2.11985E-4
9104.71,1.7266E-4
9138.94,1.39686E-4
9169.54,1.17884E-4
9206.26,9.79064E-5
9255.21,7.89058E-5
9304.17,6.52478E-5
9365.37,5.3115E-5
9414.32,4.57732E-5
9475.52,3.87717E-5
9487.76,3.75536E-5
9500.0,0.198414
9500.0,3.64176E-5
10000.0,0.192288
11000.0,0.181188
13150.8,0.162347
14000.0,0.154909
16737.4,0.137496
17000.0,0.135826
20000.0,0.121369
23910.6,0.107649
25000.0,0.103826
29888.2,0.0917383
30000.0,0.0914619
35865.9,0.0814341
37500.0,0.0786406
44832.4,0.0701085
45000.0,0.0699135
53798.9,0.0630186
56250.0,0.0610979
67248.6,0.0552789
67500.0,0.0551458
80698.3,0.0502993
83750.0,0.0491787
100000.0,0.0449993
100000.0,0.0448712
164665.0,0.0424067
200000.0,0.0417001
329330.0,0.0435212
500000.0,0.0484978
520000.0,0.0415973
540000.0,0.0257036
560000.0,0.0213007
580000.0,0.0192003
600000.0,0.0180002
650000.0,0.0164001
700000.0,0.0157001
800000.0,0.0155001
1000000.0,0.0168
1500000.0,0.0173999
2000000.0,0.0134
2561100.0,0.0100067
3312500.0,0.006525
3562500.0,0.0055
4048880.0,0.00397291
5000000.0,0.00150004
1.0E7,1.00007E-4
1.99998E7,1.52115E-9
1.99999E7,9.3134E-10
2.0E7,3.7845E-10
2.0E7,4.3654E-10
2.0E7,6.2227E-10