48-Cd-108(n,&gamma;) ENDF/B-VII.1
1.0E-5,45.6927
1.31241E-5,39.8852
1.70876E-5,34.9546
2.2426E-5,30.512
2.91987E-5,26.7402
3.83206E-5,23.3414
4.98935E-5,20.456
6.54808E-5,17.856
8.52562E-5,15.6488
1.11891E-4,13.6598
1.45682E-4,11.9711
1.91195E-4,10.4498
2.48937E-4,9.15802
3.26707E-4,7.99381
4.25373E-4,7.00562
5.58264E-4,6.1151
7.26861E-4,5.3593
9.53941E-4,4.67805
0.00124203,4.09957
0.00163006,3.57846
0.00212234,3.13584
0.00278538,2.73711
0.00362657,2.39853
0.00475955,2.09387
0.00619694,1.83485
0.00813293,1.60283
0.0105891,1.40615
0.0138972,1.22597
0.0180942,1.07529
0.0234661,0.945436
0.0253,0.910734
0.033204,0.794211
0.0432317,0.69397
0.0567377,0.604496
0.0738726,0.530369
0.0969512,0.461528
0.138572,0.385024
0.18042,0.335916
0.236786,0.291844
0.338436,0.242426
0.440644,0.21088
0.629809,0.173937
0.826569,0.149928
1.1288,0.126342
1.34952,0.113836
1.68858,0.0995683
2.19853,0.0846443
2.69472,0.0748043
3.37176,0.0648091
4.21054,0.0562832
5.11045,0.049478
6.39444,0.0427649
8.137,0.0364295
10.2214,0.0316612
12.7433,0.0276494
15.6452,0.0247888
18.5933,0.0226029
24.8348,0.0199837
32.3201,0.0185865
35.7748,0.0184205
41.072,0.0190682
43.8358,0.0203575
45.9087,0.0224846
47.1754,0.024886
48.327,0.0286216
49.1906,0.0333134
49.9104,0.0396442
50.4862,0.0475925
50.918,0.0565722
51.2923,0.067877
51.6377,0.0831123
51.9292,0.101886
52.1883,0.126072
52.4151,0.156687
52.5914,0.190411
52.7425,0.230178
52.8901,0.283977
53.016,0.348103
53.1348,0.432881
53.2356,0.534168
53.3219,0.655291
53.4011,0.811385
53.4659,0.991777
53.5177,1.19231
53.5695,1.47537
53.6127,1.81329
53.6472,2.18731
53.6832,2.7215
53.7156,3.37965
53.748,4.26741
53.7797,5.42661
53.8142,7.10902
53.8488,9.3234
53.8848,12.284
53.9272,16.6923
53.987,24.3833
54.0935,39.0425
54.1436,43.8554
54.1919,45.8442
54.1999,45.8823
54.2415,44.7333
54.2979,39.9387
54.3843,28.3903
54.4591,18.2771
54.5066,13.0936
54.5455,9.76282
54.58,7.46172
54.6146,5.70276
54.647,4.46067
54.6793,3.53015
54.7081,2.90549
54.7427,2.34425
54.7815,1.8895
54.8247,1.53234
54.8679,1.27682
54.9169,1.06567
54.978,0.875195
55.0514,0.712523
55.1357,0.579674
55.2364,0.466829
55.348,0.378225
55.4739,0.306872
55.6251,0.246375
55.7978,0.198082
55.9849,0.161333
56.1865,0.133107
56.4312,0.108719
56.6903,0.0904204
56.9926,0.0752461
57.338,0.0630306
57.7915,0.0520613
58.2881,0.0440214
58.8063,0.0382269
59.4972,0.0329835
60.2458,0.029219
61.311,0.0257608
62.874,0.0228123
65.4785,0.0204194
69.3054,0.0189209
75.4286,0.0182464
90.1771,0.0189647
104.358,0.0208499
117.704,0.0236007
127.713,0.0263123
142.728,0.0324511
152.737,0.0384355
162.747,0.046978
169.42,0.0548599
175.259,0.063797
182.766,0.0798119
188.605,0.0979157
192.776,0.115771
196.954,0.139248
200.97,0.170937
203.982,0.203078
207.37,0.253273
210.006,0.307406
212.641,0.383034
214.838,0.471577
216.72,0.575543
218.289,0.693005
219.826,0.848922
221.238,1.04553
222.572,1.30462
223.78,1.6361
224.768,2.01473
225.646,2.47625
226.415,3.02702
227.152,3.75208
227.78,4.60027
228.392,5.74329
228.894,7.03821
229.386,8.79405
229.813,10.9112
230.186,13.4651
230.538,16.8079
230.845,20.9036
231.115,25.9063
231.341,31.6595
231.567,39.6378
231.768,49.6867
231.937,61.6569
232.091,76.9989
232.223,95.5918
232.331,116.72
232.434,144.329
232.535,181.054
232.634,230.543
232.732,297.644
232.834,389.957
232.951,527.657
233.104,760.112
233.35,1161.94
233.464,1294.71
233.573,1352.85
233.6,1355.35
233.71,1314.44
233.846,1166.71
234.209,584.232
234.328,430.738
234.428,330.191
234.518,261.094
234.617,203.448
234.715,161.134
234.816,129.689
234.919,105.894
235.031,87.0459
235.156,71.4463
235.307,57.8766
235.47,47.2508
235.658,38.3475
235.878,30.8648
236.135,24.6198
236.399,20.0219
236.725,15.9341
237.045,13.0437
237.428,10.5205
237.867,8.43288
238.369,6.72791
238.918,5.39682
239.546,4.31026
240.189,3.50674
240.942,2.82399
241.758,2.29098
242.762,1.82055
243.766,1.48296
244.864,1.21324
246.119,0.988726
247.531,0.806124
249.099,0.659917
250.668,0.553411
252.551,0.459966
254.809,0.380345
257.57,0.314339
260.206,0.272225
263.218,0.240366
266.65,0.219132
270.299,0.209633
271.325,0.208805
275.426,0.214979
278.844,0.23143
282.262,0.260972
285.68,0.308515
288.756,0.374748
291.149,0.450711
293.2,0.542238
295.251,0.671528
296.96,0.823992
298.455,1.00879
299.865,1.25235
301.093,1.54957
302.151,1.90384
303.112,2.34749
303.966,2.89172
304.714,3.54256
305.419,4.38527
306.017,5.3655
306.573,6.60533
307.085,8.17665
307.547,10.1385
307.936,12.4117
308.316,15.4802
308.658,19.3462
308.957,24.0819
309.23,30.1616
309.452,37.0377
309.662,46.0258
309.835,56.3149
309.999,69.8461
310.14,85.8927
310.264,105.033
310.399,133.549
310.525,170.436
310.644,217.548
310.773,284.14
310.926,388.369
311.174,599.914
311.389,776.734
311.554,860.805
311.656,875.966
311.811,840.731
311.985,730.277
312.383,389.684
312.526,291.589
312.661,220.293
312.785,171.008
312.905,135.537
313.024,109.174
313.152,88.3124
313.302,70.6889
313.469,56.7034
313.648,45.9259
313.853,37.0695
314.084,29.9139
314.353,23.9429
314.648,19.2663
314.99,15.3889
315.331,12.5821
315.742,10.1281
316.203,8.14389
316.741,6.49222
317.297,5.26286
317.895,4.29158
318.6,3.45718
319.348,2.81339
320.202,2.27631
321.227,1.81336
322.253,1.4794
323.406,1.20479
324.752,0.970651
326.184,0.790191
327.892,0.634981
329.602,0.523365
331.31,0.442293
332.731,0.394367
333.863,0.371501
334.429,0.368584
335.023,0.379747
335.376,0.40128
335.611,0.429457
335.788,0.466701
335.935,0.521865
336.026,0.578785
336.119,0.669444
336.197,0.785913
336.274,0.959944
336.344,1.18791
336.406,1.46846
336.469,1.85564
336.534,2.38438
336.599,3.0771
336.673,4.10787
336.748,5.42935
336.839,7.48908
336.96,10.886
337.232,19.6133
337.366,22.7063
337.485,23.8266
337.5,23.8399
337.609,23.0652
337.73,20.595
337.916,14.8653
338.094,9.23117
338.201,6.4863
338.286,4.75474
338.364,3.52706
338.433,2.67599
338.503,2.02985
338.565,1.59727
338.627,1.27154
338.689,1.02961
338.751,0.851735
338.825,0.700231
338.907,0.587337
339.0,0.503718
339.116,0.437829
339.255,0.388702
339.488,0.339354
339.828,0.296843
340.324,0.260518
340.992,0.231326
342.256,0.199054
344.113,0.17024
346.951,0.141486
350.397,0.116431
354.417,0.0954411
359.012,0.0780321
364.755,0.0624846
369.35,0.0531325
375.093,0.0442198
381.985,0.0361145
390.025,0.0293243
400.363,0.0230618
411.85,0.0182755
420.723,0.0154791
431.621,0.0128913
439.829,0.0113353
452.846,0.00937501
465.863,0.00788075
478.879,0.0067154
495.15,0.00559288
514.675,0.0045614
537.454,0.00369657
566.742,0.00289303
592.775,0.00238137
625.317,0.00191875
655.144,0.00159881
691.201,0.00131215
727.258,0.00109374
778.768,8.74926E-4
819.976,7.44342E-4
861.184,6.43457E-4
912.694,5.47589E-4
974.506,4.61049E-4
1056.92,3.82053E-4
1139.34,3.28413E-4
1221.75,2.91494E-4
1304.17,2.66193E-4
1427.79,2.44299E-4
1572.02,2.34333E-4
1592.63,2.34115E-4
1716.25,2.4004E-4
1839.87,2.58772E-4
1922.29,2.7951E-4
1994.86,3.05102E-4
2088.96,3.54017E-4
2151.69,4.03361E-4
2222.26,4.86043E-4
2277.15,5.8222E-4
2322.09,7.00527E-4
2358.7,8.42655E-4
2390.06,0.0010161
2422.81,0.00129493
2441.63,0.00153033
2459.07,0.00182726
2475.52,0.00222855
2487.29,0.00262386
2497.27,0.00307495
2506.46,0.00359827
2515.62,0.00431559
2524.4,0.00527659
2531.83,0.00641949
2538.11,0.00777649
2544.38,0.0096303
2549.4,0.0117493
2554.1,0.0145276
2557.94,0.0177099
2561.47,0.0217509
2564.61,0.0267822
2567.28,0.0327101
2569.78,0.0404256
2571.98,0.0498587
2573.86,0.0610632
2575.51,0.0744899
2577.12,0.0926386
2578.49,0.11424
2579.66,0.139674
2580.76,0.172272
2581.74,0.212595
2582.57,0.259126
2583.37,0.321873
2584.06,0.396551
2584.64,0.485009
2585.21,0.603922
2585.64,0.73094
2586.03,0.892311
2586.37,1.09537
2586.63,1.31611
2586.87,1.5934
2587.1,1.95737
2587.33,2.46287
2587.54,3.07813
2587.73,3.86745
2587.95,5.02643
2588.16,6.56932
2588.38,8.62081
2588.63,11.6544
2588.91,15.9491
2589.28,22.9485
2590.05,39.3511
2590.38,44.52
2590.74,47.1094
2590.8,47.1727
2591.13,45.5224
2591.46,41.1155
2591.96,30.9134
2592.51,19.1359
2592.81,13.9031
2593.06,10.4366
2593.27,8.06813
2593.5,6.05504
2593.72,4.63834
2593.94,3.57998
2594.15,2.81232
2594.36,2.24768
2594.59,1.7935
2594.83,1.46765
2595.11,1.18998
2595.39,0.992699
2595.75,0.816268
2596.13,0.678604
2596.6,0.556714
2597.17,0.451286
2597.86,0.361307
2598.64,0.289102
2599.46,0.235179
2600.4,0.190906
2601.4,0.156923
2602.64,0.126784
2604.05,0.102544
2605.7,0.0829044
2607.5,0.0680748
2609.46,0.0569525
2611.81,0.047996
2614.37,0.0417691
2617.35,0.0375811
2620.32,0.0358157
2621.31,0.0356901
2624.75,0.03703
2627.05,0.0395929
2629.92,0.045229
2632.25,0.0526396
2634.37,0.062742
2636.14,0.0749283
2637.78,0.0911083
2639.19,0.110703
2640.53,0.136811
2641.62,0.166932
2642.64,0.205885
2643.58,0.256694
2644.39,0.318063
2645.07,0.391293
2645.66,0.478238
2646.23,0.595465
2646.67,0.725476
2647.03,0.877111
2647.37,1.06992
2647.62,1.2794
2647.86,1.54637
2648.1,1.9166
2648.32,2.38754
2648.52,2.98096
2648.74,3.81069
2648.95,4.923
2649.16,6.39101
2649.37,8.28842
2649.62,11.1798
2649.9,15.3327
2650.25,21.7014
2651.07,38.263
2651.39,43.1643
2651.76,45.6025
2651.82,45.6591
2652.13,44.3278
2652.51,39.3576
2653.12,27.0561
2653.61,17.4922
2653.92,12.4699
2654.15,9.47465
2654.39,7.11802
2654.61,5.45547
2654.82,4.19211
2655.03,3.26433
2655.24,2.57677
2655.46,2.07011
2655.69,1.66408
2655.96,1.33572
2656.26,1.07948
2656.6,0.876198
2656.99,0.71569
2657.46,0.580599
2657.97,0.476236
2658.56,0.389012
2659.25,0.315546
2660.05,0.253968
2660.99,0.202935
2662.01,0.163732
2663.11,0.133325
2664.32,0.108837
2665.7,0.0887421
2667.34,0.0714584
2669.23,0.0575023
2671.26,0.0467892
2673.46,0.0385381
2676.13,0.031407
2678.95,0.0260779
2682.24,0.0217342
2685.69,0.0186177
2689.46,0.0163517
2693.22,0.0150103
2697.3,0.0144598
2700.41,0.0148182
2703.53,0.0160812
2705.61,0.0177527
2707.6,0.0203701
2709.26,0.0237386
2710.59,0.0277572
2711.75,0.0328278
2712.74,0.0389833
2713.69,0.0473836
2714.56,0.0585296
2715.18,0.0697721
2715.8,0.085481
2716.3,0.103413
2716.71,0.125049
2717.0,0.147041
2717.25,0.174169
2717.47,0.20865
2717.65,0.251094
2717.81,0.300152
2717.97,0.372255
2718.13,0.465728
2718.28,0.59365
2718.44,0.767907
2718.59,1.00333
2718.74,1.29411
2718.88,1.67099
2719.05,2.23184
2719.21,2.96137
2719.39,3.95687
2719.58,5.29732
2719.79,7.27614
2720.04,10.0455
2720.35,14.4403
2721.13,26.4859
2721.48,30.3351
2721.82,31.7343
2721.84,31.7386
2722.17,30.4836
2722.52,26.9131
2723.12,17.664
2723.54,11.3896
2723.8,8.2073
2724.01,6.08747
2724.21,4.47763
2724.4,3.28593
2724.57,2.48525
2724.73,1.86498
2724.88,1.44539
2725.03,1.09965
2725.19,0.839782
2725.34,0.646712
2725.5,0.504561
2725.65,0.40053
2725.81,0.324545
2725.96,0.268898
2726.15,0.220978
2726.37,0.182386
2726.61,0.152422
2726.88,0.129962
2727.3,0.106381
2727.79,0.0872045
2728.33,0.0724629
2729.05,0.0583866
2729.78,0.0484039
2730.65,0.0397845
2731.66,0.0326507
2732.87,0.0266628
2734.18,0.0221832
2735.74,0.0184302
2737.69,0.0152119
2739.59,0.0130461
2741.96,0.0112088
2745.01,0.00960905
2748.43,0.00846586
2752.99,0.00758946
2757.56,0.00719654
2759.08,0.00715823
2765.29,0.00739495
2769.43,0.00804411
2772.53,0.00895727
2775.64,0.010475
2777.71,0.0120835
2779.43,0.0140794
2781.16,0.017036
2782.41,0.0201852
2783.47,0.024018
2784.5,0.0292625
2785.35,0.0355666
2786.05,0.0429143
2786.71,0.0526652
2787.18,0.0624894
2787.61,0.0753572
2787.91,0.088371
2788.17,0.104923
2788.4,0.125854
2788.59,0.151132
2788.77,0.187528
2788.94,0.2344
2789.08,0.287919
2789.22,0.359228
2789.38,0.464863
2789.52,0.593097
2789.65,0.754284
2789.79,0.969044
2789.94,1.24355
2790.1,1.65562
2790.26,2.18602
2790.44,2.91962
2790.64,3.94876
2790.86,5.43276
2791.15,7.75626
2791.55,11.8246
2792.14,18.0037
2792.5,20.616
2792.84,21.592
2792.86,21.5956
2793.2,20.7451
2793.54,18.3968
2794.1,12.6303
2794.55,8.01146
2794.82,5.71103
2795.05,4.17239
2795.25,3.0639
2795.44,2.25637
2795.61,1.69773
2795.78,1.26602
2795.93,0.962763
2796.07,0.749761
2796.21,0.585089
2796.35,0.45906
2796.49,0.363441
2796.64,0.287251
2796.81,0.226701
2796.97,0.183396
2797.14,0.152274
2797.33,0.125906
2797.53,0.107456
2797.8,0.0899373
2798.13,0.075784
2798.6,0.062296
2799.16,0.0513612
2799.82,0.0425028
2800.61,0.0351225
2801.47,0.0295143
2802.5,0.0248847
2803.74,0.0211542
2805.05,0.0185257
2806.52,0.0165815
2808.48,0.0150327
2811.43,0.0140042
2812.41,0.0138995
2815.9,0.0142629
2819.39,0.015632
2822.62,0.0178966
2825.79,0.0213532
2828.5,0.0257904
2830.99,0.0317309
2833.03,0.0386655
2834.97,0.0480432
2836.55,0.0588765
2838.04,0.0731424
2839.33,0.0906113
2840.46,0.111979
2841.5,0.139323
2842.34,0.170114
2843.13,0.210178
2843.79,0.256524
2844.38,0.3123
2844.86,0.375625
2845.31,0.456994
2845.7,0.5553
2846.02,0.671543
2846.28,0.801481
2846.54,0.983422
2846.77,1.21463
2846.98,1.49853
2847.2,1.90705
2847.41,2.44688
2847.61,3.17093
2847.82,4.15249
2848.04,5.49727
2848.27,7.36774
2848.53,10.0446
2848.84,14.1231
2849.28,21.248
2849.89,31.5431
2850.27,36.1644
2850.63,38.0751
2850.68,38.107
2851.02,36.8222
2851.39,32.6926
2851.99,22.8034
2852.49,14.5795
2852.78,10.6057
2853.04,7.81007
2853.26,5.88913
2853.48,4.48091
2853.69,3.4056
2853.89,2.66489
2854.09,2.07964
2854.29,1.64663
2854.5,1.3276
2854.73,1.06378
2854.98,0.8641
2855.27,0.701313
2855.59,0.575999
2855.93,0.482444
2856.34,0.401581
2856.82,0.331124
2857.43,0.267166
2858.11,0.216779
2858.84,0.17767
2859.71,0.143684
2860.73,0.115382
2861.83,0.093537
2863.12,0.0751833
2864.51,0.0611147
2866.1,0.049643
2867.88,0.0404885
2869.82,0.0333862
2872.08,0.0275349
2874.6,0.0230639
2876.8,0.0204029
2879.0,0.0186215
2881.97,0.01749
2882.75,0.0174654
2884.43,0.0178662
2886.11,0.019139
2887.38,0.0210551
2888.43,0.0237013
2889.48,0.0279736
2890.27,0.0330018
2890.93,0.0393462
2891.45,0.0471057
2891.82,0.0554835
2892.09,0.0650231
2892.33,0.077323
2892.52,0.0924687
2892.68,0.109529
2892.84,0.132954
2893.0,0.165265
2893.15,0.209808
2893.28,0.259384
2893.42,0.323587
2893.55,0.406158
2893.7,0.531589
2893.85,0.696019
2894.01,0.908522
2894.18,1.22283
2894.35,1.62773
2894.53,2.13749
2894.74,2.92168
2895.0,4.09081
2895.33,5.99452
2896.11,11.1185
2896.47,12.8707
2896.82,13.6631
2896.89,13.6902
2897.21,13.2354
2897.52,11.9637
2898.01,8.95392
2898.57,5.27142
2898.88,3.65576
2899.12,2.61909
2899.32,1.95198
2899.49,1.4741
2899.67,1.09865
2899.84,0.816603
2899.99,0.624407
2900.15,0.476499
2900.3,0.364237
2900.45,0.282134
2900.6,0.219109
2900.75,0.172687
2900.91,0.138662
2901.06,0.11375
2901.24,0.0924153
2901.45,0.0757575
2901.67,0.0639835
2901.89,0.0557225
2902.24,0.0466799
2902.68,0.0391725
2903.25,0.032426
2903.99,0.0265633
2904.72,0.0224612
2905.68,0.0186763
2906.84,0.0155638
2908.14,0.0131606
2909.83,0.0110497
2911.87,0.00936441
2914.36,0.00800389
2917.76,0.00684051
2921.16,0.0060624
2925.91,0.00535837
2929.53,0.00500581
2936.78,0.00456007
2947.65,0.00427671
2951.27,0.00424171
2962.14,0.00432316
2974.2,0.00466787
2984.74,0.00525038
2993.18,0.0059626
3002.67,0.00713892
3008.99,0.00832633
3015.32,0.0100441
3020.06,0.0119332
3024.81,0.0147424
3027.97,0.0175801
3030.61,0.0211111
3032.72,0.0252384
3034.36,0.029875
3035.71,0.0353406
3036.97,0.0428174
3037.96,0.0514651
3038.82,0.0621979
3039.51,0.0747179
3040.12,0.0908656
3040.58,0.109133
3040.87,0.126554
3041.16,0.151484
3041.37,0.179234
3041.55,0.21188
3041.73,0.257437
3041.9,0.31946
3042.05,0.394452
3042.21,0.49512
3042.36,0.629558
3042.51,0.807744
3042.66,1.04152
3042.83,1.37948
3042.99,1.79195
3043.17,2.41156
3043.36,3.21061
3043.56,4.34236
3043.77,5.83786
3044.04,8.14531
3044.39,11.9754
3045.16,21.105
3045.55,24.4429
3045.9,25.6591
3045.94,25.6694
3046.27,24.7861
3046.61,22.2444
3047.12,16.3567
3047.66,9.96731
3047.95,7.10958
3048.2,5.16081
3048.42,3.74797
3048.62,2.74951
3048.81,2.0545
3048.97,1.5743
3049.14,1.19181
3049.29,0.925435
3049.44,0.721291
3049.58,0.580134
3049.73,0.460494
3049.89,0.371192
3050.05,0.298815
3050.24,0.242032
3050.43,0.202392
3050.66,0.168666
3050.94,0.142385
3051.23,0.124965
3051.68,0.106596
3052.19,0.093027
3052.87,0.0810187
3053.55,0.0730533
3054.62,0.0654226
3055.77,0.0611526
3057.31,0.0592553
3059.44,0.0613102
3061.57,0.0674086
3063.71,0.0774734
3065.84,0.0925517
3067.89,0.113715
3069.68,0.140356
3071.28,0.174091
3072.62,0.213683
3073.77,0.260266
3074.76,0.31387
3075.8,0.392907
3076.62,0.478472
3077.37,0.585414
3078.09,0.726934
3078.74,0.907874
3079.25,1.10785
3079.68,1.33572
3080.1,1.65127
3080.45,2.00088
3080.79,2.48135
3081.11,3.11435
3081.42,3.93802
3081.72,5.02025
3082.02,6.45741
3082.31,8.32193
3082.66,11.1136
3083.08,15.2872
3084.13,27.0865
3084.54,30.2
3084.96,31.3409
3085.36,30.237
3085.77,27.1523
3086.55,18.3694
3087.1,12.4531
3087.48,9.12572
3087.79,7.03874
3088.12,5.3479
3088.4,4.24066
3088.68,3.40139
3088.98,2.73631
3089.32,2.18324
3089.66,1.78424
3090.04,1.46482
3090.46,1.20152
3090.97,0.974573
3091.54,0.795299
3092.15,0.652829
3092.87,0.531518
3093.74,0.425788
3094.75,0.3387
3095.87,0.270919
3097.07,0.218949
3098.35,0.17843
3099.84,0.144079
3101.59,0.115259
3103.38,0.0939772
3105.43,0.0762699
3107.82,0.0614302
3110.55,0.0492953
3113.45,0.0400517
3116.86,0.032271
3120.78,0.0259594
3124.88,0.0212931
3129.32,0.0176741
3134.09,0.0149091
3139.55,0.0127147
3145.02,0.0113386
3149.11,0.0108347
3150.48,0.0107887
3153.8,0.0110286
3156.02,0.0116235
3158.24,0.0128311
3159.82,0.0143258
3161.25,0.0165187
3162.44,0.0194325
3163.39,0.0230495
3164.13,0.027151
3164.74,0.0320837
3165.28,0.0385799
3165.63,0.0448865
3165.94,0.0531701
3166.16,0.0619414
3166.37,0.0747404
3166.57,0.0912273
3166.72,0.109515
3166.87,0.134224
3167.02,0.167609
3167.18,0.212562
3167.33,0.272707
3167.48,0.352486
3167.64,0.457214
3167.79,0.593039
3167.94,0.766877
3168.12,1.02169
3168.3,1.37509
3168.51,1.88322
3168.74,2.5861
3168.99,3.53143
3169.32,5.1097
3170.16,9.72957
3170.55,11.3199
3170.92,11.9639
3170.98,11.9781
3171.33,11.5295
3171.68,10.2858
3172.24,7.32592
3172.75,4.53253
3173.04,3.23982
3173.28,2.35835
3173.5,1.73249
3173.7,1.28479
3173.88,0.951858
3174.06,0.713008
3174.21,0.550768
3174.36,0.42445
3174.52,0.326168
3174.67,0.252703
3174.82,0.197449
3174.96,0.159818
3175.11,0.128291
3175.27,0.104952
3175.45,0.0847732
3175.63,0.0711526
3175.84,0.0592453
3176.11,0.049675
3176.41,0.0422481
3176.85,0.0352521
3177.34,0.0299381
3177.95,0.0252384
3178.81,0.0207001
3179.77,0.0172573
3180.92,0.0144616
3182.25,0.0123033
3184.06,0.0103587
3186.24,0.00888451
3188.92,0.00779898
3192.58,0.00695192
3196.25,0.00657735
3197.47,0.00654408
3200.86,0.00675049
3203.11,0.00722728
3204.8,0.00796256
3206.21,0.00907979
3207.16,0.0103466
3207.83,0.0117214
3208.41,0.0136172
3208.75,0.0153432
3209.04,0.0176752
3209.28,0.0207168
3209.48,0.0244288
3209.68,0.0298919
3209.86,0.0370335
3210.02,0.0458983
3210.18,0.0579956
3210.33,0.0743817
3210.49,0.0957284
3210.63,0.120595
3210.79,0.159318
3210.96,0.209942
3211.13,0.274995
3211.32,0.372598
3211.52,0.50015
3211.74,0.677021
3212.01,0.956215
3212.37,1.41511
3213.18,2.56852
3213.56,2.9725
3213.92,3.14363
3213.99,3.14832
3214.35,3.02758
3214.7,2.69328
3215.26,1.91725
3215.77,1.19231
3216.08,0.832074
3216.32,0.609429
3216.54,0.447166
3216.74,0.331606
3216.93,0.245732
3217.1,0.18529
3217.26,0.142935
3217.42,0.110393
3217.58,0.0857479
3217.73,0.0679777
3217.88,0.0554223
3218.05,0.0443605
3218.22,0.0365581
3218.42,0.0303751
3218.65,0.0259046
3218.82,0.0237595
3219.05,0.0219583
3219.39,0.0207336
3219.55,0.0206061
3219.92,0.021321
3220.24,0.0235417
3220.46,0.0264011
3220.67,0.0310646
3220.86,0.037381
3221.03,0.0451865
3221.19,0.0560198
3221.36,0.0713676
3221.51,0.0910469
3221.67,0.11712
3221.83,0.151166
3222.0,0.199948
3222.18,0.263039
3222.38,0.355328
3222.59,0.486061
3222.83,0.667317
3223.11,0.931173
3223.49,1.37729
3224.18,2.24359
3224.59,2.60855
3224.95,2.74099
3224.99,2.74289
3225.32,2.65281
3225.65,2.40085
3226.15,1.82254
3226.74,1.08121
3227.05,0.760944
3227.3,0.554968
3227.51,0.411473
3227.7,0.310102
3227.89,0.230585
3228.06,0.174168
3228.24,0.130874
3228.4,0.100842
3228.55,0.0779548
3228.71,0.0607294
3228.85,0.0490264
3229.01,0.0392782
3229.17,0.0321329
3229.36,0.0260544
3229.55,0.0218837
3229.74,0.0189975
3229.99,0.0164264
3230.31,0.0144101
3230.69,0.0128989
3231.34,0.0113296
3232.16,0.0101666
3233.25,0.00929235
3234.89,0.00876625
3235.44,0.00873191
3237.11,0.00896506
3238.78,0.00973293
3240.03,0.010795
3241.28,0.0125303
3242.11,0.0142972
3242.99,0.0170489
3243.62,0.0199612
3244.12,0.0233253
3244.54,0.0275137
3244.87,0.0327436
3245.12,0.0388037
3245.33,0.0462971
3245.52,0.0563054
3245.69,0.0686131
3245.86,0.0857046
3246.02,0.109426
3246.17,0.138424
3246.32,0.176942
3246.48,0.227674
3246.63,0.293798
3246.78,0.378993
3246.95,0.508005
3247.13,0.675653
3247.3,0.889235
3247.51,1.21298
3247.73,1.63932
3247.98,2.25197
3248.3,3.21867
3249.22,6.40761
3249.59,7.33741
3249.96,7.71326
3250.0,7.71802
3250.34,7.45884
3250.67,6.73448
3251.21,4.96957
3251.77,2.98795
3252.07,2.11825
3252.32,1.54515
3252.54,1.12444
3252.74,0.839458
3252.93,0.623705
3253.09,0.474416
3253.26,0.358578
3253.42,0.275006
3253.58,0.209536
3253.74,0.160393
3253.9,0.123917
3254.05,0.09919
3254.19,0.0805807
3254.36,0.0645993
3254.53,0.0534072
3254.74,0.0436281
3254.95,0.0369551
3255.2,0.0314916
3255.53,0.0266889
3255.97,0.0226272
3256.55,0.0190106
3257.26,0.0160729
3257.99,0.0139209
3259.0,0.0118974
3260.25,0.0102429
3261.86,0.0089085
3263.64,0.0079942
3265.78,0.00733697
3268.63,0.00689154
3272.91,0.00671055
3278.6,0.00694729
3285.57,0.00780476
3291.9,0.00915822
3296.97,0.0107884
3301.4,0.0128213
3305.52,0.0154951
3309.32,0.0190062
3312.56,0.0232542
3315.33,0.028306
3318.1,0.0354202
3320.44,0.0439123
3322.38,0.0537409
3324.12,0.0658936
3325.78,0.082022
3327.21,0.101295
3328.47,0.125004
3329.59,0.153933
3330.57,0.188823
3331.42,0.230025
3332.23,0.284003
3332.94,0.350185
3333.6,0.437082
3334.17,0.543091
3334.62,0.658385
3335.01,0.80015
3335.41,0.99954
3335.72,1.22221
3336.06,1.54559
3336.33,1.91283
3336.61,2.39893
3336.92,3.10929
3337.22,4.04509
3337.56,5.38026
3337.93,7.26225
3338.65,11.6967
3339.25,15.2259
3339.69,16.8552
3340.03,17.2826
3340.45,16.6689
3340.93,14.6044
3342.15,7.16849
3342.54,5.25297
3342.86,4.01415
3343.13,3.16022
3343.44,2.42911
3343.75,1.88752
3344.06,1.48697
3344.38,1.18945
3344.74,0.952787
3345.1,0.78296
3345.49,0.645724
3345.97,0.526948
3346.55,0.423227
3347.22,0.340353
3347.88,0.280524
3348.74,0.224919
3349.73,0.179157
3350.8,0.144568
3352.06,0.11517
3353.49,0.0918668
3355.07,0.0735794
3356.81,0.0592856
3358.71,0.0481226
3360.73,0.0395475
3363.22,0.0319226
3365.83,0.0262092
3368.68,0.0217049
3372.01,0.0179314
3376.13,0.0146732
3380.56,0.012273
3385.62,0.0104324
3391.96,0.00898698
3398.29,0.00823132
3403.35,0.00808207
3408.1,0.00840986
3411.67,0.00908694
3414.65,0.0102367
3416.9,0.0117451
3418.7,0.0136496
3420.25,0.0161634
3421.44,0.019072
3422.43,0.0225969
3423.34,0.027314
3424.06,0.0326852
3424.66,0.0390531
3425.14,0.0463832
3425.48,0.0536637
3425.77,0.0628193
3426.02,0.0743198
3426.22,0.0881843
3426.43,0.108192
3426.6,0.131478
3426.77,0.161592
3426.93,0.202451
3427.09,0.257728
3427.25,0.332042
3427.41,0.43112
3427.58,0.566065
3427.74,0.737571
3427.9,0.957932
3428.09,1.28213
3428.29,1.73322
3428.49,2.32304
3428.73,3.20808
3429.01,4.49793
3429.38,6.63535
3430.26,12.398
3430.66,14.2234
3431.03,14.887
3431.06,14.8896
3431.43,14.3025
3431.83,12.5593
3432.51,8.14527
3432.97,5.24587
3433.28,3.68833
3433.52,2.7049
3433.74,1.98452
3433.94,1.47827
3434.12,1.1103
3434.31,0.82632
3434.47,0.635033
3434.63,0.483615
3434.8,0.369077
3434.97,0.283479
3435.13,0.220137
3435.3,0.173618
3435.47,0.139599
3435.64,0.113567
3435.83,0.0939503
3436.05,0.077556
3436.31,0.0646993
3436.6,0.0548796
3437.01,0.0459331
3437.56,0.0379174
3438.23,0.0314246
3439.04,0.0259793
3439.93,0.0218731
3440.82,0.0189476
3442.18,0.0158596
3443.88,0.0134097
3445.59,0.0118418
3447.59,0.010629
3450.23,0.00966746
3454.19,0.00899555
3457.66,0.0088441
3463.08,0.00913742
3469.89,0.0101934
3475.45,0.0116977
3480.87,0.0139236
3485.87,0.0169777
3490.11,0.0207486
3493.51,0.0250359
3496.92,0.0310768
3499.84,0.0384498
3502.27,0.0470322
3504.63,0.0586954
3506.58,0.0720915
3508.45,0.0901751
3510.12,0.112997
3511.44,0.138113
3512.66,0.169771
3513.79,0.210404
3514.83,0.262961
3515.73,0.327411
3516.48,0.401706
3517.08,0.481976
3517.7,0.59594
3518.19,0.72244
3518.61,0.868773
3519.03,1.07281
3519.4,1.33493
3519.75,1.68162
3520.06,2.12168
3520.35,2.68787
3520.65,3.45698
3520.94,4.48781
3521.24,5.8761
3521.58,7.95639
3521.98,11.0185
3522.67,17.6215
3523.2,22.5847
3523.59,25.3122
3524.03,26.6368
3524.09,26.6587
3524.53,25.5815
3525.02,22.265
3526.2,11.0238
3526.6,7.91423
3526.95,5.84426
3527.26,4.39427
3527.56,3.35587
3527.84,2.63592
3528.13,2.10038
3528.41,1.70342
3528.74,1.36185
3529.09,1.10834
3529.51,0.893429
3529.98,0.723248
3530.48,0.594902
3531.1,0.480096
3531.73,0.397066
3532.48,0.323983
3533.4,0.259783
3534.37,0.210911
3535.55,0.168397
3536.77,0.137013
3538.19,0.110454
3539.86,0.0883109
3541.63,0.0715446
3543.51,0.0586563
3545.69,0.0476893
3548.06,0.0391018
3550.84,0.0318066
3553.82,0.0261631
3557.23,0.0215271
3561.05,0.0178034
3565.91,0.0144995
3570.78,0.0121995
3576.89,0.0102134
3583.01,0.0088802
3590.51,0.00780617
3599.68,0.00706589
3608.76,0.00676261
3611.17,0.00674432
3621.33,0.00695985
3629.37,0.00748703
3637.42,0.00845401
3644.13,0.00975984
3649.49,0.0113313
3654.72,0.0135832
3658.95,0.016229
3662.57,0.0194658
3665.99,0.0238327
3668.8,0.0289581
3671.28,0.0353018
3673.63,0.0438078
3675.68,0.0543863
3677.32,0.0663281
3678.89,0.0823652
3680.24,0.101559
3681.41,0.124937
3682.48,0.154755
3683.42,0.191306
3684.24,0.235837
3685.0,0.294376
3685.65,0.366309
3686.22,0.456624
3686.67,0.558403
3687.04,0.674953
3687.41,0.83859
3687.74,1.04493
3688.01,1.27488
3688.28,1.58088
3688.54,1.97539
3688.82,2.53601
3689.1,3.27011
3689.43,4.37297
3689.79,5.98746
3690.25,8.50745
3691.21,14.3569
3691.66,16.3085
3692.08,17.0787
3692.14,17.0913
3692.57,16.464
3692.97,14.8578
3693.71,10.4818
3694.33,6.77801
3694.73,4.86095
3695.07,3.60545
3695.38,2.73874
3695.68,2.09905
3695.95,1.66226
3696.25,1.30289
3696.56,1.03266
3696.9,0.828243
3697.23,0.682153
3697.6,0.567908
3698.07,0.462985
3698.54,0.38913
3699.0,0.33634
3699.43,0.304021
3699.88,0.288101
3699.92,0.287951
3700.27,0.298223
3700.55,0.327005
3700.76,0.365412
3701.01,0.434097
3701.26,0.534853
3701.49,0.666609
3701.76,0.86577
3702.06,1.14781
3702.47,1.64019
3703.31,2.76038
3703.73,3.15231
3704.13,3.28574
3704.14,3.28575
3704.52,3.15981
3704.94,2.77783
3705.74,1.68489
3706.17,1.13998
3706.47,0.829081
3706.74,0.607056
3706.97,0.459549
3707.19,0.350487
3707.41,0.268101
3707.59,0.217108
3707.79,0.174394
3707.99,0.143237
3708.17,0.122817
3708.41,0.103836
3708.71,0.0889901
3709.07,0.079057
3709.54,0.0730176
3709.84,0.0719043
3710.21,0.0734728
3710.5,0.0780841
3710.79,0.0877161
3711.03,0.10187
3711.23,0.119995
3711.43,0.146101
3711.63,0.1828
3711.83,0.233172
3712.03,0.300679
3712.25,0.399091
3712.47,0.524724
3712.72,0.712475
3713.01,0.984947
3713.37,1.40744
3714.29,2.64821
3714.71,3.04952
3715.1,3.20343
3715.14,3.2053
3715.53,3.08121
3715.91,2.73955
3716.55,1.90911
3717.08,1.20032
3717.42,0.838054
3717.68,0.611681
3717.93,0.447648
3718.15,0.333518
3718.35,0.253775
3718.55,0.193149
3718.73,0.151958
3718.91,0.120907
3719.09,0.0982806
3719.28,0.0802911
3719.5,0.0657869
3719.69,0.057299
3719.95,0.0497704
3720.27,0.0441286
3720.53,0.0413516
3721.04,0.0380687
3722.06,0.0348726
3723.09,0.033213
3725.14,0.0319519
3727.35,0.0325974
3729.56,0.035123
3731.21,0.0388682
3732.59,0.0440809
3733.7,0.050561
3734.69,0.0594581
3735.4,0.0691034
3735.98,0.0805488
3736.45,0.0951837
3736.77,0.110946
3737.05,0.131635
3737.28,0.157515
3737.48,0.19141
3737.67,0.233968
3737.83,0.284581
3738.01,0.363172
3738.17,0.450881
3738.32,0.564585
3738.47,0.710778
3738.66,0.93972
3738.85,1.2505
3739.02,1.63055
3739.23,2.18758
3739.43,2.89666
3739.68,3.97443
3739.97,5.56721
3740.31,7.96881
3741.3,15.9309
3741.71,18.3015
3742.1,19.2486
3742.15,19.2642
3742.52,18.5893
3742.91,16.6005
3743.5,11.9572
3744.07,7.44054
3744.39,5.26215
3744.67,3.78424
3744.92,2.75029
3745.12,2.07393
3745.32,1.54529
3745.51,1.17717
3745.69,0.893722
3745.88,0.679137
3746.03,0.542575
3746.18,0.436675
3746.36,0.345932
3746.53,0.280782
3746.72,0.225933
3746.92,0.187484
3747.14,0.157291
3747.43,0.132798
3747.71,0.117163
3748.15,0.102071
3748.68,0.0915132
3749.31,0.0838644
3750.16,0.0781437
3751.43,0.0750956
3752.93,0.076904
3754.42,0.0831983
3755.92,0.0939877
3757.41,0.110336
3758.91,0.134583
3760.21,0.165739
3761.3,0.202664
3762.19,0.245194
3763.02,0.29905
3763.8,0.371496
3764.47,0.460417
3764.96,0.550261
3765.43,0.671189
3765.8,0.809174
3766.14,0.991015
3766.4,1.17889
3766.68,1.47331
3766.94,1.84252
3767.18,2.3169
3767.41,2.95552
3767.65,3.81396
3767.88,4.95225
3768.14,6.56884
3768.41,8.80294
3768.71,12.0888
3769.07,16.9752
3769.63,26.404
3770.25,37.1309
3770.68,42.6238
3771.1,44.9105
3771.17,44.9524
3771.52,43.6851
3771.91,39.6863
3772.59,28.8803
3773.14,20.2481
3773.46,16.2471
3773.76,13.6965
3774.01,12.4046
3774.3,11.7588
3774.4,11.731
3774.69,12.0986
3775.73,15.3384
3776.06,15.7042
3776.46,15.1614
3776.86,13.5792
3777.44,10.1214
3778.05,6.2263
3778.4,4.4228
3778.68,3.22696
3778.93,2.40343
3779.14,1.83883
3779.36,1.40122
3779.56,1.08912
3779.78,0.841281
3779.99,0.660192
3780.18,0.542142
3780.42,0.436445
3780.66,0.36379
3780.94,0.305262
3781.3,0.258044
3781.7,0.224614
3782.37,0.188551
3783.17,0.159117
3784.31,0.129348
3785.64,0.105018
3787.16,0.0855136
3788.82,0.0704025
3790.73,0.0577477
3792.94,0.0473117
3795.51,0.0387459
3798.32,0.0321734
3801.75,0.0266476
3805.17,0.0229183
3809.58,0.0196119
3813.98,0.0174957
3818.1,0.0162757
3823.4,0.01552
3826.04,0.0154503
3831.05,0.0158675
3836.06,0.0171121
3839.81,0.0188039
3843.57,0.0215699
3846.59,0.0251326
3848.4,0.0286899
3849.7,0.0329046
3850.35,0.0364928
3850.74,0.0400629
3851.13,0.0462253
3851.39,0.0531637
3851.62,0.0624595
3851.81,0.0740555
3852.0,0.0904395
3852.2,0.113408
3852.38,0.142184
3852.56,0.181536
3852.74,0.233544
3852.95,0.309805
3853.15,0.409756
3853.37,0.552275
3853.62,0.754417
3853.88,1.03439
3854.22,1.47192
3854.76,2.33959
3855.35,3.27722
3855.77,3.76151
3856.17,3.93148
3856.19,3.93174
3856.58,3.77793
3857.01,3.31621
3857.79,2.06094
3858.23,1.37802
3858.55,0.97715
3858.82,0.714399
3859.06,0.529504
3859.27,0.402111
3859.49,0.304622
3859.67,0.239855
3859.86,0.19073
3860.04,0.154165
3860.24,0.126734
3860.44,0.105888
3860.65,0.0917967
3860.93,0.0801568
3861.21,0.0737212
3861.55,0.0698491
3862.08,0.0683127
3863.29,0.0715793
3864.68,0.0800478
3866.41,0.0965712
3867.8,0.115819
3869.05,0.139807
3870.23,0.171147
3871.34,0.212524
3872.31,0.263672
3873.16,0.326168
3873.81,0.39312
3874.48,0.487073
3875.01,0.591989
3875.49,0.727023
3875.91,0.890849
3876.29,1.10381
3876.6,1.34638
3876.91,1.67914
3877.2,2.09164
3877.48,2.62887
3877.78,3.41909
3878.07,4.41568
3878.41,5.89911
3878.77,8.00743
3879.25,11.4533
3880.25,19.4906
3880.65,21.8561
3881.12,23.1297
3881.2,23.1586
3881.62,22.381
3882.0,20.4501
3882.67,15.378
3883.38,9.65439
3883.81,6.8817
3884.15,5.13305
3884.47,3.88026
3884.75,3.04558
3885.03,2.40684
3885.33,1.8833
3885.65,1.49411
3885.96,1.21163
3886.31,0.9848
3886.72,0.792705
3887.14,0.656429
3887.64,0.538588
3888.23,0.43911
3888.94,0.354293
3889.66,0.29145
3890.5,0.23889
3891.47,0.194318
3892.61,0.15663
3893.83,0.127918
3895.36,0.102229
3897.02,0.0825585
3898.97,0.0664832
3901.19,0.0537186
3903.55,0.04423
3906.46,0.0361577
3909.58,0.0303326
3913.33,0.0257733
3917.7,0.022641
3921.73,0.0212555
3924.51,0.0209824
3928.44,0.0216242
3932.38,0.0236403
3935.87,0.0271386
3938.91,0.0322161
3941.07,0.0377134
3943.04,0.0448699
3944.97,0.0550123
3946.55,0.0669397
3947.93,0.0816574
3949.11,0.0992333
3950.19,0.121632
3951.16,0.149557
3951.95,0.181083
3952.66,0.219943
3953.25,0.264132
3953.84,0.325751
3954.31,0.396203
3954.71,0.479781
3955.06,0.58913
3955.33,0.703818
3955.6,0.861223
3955.87,1.08044
3956.11,1.35878
3956.34,1.70986
3956.57,2.17531
3956.83,2.85731
3957.09,3.78252
3957.35,5.00318
3957.66,6.83101
3958.01,9.51145
3958.5,14.0314
3959.34,22.3098
3959.76,25.242
3960.18,26.4036
3960.22,26.4144
3960.6,25.6002
3961.01,23.0742
3961.64,17.1276
3962.3,10.5964
3962.69,7.48104
3963.0,5.46936
3963.29,4.0616
3963.55,3.07048
3963.78,2.38012
3964.01,1.86926
3964.25,1.47278
3964.48,1.17658
3964.75,0.929588
3965.03,0.746207
3965.34,0.601338
3965.66,0.499323
3966.05,0.409392
3966.51,0.337096
3967.0,0.280807
3967.59,0.231667
3968.26,0.191065
3969.09,0.154809
3969.99,0.126288
3971.1,0.101478
3972.2,0.083603
3973.58,0.0674509
3975.15,0.0543736
3977.01,0.0435856
3978.66,0.0366176
3980.71,0.0302549
3982.92,0.02526
3985.59,0.0208494
3988.9,0.0170079
3992.37,0.014188
3996.78,0.0116801
4001.83,0.0097295
4007.76,0.00817747
4015.29,0.00690265
4023.34,0.00607339
4030.86,0.00556759
4039.44,0.00525485
4045.88,0.00515888
4053.39,0.00525906
4060.91,0.00557408
4067.35,0.00612626
4072.18,0.006814
4077.05,0.00789882
4081.63,0.00951048
4085.01,0.0113425
4087.7,0.0135215
4090.01,0.0161988
4092.2,0.0198126
4093.99,0.0240981
4095.54,0.0294158
4096.79,0.0354532
4097.95,0.0434925
4098.88,0.0525613
4099.67,0.0638085
4100.24,0.0762287
4100.66,0.0903608
4100.97,0.106947
4101.23,0.127896
4101.44,0.152124
4101.63,0.183516
4101.82,0.225604
4102.01,0.283113
4102.2,0.361213
4102.38,0.466291
4102.57,0.605961
4102.76,0.789028
4102.97,1.05218
4103.17,1.37593
4103.39,1.84785
4103.65,2.52661
4103.93,3.47981
4104.27,4.8967
4104.9,8.08677
4105.45,10.7948
4105.9,12.302
4106.31,12.7702
4106.72,12.3402
4107.29,10.6821
4107.81,9.06637
4108.08,8.62195
4108.26,8.56493
4108.51,8.8925
4108.77,9.75967
4109.02,11.19
4109.39,14.1595
4110.52,26.0466
4110.93,28.8489
4111.26,29.5865
4111.67,28.4688
4112.05,25.5367
4112.69,18.3591
4113.29,11.3971
4113.62,8.185
4113.9,6.00797
4114.16,4.36654
4114.39,3.25275
4114.6,2.46092
4114.79,1.87474
4114.98,1.44397
4115.17,1.11242
4115.35,0.860494
4115.54,0.671157
4115.73,0.527831
4115.9,0.430513
4116.11,0.344475
4116.32,0.282731
4116.56,0.23181
4116.85,0.190217
4117.19,0.157846
4117.58,0.132784
4118.06,0.111036
4118.69,0.0914005
4119.46,0.0742108
4120.3,0.0609047
4121.2,0.0506009
4122.28,0.041607
4123.47,0.0344382
4124.88,0.0283178
4126.53,0.0232484
4128.55,0.0189196
4130.79,0.0156435
4133.47,0.0129554
4136.6,0.0108057
4139.97,0.00925938
4143.33,0.00820228
4148.71,0.00714576
4155.43,0.00639857
4163.5,0.00605897
4166.19,0.00603553
4175.13,0.00629565
4181.39,0.00680754
4186.31,0.00745985
4190.4,0.00839234
4194.09,0.00977868
4196.47,0.0112508
4198.38,0.0131616
4199.66,0.0151961
4200.68,0.0176245
4201.49,0.0206042
4201.99,0.0234819
4202.42,0.0273611
4202.75,0.0322117
4203.02,0.0386374
4203.24,0.0463931
4203.44,0.0560829
4203.63,0.0696535
4203.82,0.088615
4203.98,0.110311
4204.15,0.140023
4204.33,0.183523
4204.52,0.241439
4204.71,0.31744
4204.91,0.425793
4205.1,0.559648
4205.33,0.761109
4205.56,1.01738
4205.84,1.41268
4206.17,2.01566
4206.63,3.01118
4207.39,4.76601
4207.84,5.5144
4208.26,5.79264
4208.3,5.79485
4208.67,5.60255
4209.08,5.01496
4209.7,3.63414
4210.32,2.22207
4210.66,1.58114
4210.94,1.15256
4211.19,0.842755
4211.42,0.624118
4211.62,0.471994
4211.8,0.362284
4211.98,0.279008
4212.17,0.214642
4212.35,0.165612
4212.53,0.128755
4212.71,0.10138
4212.89,0.0812521
4213.07,0.0665713
4213.26,0.0552412
4213.48,0.0462438
4213.71,0.0401817
4214.01,0.0349662
4214.3,0.0316995
4214.75,0.0287154
4215.5,0.0260367
4216.69,0.0241118
4217.88,0.0235661
4219.47,0.0240834
4221.59,0.0263469
4223.71,0.0302893
4225.83,0.0363015
4227.75,0.0443643
4229.37,0.0542167
4230.73,0.0658062
4232.05,0.0817281
4233.11,0.0995931
4234.04,0.121084
4234.95,0.15058
4235.64,0.181922
4236.28,0.221466
4236.81,0.265936
4237.31,0.325849
4237.77,0.403972
4238.14,0.491741
4238.5,0.615506
4238.81,0.763532
4239.11,0.957152
4239.41,1.21962
4239.71,1.57215
4239.98,2.00274
4240.31,2.6533
4240.67,3.57863
4241.09,4.9628
4242.33,9.82035
4242.84,11.234
4243.31,11.7112
4243.31,11.7111
4243.77,11.2683
4244.26,9.95454
4245.61,4.72645
4246.03,3.38066
4246.38,2.52807
4246.68,1.9403
4246.98,1.49787
4247.28,1.16406
4247.58,0.913728
4247.88,0.731542
4248.21,0.584644
4248.54,0.47886
4248.92,0.390782
4249.32,0.325313
4249.8,0.268523
4250.35,0.220942
4251.07,0.177633
4251.78,0.146677
4252.71,0.117862
4253.77,0.0947037
4254.9,0.0772221
4256.22,0.0625626
4257.71,0.050895
4259.33,0.0418682
4261.25,0.0343142
4263.57,0.0279976
4266.09,0.0232999
4268.74,0.0198903
4271.91,0.0171336
4275.89,0.0150378
4279.6,0.0140921
4281.45,0.0139626
4284.1,0.0142467
4286.75,0.0153356
4288.73,0.0170663
4290.39,0.0196963
4291.55,0.0227255
4292.49,0.0264923
4293.23,0.0309518
4293.82,0.0364134
4294.26,0.042927
4294.6,0.0506959
4294.87,0.0607428
4295.1,0.0732923
4295.29,0.0875045
4295.47,0.107026
4295.66,0.133861
4295.84,0.170633
4296.02,0.217811
4296.18,0.27493
4296.36,0.356972
4296.54,0.464159
4296.73,0.616721
4296.92,0.814678
4297.13,1.08733
4297.36,1.47663
4297.62,2.02486
4297.89,2.76535
4298.24,3.93461
4298.81,6.2938
4299.5,9.10908
4299.93,10.2826
4300.33,10.6668
4300.74,10.2523
4301.15,9.10594
4301.85,6.25031
4302.4,4.00162
4302.74,2.82026
4303.03,2.02433
4303.28,1.48529
4303.51,1.09425
4303.72,0.820184
4303.91,0.629439
4304.1,0.472306
4304.28,0.363254
4304.44,0.286376
4304.6,0.226626
4304.77,0.180588
4304.93,0.145374
4305.1,0.116619
4305.29,0.0943866
4305.47,0.0782044
4305.7,0.0639533
4305.94,0.0541852
4306.17,0.0473216
4306.54,0.0399608
4307.01,0.0340246
4307.64,0.0289063
4308.42,0.0246381
4309.42,0.0210004
4310.53,0.0182947
4312.01,0.0159415
4313.5,0.014418
4316.0,0.0128866
4319.07,0.0119215
4323.16,0.0114991
4327.11,0.0117984
4331.06,0.0128087
4333.69,0.0141044
4335.91,0.0159628
4337.76,0.0185746
4339.06,0.0215139
4340.09,0.0250467
4340.87,0.0290231
4341.5,0.0336697
4341.97,0.0388623
4342.32,0.0444858
4342.64,0.0525795
4342.87,0.0612189
4343.1,0.0737276
4343.29,0.0878686
4343.47,0.107256
4343.64,0.131556
4343.8,0.162029
4343.96,0.201932
4344.13,0.25384
4344.29,0.320836
4344.45,0.406495
4344.64,0.539697
4344.84,0.713564
4345.03,0.936562
4345.25,1.26275
4345.48,1.67663
4345.72,2.23522
4346.01,3.08888
4346.4,4.47249
4347.45,8.77286
4347.9,10.0351
4348.32,10.4935
4348.34,10.4949
4348.75,10.0915
4349.2,8.87356
4349.93,5.91058
4350.45,3.84493
4350.78,2.74684
4351.08,1.96287
4351.34,1.4246
4351.57,1.05029
4351.77,0.78819
4351.95,0.609914
4352.15,0.460334
4352.31,0.363523
4352.47,0.287409
4352.63,0.22815
4352.8,0.182413
4352.98,0.143937
4353.15,0.115854
4353.36,0.0926546
4353.54,0.0780253
4353.74,0.0658944
4353.99,0.0554231
4354.3,0.047168
4354.64,0.0410549
4355.11,0.0357207
4355.85,0.0303014
4356.77,0.0260134
4357.88,0.0227206
4358.98,0.0205712
4360.44,0.018718
4362.65,0.0171441
4366.32,0.0160676
4369.25,0.0158833
4375.11,0.0165343
4380.98,0.0179199
4387.66,0.0203815
4394.61,0.0242653
4399.47,0.0282485
4403.64,0.0334203
4407.11,0.0400917
4409.21,0.0464731
4410.53,0.0526731
4411.32,0.0587413
4411.84,0.0660729
4412.24,0.0761569
4412.5,0.0872107
4412.76,0.104069
4412.99,0.125932
4413.22,0.157274
4413.42,0.1943
4413.62,0.245825
4413.85,0.321781
4414.08,0.422713
4414.32,0.567211
4414.57,0.753297
4414.87,1.03958
4415.21,1.45952
4415.76,2.27091
4416.49,3.37618
4416.94,3.84821
4417.37,4.00707
4417.78,3.85987
4418.26,3.37575
4419.45,1.61343
4419.81,1.18042
4420.1,0.912317
4420.36,0.725551
4420.62,0.593257
4420.83,0.524478
4421.04,0.487341
4421.17,0.480153
4421.35,0.491577
4421.56,0.538033
4421.74,0.60972
4421.92,0.720509
4422.11,0.876825
4422.29,1.08909
4422.47,1.37001
4422.66,1.73448
4422.87,2.27333
4423.1,3.05263
4423.33,4.05962
4423.59,5.48413
4423.88,7.57046
4424.25,10.7933
4424.89,17.5871
4425.45,23.5761
4425.91,27.0779
4426.34,28.3106
4426.37,28.3139
4426.79,27.2255
4427.2,24.3193
4427.87,17.265
4428.49,10.6697
4428.85,7.56391
4429.15,5.4637
4429.4,4.05913
4429.65,3.00074
4429.87,2.25992
4430.06,1.75544
4430.25,1.36249
4430.45,1.06081
4430.65,0.821064
4430.86,0.644198
4431.06,0.514872
4431.27,0.420807
4431.49,0.346099
4431.72,0.293411
4431.99,0.249589
4432.36,0.211473
4432.81,0.181745
4433.36,0.159138
4434.09,0.139712
4435.11,0.122753
4436.02,0.113557
4437.83,0.103952
4439.63,0.10104
4441.95,0.102941
4445.18,0.112611
4448.82,0.131955
4451.96,0.157046
4455.23,0.194756
4458.1,0.242004
4460.64,0.301743
4462.87,0.375222
4464.78,0.462518
4466.6,0.577913
4468.28,0.727968
4469.74,0.909828
4471.01,1.12976
4472.13,1.39192
4473.24,1.75052
4474.2,2.16905
4475.15,2.73417
4476.06,3.46879
4476.79,4.27586
4477.39,5.20144
4477.89,6.27619
4478.34,7.60797
4478.89,9.77499
4479.65,13.7489
4480.51,18.4388
4481.09,20.3143
4481.38,20.5694
4481.82,20.012
4482.31,18.2056
4483.81,10.1309
4484.32,7.98049
4484.77,6.57613
4485.25,5.47147
4485.83,4.51211
4486.57,3.62816
4487.48,2.84978
4488.48,2.22943
4489.43,1.79489
4490.43,1.45595
4491.55,1.17639
4492.84,0.939532
4494.3,0.748613
4495.8,0.606277
4497.62,0.482001
4499.5,0.389548
4501.57,0.315869
4503.94,0.254808
4506.39,0.208726
4509.26,0.169459
4512.31,0.138999
4515.94,0.112719
4520.31,0.0905493
4524.77,0.0747031
4530.13,0.0615103
4535.23,0.0530389
4539.59,0.0479412
4545.05,0.0439176
4551.42,0.0421812
4556.53,0.0435013
4559.94,0.046099
4564.21,0.052203
4567.52,0.0603446
4570.47,0.0720935
4572.93,0.0867165
4575.04,0.105663
4576.85,0.129519
4578.35,0.158024
4579.76,0.196009
4580.97,0.242706
4582.01,0.300357
4582.93,0.371995
4583.66,0.452381
4584.36,0.560501
4584.9,0.677155
4585.44,0.83725
4585.85,1.0093
4586.26,1.24209
4586.65,1.55242
4586.97,1.90139
4587.34,2.41706
4587.69,3.08543
4588.08,4.08448
4588.49,5.41968
4588.97,7.42058
4590.41,14.4743
4590.93,16.161
4591.4,16.6709
4591.9,16.0487
4592.42,14.2692
4593.93,6.88753
4594.39,5.08287
4594.79,3.82275
4595.15,2.96089
4595.52,2.30671
4595.9,1.79628
4596.25,1.45073
4596.6,1.19307
4597.04,0.957314
4597.53,0.775409
4598.09,0.625996
4598.67,0.515712
4599.37,0.419878
4600.17,0.342392
4601.08,0.278399
4602.07,0.22872
4603.27,0.185109
4604.68,0.149283
4606.09,0.123716
4607.84,0.100959
4609.9,0.0826103
4611.91,0.0702896
4613.92,0.0617498
4616.54,0.054916
4618.55,0.0525986
4619.55,0.0524923
4621.16,0.0542171
4622.77,0.05939
4623.97,0.0672918
4624.78,0.0760439
4625.38,0.0859241
4625.88,0.098302
4626.31,0.114887
4626.64,0.134937
4626.91,0.160381
4627.13,0.189882
4627.35,0.231524
4627.57,0.29058
4627.76,0.364385
4627.96,0.464138
4628.15,0.59848
4628.35,0.777495
4628.55,1.01306
4628.74,1.31864
4628.94,1.7209
4629.16,2.27318
4629.4,3.0554
4629.65,4.0921
4629.94,5.5672
4630.33,8.04742
4631.5,16.9055
4631.97,19.3501
4632.4,20.239
4632.43,20.2411
4632.86,19.4518
4633.31,17.1482
4634.06,11.5222
4634.62,7.42274
4634.95,5.35992
4635.24,3.92464
4635.5,2.87889
4635.75,2.13409
4635.96,1.61078
4636.17,1.21555
4636.38,0.913167
4636.56,0.714319
4636.74,0.560356
4636.92,0.442368
4637.13,0.342534
4637.3,0.281139
4637.51,0.224159
4637.72,0.183324
4637.93,0.153911
4638.18,0.128935
4638.46,0.110026
4638.79,0.0944857
4639.18,0.0816588
4639.71,0.0698205
4640.5,0.0577538
4641.53,0.0473897
4642.75,0.0391049
4644.14,0.0327757
4645.98,0.0271851
4648.19,0.022796
4651.05,0.0190258
4654.53,0.0160087
4658.02,0.0139813
4663.31,0.0117918
4669.17,0.0101306
4676.41,0.00871938
4685.33,0.00745623
4696.48,0.0063567
4709.85,0.00542433
4726.57,0.00466365
4741.07,0.0041694
4754.44,0.00383128
4772.28,0.00352247
4797.81,0.00328253
4814.83,0.00322322
4839.11,0.00332053
4855.3,0.00351464
4867.44,0.00375613
4882.82,0.00421944
4895.49,0.00485999
4905.81,0.00566219
4914.47,0.00666622
4922.03,0.00794072
4928.15,0.00946098
4933.11,0.0112296
4937.36,0.0133848
4941.1,0.0160802
4944.34,0.0195215
4946.53,0.0228632
4948.51,0.0271346
4950.21,0.0324661
4951.58,0.038879
4952.68,0.0465377
4953.41,0.0542321
4953.89,0.0619244
4954.32,0.072363
4954.62,0.0839553
4954.86,0.0975346
4955.11,0.117121
4955.32,0.141527
4955.51,0.171873
4955.71,0.215401
4955.92,0.274824
4956.12,0.355239
4956.32,0.462845
4956.52,0.604963
4956.73,0.800434
4956.95,1.05367
4957.19,1.42782
4957.43,1.90734
4957.7,2.56058
4958.02,3.56824
4958.44,5.21649
4959.54,10.1443
4960.04,11.7345
4960.49,12.3148
4960.53,12.3195
4960.98,11.826
4961.44,10.4622
4962.21,7.04765
4962.76,4.62827
4963.14,3.25779
4963.44,2.36616
4963.72,1.73005
4963.96,1.29604
4964.17,1.00388
4964.38,0.774731
4964.59,0.598308
4964.8,0.464893
4965.01,0.36569
4965.22,0.293109
4965.42,0.2408
4965.67,0.198614
4965.88,0.174096
4966.15,0.152839
4966.5,0.138038
4966.92,0.130068
4967.4,0.12777
4968.31,0.133061
4969.42,0.150007
4970.53,0.178465
4971.5,0.216303
4972.34,0.26354
4973.03,0.319615
4973.66,0.391482
4974.14,0.470472
4974.62,0.579214
4975.01,0.709188
4975.37,0.871768
4975.7,1.08323
4976.03,1.37453
4976.31,1.699
4976.59,2.11861
4976.9,2.73076
4977.24,3.59889
4977.61,4.80707
4978.07,6.71688
4978.84,10.6889
4979.51,14.0889
4980.04,15.9854
4980.54,16.6102
4980.96,16.1519
4981.48,14.4518
4982.31,10.2376
4983.04,6.55843
4983.5,4.68164
4983.87,3.48097
4984.2,2.65485
4984.54,2.02588
4984.85,1.5834
4985.16,1.25299
4985.44,1.03177
4985.77,0.833373
4986.15,0.672793
4986.57,0.546652
4986.98,0.456286
4987.46,0.381457
4988.05,0.313811
4988.76,0.255952
4989.57,0.208697
4990.54,0.168635
4991.62,0.137332
4992.83,0.112377
4994.15,0.0933279
4995.54,0.0793392
4997.21,0.0684731
4998.67,0.0636637
4999.02,0.0632956
4999.93,0.0649809
5000.36,0.0686492
5000.69,0.0742246
5001.01,0.0842904
5001.28,0.0984452
5001.5,0.115612
5001.72,0.14024
5001.93,0.175117
5002.12,0.216802
5002.31,0.271909
5002.53,0.355654
5002.75,0.46704
5002.96,0.612328
5003.21,0.826698
5003.47,1.12612
5003.77,1.55279
5004.09,2.14275
5004.55,3.17154
5005.52,5.62608
5006.03,6.5744
5006.47,6.91826
5006.54,6.92448
5006.98,6.66899
5007.47,5.84129
5008.32,3.70381
5008.86,2.41877
5009.21,1.71922
5009.51,1.25622
5009.77,0.923161
5010.02,0.682749
5010.24,0.516081
5010.46,0.387439
5010.66,0.29783
5010.86,0.229344
5011.06,0.177746
5011.24,0.142694
5011.43,0.114938
5011.62,0.0942999
5011.85,0.0764995
5012.07,0.0641339
5012.3,0.0555089
5012.6,0.0478028
5012.98,0.0417885
5013.51,0.0367589
5014.43,0.0317673
5015.58,0.0279973
5016.73,0.0255066
5019.03,0.0224982
5021.95,0.0207098
5024.11,0.0204732
5026.56,0.0214856
5028.18,0.0234646
5029.4,0.0263422
5030.22,0.0296339
5030.76,0.0332232
5031.16,0.0375707
5031.5,0.0434013
5031.77,0.0506665
5032.01,0.0601151
5032.25,0.0739637
5032.45,0.0908994
5032.65,0.114368
5032.82,0.140954
5033.0,0.177622
5033.2,0.231073
5033.4,0.301937
5033.6,0.394592
5033.8,0.513915
5034.02,0.688547
5034.27,0.932389
5034.54,1.28132
5034.81,1.72128
5035.13,2.37408
5035.6,3.53253
5036.58,6.1751
5037.06,7.1012
5037.51,7.44398
5037.55,7.44668
5037.96,7.20952
5038.39,6.483
5039.06,4.76048
5039.75,2.87946
5040.15,1.99389
5040.46,1.4455
5040.73,1.06127
5040.97,0.789143
5041.2,0.589309
5041.42,0.44218
5041.62,0.338832
5041.82,0.259222
5042.02,0.198777
5042.21,0.15348
5042.41,0.119925
5042.62,0.0946762
5042.8,0.0779732
5043.02,0.0635079
5043.24,0.0533873
5043.46,0.0462603
5043.76,0.0398071
5044.13,0.0346804
5044.64,0.0303194
5045.47,0.0262456
5046.6,0.0229719
5047.96,0.0206323
5050.23,0.0185845
5052.04,0.0177765
5055.34,0.0172492
5060.03,0.0177362
5066.29,0.019794
5072.31,0.0232665
5077.5,0.0278326
5082.03,0.0335812
5086.06,0.0408779
5089.77,0.0503604
5093.06,0.0622958
5095.87,0.0765053
5098.5,0.09523
5100.81,0.118231
5102.79,0.145564
5104.52,0.178485
5106.0,0.21693
5107.47,0.269496
5108.65,0.327106
5109.84,0.40679
5110.83,0.498698
5111.75,0.617146
5112.6,0.771636
5113.3,0.945853
5113.87,1.14331
5114.48,1.43107
5114.98,1.75293
5115.5,2.22428
5115.97,2.78699
5116.42,3.5199
5116.94,4.63129
5117.48,6.14826
5118.24,8.8172
5119.45,13.3097
5119.99,14.6721
5120.57,15.2209
5121.17,14.6459
5121.84,12.8353
5123.48,6.74315
5124.05,5.03783
5124.57,3.8284
5125.06,2.95969
5125.52,2.35377
5126.02,1.87305
5126.51,1.5201
5127.09,1.2208
5127.66,1.00359
5128.36,0.813944
5129.2,0.650361
5130.09,0.52739
5131.12,0.42492
5132.28,0.344085
5133.59,0.2792
5134.8,0.238254
5135.58,0.22197
5135.84,0.219735
5136.35,0.224852
5136.74,0.243641
5137.07,0.276495
5137.33,0.319753
5137.59,0.383831
5137.85,0.475009
5138.11,0.601881
5138.37,0.771408
5138.67,1.02033
5139.0,1.37547
5139.43,1.95747
5140.65,3.90977
5141.12,4.42197
5141.58,4.59852
5141.99,4.45224
5142.42,4.01442
5143.08,3.012
5143.8,1.82228
5144.18,1.30643
5144.5,0.959377
5144.78,0.720577
5145.03,0.547405
5145.29,0.413998
5145.5,0.328581
5145.71,0.262546
5145.92,0.212305
5146.15,0.172056
5146.38,0.142955
5146.64,0.119286
5146.91,0.103354
5147.29,0.0890734
5147.75,0.0792675
5148.36,0.0717914
5149.65,0.0626355
5151.79,0.0528905
5154.8,0.0436685
5158.11,0.0364208
5162.15,0.0301658
5166.76,0.0251564
5172.14,0.021208
5178.22,0.0181141
5182.63,0.0166252
5188.52,0.0153992
5194.4,0.0150226
5200.29,0.0157575
5203.96,0.0171552
5206.89,0.0193751
5209.05,0.0222874
5210.49,0.0253761
5211.57,0.0287434
5212.62,0.0334594
5213.49,0.0391338
5214.18,0.0458274
5214.7,0.0533944
5215.13,0.0632271
5215.45,0.0747173
5215.72,0.0890398
5215.94,0.105367
5216.16,0.128048
5216.37,0.159701
5216.58,0.201272
5216.77,0.252893
5216.95,0.32122
5217.16,0.42125
5217.37,0.554521
5217.58,0.729602
5217.8,0.969495
5218.01,1.27404
5218.26,1.71167
5218.5,2.26467
5218.8,3.13181
5219.14,4.3331
5219.62,6.48228
5220.64,11.4203
5221.14,13.0835
5221.61,13.6335
5221.61,13.6335
5222.04,13.1587
5222.47,11.8346
5223.17,8.63298
5223.87,5.23477
5224.26,3.68162
5224.58,2.64255
5224.85,1.96197
5225.1,1.45693
5225.33,1.09944
5225.55,0.821881
5225.75,0.637289
5225.94,0.493283
5226.14,0.382506
5226.33,0.298649
5226.52,0.235305
5226.71,0.18785
5226.91,0.15251
5227.13,0.122618
5227.36,0.101494
5227.58,0.0864676
5227.9,0.0719312
5228.26,0.0615805
5228.76,0.0524917
5229.36,0.045591
5230.15,0.0395578
5231.15,0.0346348
5232.55,0.0304154
5233.74,0.0282368
5236.14,0.0260843
5237.73,0.0256875
5240.72,0.0264431
5243.71,0.0287778
5246.71,0.0327687
5249.7,0.0389229
5252.14,0.0463441
5254.58,0.0571159
5256.53,0.0694433
5258.27,0.0849953
5259.87,0.10505
5261.26,0.129802
5262.46,0.159468
5263.58,0.198377
5264.55,0.246708
5265.42,0.307469
5266.15,0.381097
5266.79,0.47349
5267.33,0.585083
5267.76,0.70593
5268.18,0.871821
5268.59,1.09419
5268.94,1.35194
5269.29,1.69342
5269.64,2.14154
5270.04,2.81429
5270.48,3.78458
5270.99,5.25815
5271.99,8.77473
5272.68,11.0347
5273.27,12.1806
5273.62,12.3822
5274.07,12.0468
5274.57,10.9928
5275.38,8.28305
5276.26,5.21064
5276.78,3.74738
5277.22,2.78587
5277.61,2.12013
5277.97,1.66601
5278.33,1.32293
5278.71,1.05697
5279.11,0.84715
5279.56,0.680176
5280.01,0.56024
5280.51,0.463185
5281.1,0.379052
5281.84,0.305462
5282.68,0.246586
5283.52,0.204041
5284.59,0.164475
5285.85,0.131897
5287.19,0.107269
5288.78,0.0863392
5290.48,0.070539
5292.57,0.056768
5294.76,0.0466391
5297.16,0.0387638
5299.95,0.0322658
5303.14,0.0270724
5306.73,0.0230486
5310.32,0.0202874
5315.1,0.0178941
5319.89,0.0165082
5325.07,0.0158368
5327.07,0.0157782
5333.85,0.0163683
5338.93,0.0177115
5344.12,0.0202599
5347.61,0.0231289
5350.4,0.0266607
5352.33,0.0304792
5353.66,0.0345717
5354.6,0.0392511
5355.13,0.0439208
5355.53,0.049888
5355.86,0.0581346
5356.12,0.0679924
5356.35,0.0806458
5356.57,0.0986114
5356.8,0.123974
5357.0,0.154331
5357.2,0.19462
5357.4,0.247473
5357.59,0.315899
5357.82,0.417481
5358.05,0.551971
5358.3,0.734266
5358.58,1.00077
5358.89,1.38236
5359.27,1.96135
5359.81,2.96212
5360.58,4.4825
5361.12,5.25645
5361.59,5.53493
5361.65,5.53899
5362.09,5.35051
5362.52,4.82244
5363.18,3.60375
5363.92,2.16047
5364.32,1.52986
5364.62,1.13307
5364.91,0.83927
5365.17,0.627244
5365.41,0.476779
5365.65,0.361917
5365.87,0.28306
5366.06,0.229028
5366.28,0.184065
5366.5,0.151546
5366.72,0.128518
5366.98,0.110123
5367.24,0.0989534
5367.51,0.092882
5367.77,0.0907079
5368.17,0.093612
5368.43,0.0999053
5368.76,0.114199
5369.03,0.13271
5369.29,0.159959
5369.56,0.199849
5369.8,0.249608
5370.05,0.315457
5370.33,0.41674
5370.62,0.548534
5370.94,0.734953
5371.35,1.04184
5372.01,1.63842
5372.74,2.28991
5373.23,2.57551
5373.67,2.66665
5374.1,2.57925
5374.58,2.29843
5375.39,1.59472
5376.01,1.05516
5376.42,0.766729
5376.78,0.578129
5377.06,0.46345
5377.34,0.378148
5377.63,0.31768
5377.86,0.283927
5378.2,0.252171
5378.54,0.237032
5378.76,0.233478
5379.22,0.23689
5379.9,0.258179
5380.88,0.309979
5381.83,0.382869
5382.67,0.476772
5383.36,0.586241
5383.96,0.719075
5384.51,0.891039
5384.97,1.08941
5385.41,1.34347
5385.84,1.68851
5386.25,2.12385
5386.67,2.70742
5387.13,3.55776
5387.63,4.76637
5388.29,6.73175
5389.5,10.6309
5390.09,11.9156
5390.64,12.34
5391.13,12.0096
5391.69,10.8632
5392.69,7.73604
5393.5,5.18302
5394.03,3.8294
5394.51,2.89342
5394.93,2.25732
5395.32,1.80215
5395.72,1.45626
5396.19,1.15033
5396.67,0.929973
5397.19,0.75341
5397.83,0.603434
5398.46,0.496467
5399.19,0.40588
5400.12,0.325213
5401.09,0.264617
5402.2,0.215183
5403.5,0.173729
5404.88,0.142484
5406.46,0.117063
5408.11,0.0982539
5410.08,0.0827236
5411.73,0.0742297
5413.71,0.0688833
5414.3,0.0684545
5415.48,0.0699126
5416.37,0.0744954
5416.97,0.0816105
5417.41,0.0922321
5417.71,0.104406
5418.0,0.123728
5418.26,0.149875
5418.48,0.182481
5418.71,0.228326
5418.89,0.280014
5419.08,0.347531
5419.26,0.434851
5419.48,0.572293
5419.7,0.746272
5419.93,0.989513
5420.16,1.30186
5420.42,1.75749
5420.69,2.33146
5421.02,3.247
5421.45,4.70636
5422.66,9.55167
5423.17,10.976
5423.64,11.4942
5423.67,11.4964
5424.14,11.0535
5424.6,9.82867
5425.38,6.77185
5425.99,4.33799
5426.4,3.02297
5426.71,2.21108
5426.99,1.61984
5427.25,1.1917
5427.47,0.915349
5427.69,0.697849
5427.9,0.529695
5428.12,0.401841
5428.33,0.310061
5428.54,0.241255
5428.74,0.190217
5428.95,0.152679
5429.18,0.122355
5429.39,0.103081
5429.65,0.0860651
5429.96,0.0725117
5430.33,0.0621567
5430.7,0.0553989
5431.26,0.0486791
5432.19,0.041587
5433.39,0.0357822
5434.75,0.0314504
5436.57,0.027692
5439.29,0.024313
5441.83,0.0225101
5445.08,0.0213709
5446.7,0.0211882
5451.22,0.0219237
5454.23,0.0235871
5457.24,0.0265591
5459.49,0.0300436
5461.71,0.0351449
5463.56,0.0413549
5465.34,0.0499802
5466.9,0.0609796
5468.23,0.0746187
5469.42,0.0921044
5470.45,0.114246
5471.22,0.137309
5471.96,0.168826
5472.58,0.20748
5473.01,0.247031
5473.35,0.291823
5473.7,0.356106
5474.0,0.43583
5474.26,0.533854
5474.52,0.669963
5474.74,0.828352
5474.96,1.03805
5475.21,1.34951
5475.45,1.76726
5475.7,2.31945
5475.95,3.03677
5476.23,4.10623
5476.53,5.54555
5476.87,7.68668
5477.27,10.75
5477.89,16.6191
5478.62,23.6787
5479.16,27.3924
5479.63,28.7422
5479.69,28.7594
5480.12,27.8429
5480.58,25.1223
5481.26,18.902
5482.02,11.5021
5482.44,8.12547
5482.8,5.82355
5483.1,4.3256
5483.37,3.24905
5483.63,2.45204
5483.87,1.8691
5484.12,1.42654
5484.37,1.09564
5484.62,0.851169
5484.84,0.687526
5485.1,0.546853
5485.36,0.445587
5485.67,0.360496
5486.01,0.295242
5486.41,0.244525
5486.9,0.201666
5487.44,0.169118
5488.18,0.138112
5489.05,0.112993
5490.04,0.0928798
5491.25,0.0758229
5492.48,0.0637657
5494.11,0.0529542
5495.74,0.0458236
5497.67,0.0404744
5499.74,0.0373325
5501.81,0.0363114
5503.74,0.0371468
5505.66,0.039955
5507.59,0.0454488
5509.03,0.05222
5510.41,0.0621055
5511.5,0.0735392
5512.54,0.0895903
5513.38,0.108551
5514.08,0.131543
5514.64,0.158734
5515.1,0.191535
5515.45,0.229456
5515.75,0.276594
5516.0,0.331865
5516.25,0.408493
5516.49,0.512961
5516.7,0.634185
5516.92,0.794164
5517.13,1.00394
5517.34,1.27666
5517.55,1.63678
5517.79,2.15739
5518.03,2.82874
5518.3,3.79692
5518.57,5.02216
5518.9,6.83761
5519.28,9.55497
5519.91,14.9597
5520.72,21.9629
5521.21,24.8604
5521.7,25.9091
5521.7,25.9091
5522.16,24.9854
5522.6,22.5304
5523.31,16.6332
5524.05,10.0968
5524.47,7.08743
5524.79,5.22342
5525.09,3.85552
5525.36,2.85881
5525.61,2.15638
5525.86,1.61726
5526.1,1.22567
5526.31,0.964493
5526.52,0.763844
5526.72,0.620556
5526.95,0.495202
5527.17,0.402393
5527.44,0.32214
5527.71,0.265629
5528.03,0.219554
5528.42,0.180974
5528.82,0.153905
5529.32,0.130074
5530.0,0.107482
5530.84,0.0881932
5531.83,0.0726318
5532.93,0.0605614
5534.13,0.0514824
5535.34,0.0452219
5536.78,0.0403117
5538.22,0.0375852
5539.67,0.0368002
5541.26,0.0384741
5542.33,0.0416601
5543.13,0.0457487
5543.93,0.052295
5544.48,0.0595985
5544.9,0.0680998
5545.25,0.0789669
5545.53,0.0919525
5545.8,0.111146
5546.05,0.135733
5546.27,0.168135
5546.48,0.208154
5546.68,0.262132
5546.88,0.334452
5547.08,0.430502
5547.29,0.556703
5547.51,0.736587
5547.74,0.985741
5547.97,1.30966
5548.23,1.7809
5548.5,2.39813
5548.78,3.22357
5549.13,4.48177
5549.58,6.49339
5550.67,11.961
5551.21,13.8518
5551.68,14.4792
5551.71,14.4811
5552.17,13.9366
5552.64,12.4277
5553.38,8.8401
5554.06,5.45984
5554.44,3.89816
5554.77,2.83476
5555.05,2.08063
5555.31,1.54184
5555.56,1.14169
5555.79,0.854933
5556.0,0.660366
5556.2,0.509033
5556.41,0.391397
5556.61,0.30355
5556.81,0.237537
5556.99,0.192601
5557.2,0.15497
5557.4,0.127116
5557.64,0.103028
5557.87,0.0867532
5558.16,0.0724991
5558.51,0.0610009
5558.92,0.0520298
5559.5,0.0435152
5560.31,0.0356652
5561.28,0.0293239
5562.34,0.0244998
5563.62,0.0204484
5565.15,0.0170693
5566.91,0.0143719
5569.13,0.0120101
5571.36,0.0103461
5574.58,0.00869799
5578.9,0.00722783
5583.97,0.00609899
5589.91,0.00523647
5597.82,0.0044926
5605.73,0.00400667
5617.6,0.00357616
5629.47,0.00336981
5636.42,0.00334068
5646.84,0.00343456
5657.27,0.00374899
5664.22,0.0041739
5669.43,0.0047107
5673.77,0.00543545
5677.25,0.0063362
5679.85,0.00734206
5682.02,0.00858848
5683.76,0.0100186
5685.45,0.0120259
5686.8,0.0143875
5687.96,0.0173305
5688.92,0.0208402
5689.68,0.0248754
5690.29,0.0296311
5690.7,0.0343211
5691.05,0.0403597
5691.36,0.048076
5691.61,0.0574527
5691.87,0.0709956
5692.1,0.0884498
5692.29,0.109287
5692.51,0.139849
5692.69,0.173793
5692.86,0.217657
5693.04,0.273934
5693.26,0.361998
5693.45,0.468662
5693.67,0.616537
5693.88,0.805694
5694.13,1.08205
5694.38,1.44942
5694.66,1.97008
5694.99,2.7179
5695.38,3.83172
5696.05,6.12323
5696.76,8.5672
5697.26,9.74441
5697.74,10.1713
5697.76,10.1717
5698.21,9.80917
5698.67,8.79943
5699.38,6.41618
5700.1,3.9431
5700.51,2.75748
5700.85,1.96603
5701.14,1.44278
5701.39,1.07742
5701.62,0.81791
5701.86,0.606897
5702.08,0.461786
5702.29,0.350239
5702.5,0.26574
5702.68,0.21184
5702.86,0.169896
5703.07,0.132736
5703.27,0.106038
5703.47,0.0863901
5703.68,0.0719515
5703.93,0.0591223
5704.19,0.0502694
5704.49,0.0430231
5704.9,0.036771
5705.41,0.0318736
5706.02,0.028115
5706.83,0.0249357
5707.85,0.022695
5708.92,0.0219072
5709.58,0.0224094
5710.05,0.023643
5710.36,0.0252542
5710.67,0.0279821
5710.97,0.0325569
5711.25,0.0389755
5711.48,0.047168
5711.71,0.0588808
5711.92,0.0737398
5712.14,0.0950139
5712.37,0.123763
5712.59,0.161966
5712.81,0.211847
5713.06,0.283846
5713.31,0.376448
5713.59,0.512211
5713.91,0.704393
5714.29,0.994963
5714.85,1.51168
5715.75,2.3893
5716.26,2.73115
5716.74,2.85336
5716.76,2.85355
5717.23,2.74629
5717.7,2.44864
5718.48,1.71162
5719.16,1.06276
5719.55,0.751374
5719.88,0.543387
5720.17,0.399778
5720.42,0.302877
5720.66,0.227182
5720.89,0.173672
5721.12,0.132757
5721.32,0.104479
5721.53,0.08302
5721.74,0.0669606
5721.94,0.0551009
5722.19,0.0450294
5722.44,0.0382381
5722.69,0.033722
5723.02,0.0300176
5723.43,0.0275937
5723.76,0.0266333
5724.55,0.0259648
5725.34,0.0263507
5726.92,0.0287381
5728.5,0.0329911
5730.08,0.0395242
5731.43,0.0476907
5732.58,0.0576045
5733.61,0.0699273
5734.51,0.0849547
5735.26,0.102273
5735.98,0.126112
5736.52,0.151516
5736.95,0.180742
5737.31,0.216581
5737.61,0.258652
5737.91,0.318624
5738.17,0.391317
5738.42,0.492481
5738.67,0.626667
5738.89,0.792166
5739.12,1.01138
5739.34,1.29903
5739.57,1.67205
5739.82,2.22706
5740.09,2.98171
5740.39,4.05808
5740.69,5.48278
5741.03,7.48421
5741.46,10.5596
5742.74,21.2354
5743.26,24.2024
5743.75,25.2794
5743.77,25.2817
5744.25,24.3342
5744.8,21.2271
5746.19,9.69852
5746.6,6.94014
5746.94,5.04729
5747.24,3.73574
5747.5,2.8144
5747.77,2.0988
5748.01,1.61309
5748.23,1.25348
5748.46,0.976609
5748.68,0.765883
5748.91,0.606926
5749.12,0.492667
5749.38,0.391401
5749.63,0.318611
5749.93,0.258539
5750.27,0.211424
5750.65,0.176168
5751.13,0.145269
5751.67,0.121523
5752.37,0.0994253
5753.27,0.07982
5754.21,0.0653193
5755.24,0.0538644
5756.44,0.0441733
5757.85,0.0359896
5759.56,0.0290188
5761.4,0.0237801
5763.5,0.0195805
5766.01,0.0160906
5768.56,0.0136412
5771.11,0.0119061
5774.81,0.0101777
5778.16,0.00916457
5783.17,0.00833311
5787.85,0.00800725
5789.18,0.0079989
5794.14,0.00831074
5799.1,0.0091847
5802.4,0.0101992
5805.58,0.011736
5808.24,0.0136323
5810.89,0.0164384
5812.9,0.0195608
5814.62,0.023337
5816.14,0.027998
5817.46,0.0336186
5818.77,0.041587
5819.9,0.0514904
5820.82,0.062898
5821.54,0.0756515
5822.13,0.090209
5822.66,0.109293
5823.08,0.131593
5823.4,0.156986
5823.69,0.19074
5823.95,0.231806
5824.2,0.289374
5824.41,0.354952
5824.62,0.442166
5824.83,0.557716
5825.04,0.702885
5825.24,0.890337
5825.48,1.17578
5825.71,1.55014
5825.95,2.03273
5826.2,2.69227
5826.48,3.61438
5826.81,5.00045
5827.19,7.01645
5827.7,10.3844
5828.77,17.9537
5829.28,20.4682
5829.78,21.3817
5829.8,21.3829
5830.28,20.5568
5830.77,18.2722
5831.59,12.541
5832.26,7.88705
5832.66,5.62278
5833.0,4.07486
5833.29,3.00455
5833.57,2.21697
5833.82,1.66328
5834.05,1.2766
5834.29,0.96791
5834.52,0.735179
5834.73,0.58375
5834.93,0.467314
5835.14,0.375161
5835.35,0.305886
5835.6,0.245159
5835.86,0.201974
5836.15,0.166695
5836.46,0.141575
5836.87,0.118478
5837.34,0.101047
5837.93,0.0864578
5838.61,0.0752116
5839.49,0.0658037
5840.36,0.060583
5841.02,0.0592127
5841.68,0.0608897
5842.1,0.0649394
5842.39,0.0700495
5842.67,0.0783521
5842.95,0.0916241
5843.2,0.109398
5843.41,0.131201
5843.62,0.161298
5843.83,0.202395
5844.05,0.259217
5844.27,0.337161
5844.49,0.440569
5844.71,0.575532
5844.95,0.768339
5845.22,1.04199
5845.5,1.41439
5845.82,1.95653
5846.17,2.72226
5846.65,3.96053
5847.74,7.16188
5848.24,8.22942
5848.73,8.67852
5848.8,8.68669
5849.27,8.37466
5849.71,7.54413
5850.42,5.57039
5851.18,3.35727
5851.56,2.42356
5851.9,1.74238
5852.19,1.29275
5852.45,0.96122
5852.69,0.729159
5852.92,0.547765
5853.15,0.412577
5853.37,0.312844
5853.59,0.237652
5853.79,0.186607
5853.99,0.147908
5854.19,0.118823
5854.41,0.0950634
5854.62,0.0786189
5854.87,0.0647829
5855.12,0.0552193
5855.45,0.0467499
5855.79,0.0412684
5856.29,0.0360648
5856.95,0.0318528
5857.93,0.0281326
5859.28,0.0252814
5860.9,0.0238522
5861.44,0.0237302
5862.81,0.0241212
5864.51,0.026125
5865.88,0.0293713
5867.06,0.0341359
5867.85,0.0391671
5868.48,0.0454687
5868.95,0.0531452
5869.27,0.0610851
5869.58,0.0730601
5869.84,0.0879914
5870.08,0.10729
5870.32,0.134607
5870.53,0.168214
5870.74,0.213644
5870.95,0.274558
5871.14,0.348548
5871.36,0.458468
5871.58,0.60265
5871.8,0.78881
5872.02,1.02516
5872.28,1.37525
5872.57,1.87762
5872.89,2.57142
5873.27,3.62647
5873.82,5.47181
5874.74,8.78905
5875.27,10.1743
5875.77,10.6804
5875.81,10.6846
5876.25,10.3471
5876.69,9.39661
5877.35,7.201
5878.17,4.24998
5878.59,2.99554
5878.93,2.17769
5879.22,1.62675
5879.48,1.24327
5879.74,0.951785
5879.95,0.774315
5880.19,0.634367
5880.33,0.576777
5880.52,0.528646
5880.71,0.511947
5880.9,0.527594
5881.1,0.576479
5881.29,0.660778
5881.48,0.78388
5881.7,0.974357
5881.94,1.25956
5882.18,1.62763
5882.44,2.15026
5882.74,2.8868
5883.08,3.97907
5883.53,5.75067
5884.76,11.3683
5885.31,13.1526
5885.82,13.8388
5885.88,13.8472
5886.4,13.32
5886.98,11.6985
5888.09,7.76859
5888.63,6.28947
5889.23,5.17676
5891.97,1.6201
5892.42,1.13722
5892.77,0.829592
5893.08,0.614733
5893.34,0.469928
5893.6,0.355507
5893.86,0.2673
5894.08,0.210612
5894.3,0.166522
5894.54,0.129048
5894.77,0.103194
5895.0,0.0841075
5895.27,0.0681864
5895.49,0.0584874
5895.8,0.0494526
5896.18,0.0421762
5896.56,0.0374964
5897.15,0.0328447
5898.0,0.0285695
5899.43,0.0240067
5900.86,0.0210074
5902.89,0.0182272
5905.1,0.016398
5907.3,0.0152713
5910.23,0.0144642
5913.16,0.0142095
5918.54,0.014796
5923.92,0.0165101
5928.81,0.0191654
5933.37,0.0229076
5937.29,0.0275793
5940.87,0.0336496
5944.29,0.0419222
5947.07,0.051387
5949.67,0.063849
5952.02,0.0796489
5954.11,0.099413
5955.93,0.123746
5957.5,0.15283
5958.96,0.190923
5960.27,0.238681
5961.3,0.290718
5962.31,0.361383
5963.22,0.45135
5964.02,0.562864
5964.7,0.69759
5965.29,0.858118
5965.83,1.06046
5966.32,1.3106
5966.8,1.64836
5967.28,2.08523
5967.8,2.72632
5968.33,3.57715
5968.94,4.81547
5970.56,8.65682
5971.27,9.77874
5971.83,10.078
5972.39,9.77514
5973.09,8.64995
5974.9,4.41562
5975.52,3.2307
5976.01,2.51064
5976.54,1.92384
5977.04,1.50325
5977.53,1.203
5978.02,0.980318
5978.59,0.789979
5979.18,0.647681
5979.93,0.517252
5980.71,0.420454
5981.62,0.339291
5982.57,0.278296
5983.71,0.224704
5984.95,0.182593
5986.31,0.148664
5987.98,0.118973
5989.69,0.0969595
5991.73,0.077982
5994.01,0.0626953
5996.62,0.0502256
5998.31,0.0443495
5999.15,0.0421493
6000.0,1.02154
6000.0,0.0405238
7173.18,0.944014
7800.0,0.902595
9325.13,0.831372
10000.0,0.799856
11955.3,0.737289
14000.0,0.67186
16737.4,0.609145
17000.0,0.603129
20000.0,0.548527
23910.6,0.493528
25000.0,0.478207
29888.2,0.426236
30000.0,0.425048
35865.9,0.378559
37500.0,0.365608
44832.4,0.322794
45000.0,0.321815
53798.9,0.284509
56250.0,0.274116
67248.6,0.240622
67500.0,0.239856
80698.3,0.211129
83750.0,0.204487
100000.0,0.192996
100000.0,0.179254
150000.0,0.165001
200000.0,0.158001
300000.0,0.161
439106.0,0.177866
620000.0,0.206996
640000.0,0.196989
660000.0,0.157007
680000.0,0.138003
700000.0,0.127002
800000.0,0.106002
1000000.0,0.105001
1500000.0,0.145999
2000000.0,0.158999
2500000.0,0.138999
3000000.0,0.0970006
4062500.0,0.053875
4625000.0,0.03425
5000000.0,0.0200005
6000000.0,0.0100001
7000000.0,0.00500009
1.0E7,0.00100003
1.99998E7,1.57791E-8
1.99999E7,9.8616E-9
2.0E7,3.92229E-9
2.0E7,4.50226E-9
2.0E7,6.53557E-9