48-Cd-106(n,&gamma;) ENDF/B-VII.1
1.0E-5,49.6556
1.31241E-5,43.3445
1.70876E-5,37.9863
2.2426E-5,33.1583
2.91987E-5,29.0594
3.83206E-5,25.3659
4.98935E-5,22.2302
6.54808E-5,19.4047
8.52562E-5,17.0061
1.11891E-4,14.8446
1.45682E-4,13.0095
1.91195E-4,11.3562
2.48937E-4,9.95244
3.26707E-4,8.68728
4.25373E-4,7.61341
5.58264E-4,6.64568
7.26861E-4,5.82435
9.53941E-4,5.08406
0.00124203,4.45545
0.00163006,3.88919
0.00212234,3.40824
0.00278538,2.97499
0.00362657,2.60713
0.00475955,2.27611
0.00619694,1.99474
0.00813293,1.7427
0.0105891,1.52903
0.0138972,1.3334
0.0180942,1.16977
0.0234661,1.02796
0.0253,0.989559
0.033204,0.862551
0.0432317,0.757554
0.0567377,0.659875
0.0738726,0.577992
0.105586,0.483354
0.138572,0.421185
0.18042,0.369047
0.236786,0.321729
0.308296,0.281395
0.440644,0.234881
0.578306,0.204529
0.826569,0.17012
1.07619,0.148483
1.41241,0.129489
1.83896,0.112244
2.41347,0.0965822
3.3802,0.0803554
4.4178,0.0689887
5.50677,0.0609162
6.73387,0.0536263
8.42573,0.0465214
10.5218,0.0401649
13.4412,0.0339064
16.7949,0.0287303
20.775,0.0243044
25.6043,0.0203345
31.999,0.0166586
39.8889,0.0135349
46.3872,0.0116172
54.3806,0.00983411
63.9727,0.00821465
76.4813,0.00672908
89.5517,0.00562265
105.539,0.00468603
121.525,0.0040183
140.71,0.00344721
159.894,0.00308716
179.078,0.00281447
204.657,0.0026157
229.857,0.00254308
252.329,0.00257478
280.257,0.00273224
305.457,0.00303569
324.357,0.00341912
340.737,0.00389211
355.857,0.00454976
369.238,0.00541436
380.213,0.00647654
389.171,0.00768607
396.731,0.00914576
403.737,0.0110349
409.394,0.0132369
413.817,0.0155311
417.71,0.0181897
422.776,0.0231115
426.455,0.0282684
429.485,0.0341736
432.471,0.0422814
434.985,0.0518984
437.505,0.0654108
439.521,0.0808131
441.411,0.101076
442.923,0.123704
444.372,0.153606
445.632,0.189854
446.829,0.238122
447.837,0.294947
448.782,0.369289
449.633,0.464103
450.341,0.574766
450.971,0.71079
451.554,0.885603
452.058,1.09584
452.538,1.376
452.924,1.6891
453.294,2.10583
453.609,2.6007
453.885,3.2002
454.119,3.90158
454.32,4.72413
454.497,5.72198
454.653,6.94329
454.787,8.43501
454.904,10.2663
455.01,12.584
455.109,15.6549
455.197,19.4261
455.285,24.561
455.372,31.3827
455.457,40.3049
455.542,51.9837
455.636,68.8666
455.737,92.1176
455.855,126.823
456.011,184.153
456.355,324.28
456.518,368.998
456.657,381.908
456.806,366.902
456.972,319.511
457.382,153.555
457.509,110.924
457.622,80.8295
457.712,62.1424
457.807,46.8614
457.885,37.064
457.974,28.6795
458.059,22.6497
458.144,18.1624
458.234,14.6703
458.333,11.8759
458.446,9.61569
458.56,8.00825
458.704,6.5476
458.862,5.42164
459.051,4.44942
459.256,3.68258
459.531,2.94002
459.807,2.40764
460.138,1.94389
460.516,1.56382
460.949,1.25287
461.445,0.999481
461.996,0.799189
462.626,0.636605
463.272,0.516922
464.028,0.415564
464.847,0.336439
465.729,0.274494
466.706,0.224059
467.808,0.182407
468.974,0.150131
470.517,0.11944
472.06,0.0975608
473.793,0.0798324
475.809,0.0650525
478.431,0.0519595
481.001,0.0433062
484.161,0.0362467
486.894,0.0331171
488.065,0.0327051
489.67,0.0335602
490.873,0.0360659
491.708,0.0396037
492.359,0.0442501
492.901,0.0503202
493.389,0.0587213
493.769,0.0685159
494.072,0.0797667
494.354,0.0946866
494.614,0.114974
494.788,0.134583
494.951,0.160982
495.081,0.191934
495.195,0.231364
495.292,0.279928
495.373,0.336034
495.46,0.418352
495.536,0.516479
495.612,0.647148
495.688,0.819841
495.764,1.04549
495.846,1.36442
495.937,1.82486
496.028,2.41709
496.133,3.27209
496.258,4.56075
496.471,7.21548
496.705,10.1036
496.861,11.3858
496.999,11.7789
497.143,11.3556
497.312,9.9081
497.737,4.60406
497.867,3.26905
497.972,2.41573
498.063,1.82451
498.154,1.36465
498.232,1.06065
498.31,0.825904
498.388,0.647402
498.464,0.516497
498.551,0.406214
498.637,0.326907
498.735,0.263727
498.833,0.21932
498.93,0.187356
499.06,0.157059
499.223,0.131029
499.429,0.108528
499.689,0.089184
499.949,0.0756377
500.275,0.0635684
500.665,0.053448
501.099,0.0455972
501.641,0.0388052
502.292,0.0332819
503.159,0.0284454
504.244,0.024591
505.762,0.0212809
507.562,0.0189072
509.839,0.0170655
514.887,0.0149713
519.241,0.0140929
527.746,0.0135583
536.25,0.0139895
544.755,0.0152099
554.677,0.0176434
561.764,0.020304
568.213,0.0235308
575.443,0.0286974
581.769,0.0351293
587.191,0.0428586
591.935,0.0521552
596.68,0.065165
600.746,0.0808793
604.135,0.0989624
606.959,0.119213
609.783,0.146717
612.325,0.180724
614.584,0.222181
616.561,0.271603
618.538,0.3397
620.232,0.420748
621.856,0.529696
623.226,0.658783
624.469,0.822101
625.598,1.03016
626.615,1.29376
627.518,1.62419
628.323,2.03917
629.015,2.53906
629.654,3.18536
630.167,3.90699
630.67,4.88392
631.122,6.11981
631.517,7.64192
631.834,9.3239
632.133,11.5097
632.41,14.3368
632.647,17.7378
632.864,22.1091
633.051,27.3193
633.22,33.7827
633.398,43.077
633.57,55.3987
633.748,72.5385
633.935,96.1639
634.166,133.685
634.685,228.988
634.906,255.548
635.087,262.811
635.29,253.516
635.521,223.728
636.115,115.064
636.315,85.6219
636.493,65.3135
636.668,50.2241
636.827,40.0369
637.007,31.4568
637.177,25.5872
637.38,20.468
637.583,16.7697
637.821,13.6289
638.092,11.0407
638.397,8.94256
638.758,7.16144
639.154,5.76867
639.606,4.62717
640.08,3.76116
640.622,3.04131
641.198,2.48356
641.91,1.98481
642.656,1.60738
643.559,1.27816
644.548,1.02197
645.677,0.813437
646.892,0.653244
648.247,0.524569
649.687,0.425775
651.467,0.337834
653.387,0.270155
655.364,0.219696
657.623,0.177576
660.165,0.143187
662.989,0.115498
665.813,0.0951684
669.202,0.0771317
673.268,0.0614749
677.448,0.0498789
682.192,0.0403254
687.728,0.0322404
693.94,0.0257807
700.153,0.0210817
707.494,0.0170367
714.743,0.0140601
723.911,0.0113094
735.698,0.00883308
747.485,0.00706697
760.581,0.00569448
771.059,0.00485804
784.155,0.00405645
799.871,0.00332402
815.587,0.0028023
831.303,0.00237105
852.257,0.00195271
878.451,0.00158007
899.405,0.00135446
925.598,0.0011402
957.03,9.46105E-4
998.939,7.65923E-4
1040.85,6.39637E-4
1093.23,5.31038E-4
1135.14,4.67209E-4
1187.53,4.08738E-4
1229.44,3.75163E-4
1292.3,3.34012E-4
1376.12,3.00382E-4
1448.42,2.82671E-4
1565.8,2.69643E-4
1592.82,2.68384E-4
1727.9,2.75605E-4
1862.98,2.96418E-4
1971.04,3.28848E-4
2080.53,3.80696E-4
2162.64,4.40864E-4
2235.8,5.15685E-4
2293.02,6.04187E-4
2338.8,7.02732E-4
2384.58,8.39916E-4
2423.49,0.0010145
2452.09,0.00120384
2473.85,0.00140736
2492.16,0.00163783
2508.94,0.00192792
2527.51,0.00237666
2542.52,0.00291872
2555.11,0.00357884
2566.56,0.00445046
2575.82,0.00547147
2585.7,0.0070954
2591.48,0.00844163
2597.23,0.0102688
2602.95,0.0128244
2607.53,0.0157041
2612.57,0.0202473
2616.23,0.024981
2619.43,0.0307241
2622.52,0.0384652
2625.21,0.0479536
2627.5,0.0592101
2629.5,0.0727898
2631.34,0.0898432
2632.94,0.11029
2634.37,0.135276
2635.74,0.168449
2636.91,0.207754
2637.92,0.253608
2638.89,0.31482
2639.69,0.384087
2640.43,0.471994
2641.14,0.587348
2641.71,0.718575
2642.21,0.87742
2642.64,1.06733
2642.99,1.28978
2643.28,1.53853
2643.57,1.89214
2643.82,2.34027
2644.05,2.92713
2644.24,3.62122
2644.44,4.5667
2644.63,5.85104
2644.82,7.56656
2645.02,9.93862
2645.22,13.0586
2645.45,17.5907
2645.69,23.8936
2645.96,33.0185
2646.34,48.5861
2647.04,80.1902
2647.39,92.1044
2647.75,97.5043
2647.82,97.6531
2648.14,94.4189
2648.47,84.9831
2648.99,62.3145
2649.52,38.8851
2649.82,27.818
2650.08,20.253
2650.28,15.5915
2650.48,11.8108
2650.68,9.02167
2650.86,7.06804
2651.04,5.57233
2651.22,4.43932
2651.43,3.48352
2651.62,2.82676
2651.85,2.27048
2652.11,1.8341
2652.39,1.4991
2652.75,1.21287
2653.11,1.01266
2653.54,0.838588
2654.05,0.687322
2654.65,0.559845
2655.3,0.460338
2656.07,0.373307
2656.97,0.30035
2657.97,0.242278
2659.12,0.194786
2660.29,0.159594
2661.66,0.129649
2663.3,0.104353
2665.1,0.0847146
2666.83,0.0713042
2668.93,0.0601461
2670.32,0.0553482
2671.9,0.052874
2672.08,0.0528572
2672.92,0.053897
2673.65,0.0573406
2674.14,0.0628742
2674.49,0.0709532
2674.76,0.081917
2674.97,0.0960779
2675.15,0.114643
2675.34,0.141641
2675.49,0.174064
2675.65,0.2179
2675.81,0.276412
2675.97,0.353341
2676.14,0.462804
2676.32,0.609737
2676.52,0.823538
2676.74,1.12938
2676.98,1.55426
2677.32,2.27303
2678.12,4.21767
2678.47,4.81998
2678.8,5.03832
2678.82,5.03906
2679.16,4.84385
2679.52,4.25072
2680.16,2.69992
2680.56,1.75927
2680.84,1.2383
2681.06,0.90739
2681.26,0.678617
2681.43,0.516525
2681.61,0.390393
2681.77,0.29837
2681.94,0.228705
2682.11,0.17683
2682.26,0.142018
2682.42,0.113427
2682.58,0.0933725
2682.78,0.0762906
2683.0,0.0632497
2683.22,0.0546198
2683.44,0.0487065
2683.78,0.0427605
2684.33,0.0366477
2685.09,0.0315167
2685.84,0.0280532
2686.97,0.0244581
2688.48,0.0212496
2690.74,0.0180929
2693.56,0.0155535
2697.77,0.0129717
2701.94,0.0112371
2707.5,0.00965969
2714.91,0.0083338
2722.32,0.00757074
2729.9,0.00724473
2738.44,0.00742446
2743.66,0.00796509
2748.4,0.00898709
2751.51,0.0101972
2753.72,0.0116025
2755.56,0.013445
2757.03,0.0157101
2758.31,0.018714
2759.22,0.0219034
2760.03,0.0260631
2760.72,0.0311234
2761.28,0.0373278
2761.72,0.0443859
2762.03,0.0521936
2762.31,0.0625456
2762.51,0.0734374
2762.7,0.087987
2762.87,0.106559
2763.04,0.132454
2763.18,0.161725
2763.32,0.200307
2763.47,0.250898
2763.63,0.325862
2763.78,0.425388
2763.94,0.555709
2764.1,0.723717
2764.28,0.971112
2764.48,1.30997
2764.68,1.76567
2764.91,2.39785
2765.22,3.47805
2766.09,7.03892
2766.46,8.16017
2766.8,8.59321
2766.85,8.60022
2767.18,8.2878
2767.5,7.45018
2768.02,5.38609
2768.54,3.28501
2768.81,2.34576
2769.04,1.72436
2769.25,1.27786
2769.44,0.938202
2769.62,0.7022
2769.79,0.531806
2769.93,0.419332
2770.08,0.331001
2770.22,0.2624
2770.36,0.209619
2770.5,0.169337
2770.67,0.133603
2770.83,0.109481
2770.99,0.0918131
2771.19,0.0760996
2771.43,0.0634003
2771.71,0.0536911
2772.08,0.0453148
2772.49,0.0393191
2773.04,0.033887
2773.72,0.0293261
2774.72,0.0251057
2775.9,0.022209
2777.08,0.0205878
2778.85,0.0195365
2779.49,0.0194349
2781.63,0.0198316
2784.29,0.021612
2786.96,0.0248574
2789.33,0.0293023
2791.63,0.0356495
2793.48,0.0430392
2795.23,0.0528524
2796.76,0.0650271
2798.07,0.0796685
2799.22,0.0974322
2800.34,0.121772
2801.29,0.1512
2802.11,0.186522
2802.88,0.232968
2803.48,0.284058
2804.05,0.352467
2804.46,0.420589
2804.83,0.505075
2805.17,0.616657
2805.44,0.745015
2805.68,0.903628
2805.91,1.11392
2806.12,1.40106
2806.32,1.74752
2806.51,2.21526
2806.7,2.86339
2806.9,3.7024
2807.09,4.7985
2807.29,6.31772
2807.52,8.5444
2807.77,11.6104
2808.08,16.4214
2808.58,25.7804
2809.17,36.9351
2809.56,41.7663
2809.87,43.0085
2810.22,41.4081
2810.61,36.2475
2811.61,17.0457
2811.92,12.1927
2812.17,8.99342
2812.4,6.69146
2812.6,5.14639
2812.79,3.94308
2812.99,3.02471
2813.19,2.33556
2813.39,1.81281
2813.58,1.44941
2813.77,1.18047
2813.99,0.956629
2814.24,0.778354
2814.51,0.639885
2814.85,0.520776
2815.26,0.423433
2815.74,0.344838
2816.31,0.278649
2816.88,0.230947
2817.62,0.186483
2818.48,0.149719
2819.42,0.121123
2820.52,0.0975543
2821.74,0.0788017
2823.08,0.064294
2824.67,0.0521671
2826.3,0.0432875
2828.22,0.0359318
2830.54,0.0298302
2832.86,0.0257835
2835.64,0.0227797
2838.59,0.0213654
2839.58,0.021284
2842.06,0.0221735
2843.72,0.0239557
2845.38,0.0273252
2846.54,0.0312846
2847.56,0.0365386
2848.41,0.0430283
2849.13,0.0511022
2849.79,0.0616924
2850.33,0.0748039
2850.73,0.089202
2851.02,0.104618
2851.27,0.124341
2851.49,0.14906
2851.67,0.178332
2851.85,0.217756
2852.0,0.264085
2852.15,0.325962
2852.3,0.408421
2852.47,0.53041
2852.63,0.695052
2852.78,0.89193
2852.95,1.17907
2853.12,1.55203
2853.31,2.0949
2853.52,2.86465
2853.73,3.85614
2853.99,5.38092
2854.33,7.83521
2855.14,14.4194
2855.51,16.4771
2855.85,17.249
2855.88,17.2537
2856.23,16.5689
2856.57,14.7457
2857.12,10.3422
2857.6,6.54459
2857.88,4.69902
2858.12,3.40264
2858.33,2.48255
2858.53,1.82708
2858.72,1.36699
2858.88,1.04634
2859.04,0.798906
2859.21,0.610868
2859.37,0.469868
2859.53,0.365278
2859.7,0.288321
2859.87,0.228431
2860.05,0.184312
2860.23,0.152879
2860.45,0.12702
2860.66,0.108796
2860.97,0.0902196
2861.31,0.0766736
2861.73,0.0647632
2862.31,0.0533296
2863.04,0.0434848
2863.89,0.0356036
2864.85,0.0294019
2866.04,0.0242182
2867.25,0.0205722
2868.84,0.0172669
2870.44,0.0150079
2872.3,0.0131761
2874.95,0.0114461
2878.93,0.00987634
2881.58,0.00922716
2886.88,0.00849021
2893.95,0.00818841
2900.16,0.00837658
2906.37,0.00890408
2913.04,0.0100067
2918.16,0.0114694
2922.05,0.0132321
2925.38,0.0154957
2927.99,0.0182714
2930.05,0.0215993
2931.83,0.0260017
2933.28,0.0314559
2934.31,0.0371757
2935.21,0.0442622
2936.07,0.0540124
2936.76,0.0657644
2937.27,0.0784204
2937.7,0.0940308
2938.0,0.110302
2938.26,0.131337
2938.48,0.157188
2938.66,0.187763
2938.84,0.230536
2939.02,0.29081
2939.19,0.36593
2939.35,0.46786
2939.5,0.58781
2939.67,0.772614
2939.84,1.0184
2940.0,1.32714
2940.19,1.77059
2940.39,2.40329
2940.6,3.2659
2940.84,4.51772
2941.13,6.35513
2941.59,9.98451
2942.17,14.5698
2942.54,16.6312
2942.89,17.3807
2942.91,17.3817
2943.26,16.7037
2943.61,14.8306
2944.2,10.1438
2944.66,6.52824
2944.94,4.69639
2945.18,3.40984
2945.39,2.5409
2945.59,1.87881
2945.77,1.41254
2945.95,1.0655
2946.12,0.810125
2946.29,0.617704
2946.46,0.474769
2946.63,0.373033
2946.79,0.298107
2946.97,0.238072
2947.15,0.195556
2947.37,0.16031
2947.63,0.133163
2947.91,0.113728
2948.24,0.0983807
2948.71,0.0844031
2949.38,0.0718976
2949.92,0.0653382
2950.94,0.0577051
2951.96,0.0541036
2952.64,0.0532511
2953.87,0.0542146
2955.09,0.058251
2956.32,0.0659574
2957.39,0.0770189
2958.23,0.0901169
2959.06,0.10916
2959.75,0.132959
2960.24,0.158028
2960.65,0.188445
2960.98,0.224681
2961.24,0.265862
2961.48,0.323073
2961.69,0.394708
2961.86,0.478329
2962.03,0.592865
2962.19,0.738973
2962.36,0.944457
2962.53,1.22122
2962.7,1.59002
2962.87,2.07507
2963.04,2.73243
2963.23,3.63324
2963.44,4.92601
2963.66,6.69136
2963.9,9.19281
2964.23,13.2771
2965.17,27.0987
2965.54,30.9663
2965.89,32.3704
2965.91,32.3752
2966.27,31.1175
2966.65,27.2983
2967.33,17.2077
2967.73,11.5088
2968.01,8.29631
2968.25,5.98123
2968.46,4.46079
2968.65,3.36335
2968.84,2.52524
2969.01,1.93808
2969.17,1.48655
2969.34,1.14444
2969.51,0.892947
2969.68,0.698797
2969.85,0.5568
2970.02,0.453234
2970.2,0.377538
2970.4,0.312496
2970.62,0.263988
2970.87,0.22581
2971.2,0.190962
2971.61,0.16162
2972.14,0.13612
2972.84,0.113356
2973.69,0.0953436
2974.73,0.0809801
2975.76,0.0717875
2977.0,0.0648382
2978.24,0.0607879
2979.9,0.058352
2980.72,0.0580837
2983.1,0.0600379
2985.47,0.0655042
2987.84,0.0746861
2990.22,0.0886009
2992.52,0.108537
2994.53,0.134052
2996.11,0.162394
2997.62,0.199971
2998.92,0.244683
3000.05,0.298313
3001.04,0.361983
3001.94,0.44056
3002.8,0.544425
3003.53,0.665171
3004.19,0.816555
3004.75,0.993083
3005.22,1.19284
3005.69,1.47347
3006.05,1.76832
3006.41,2.17519
3006.73,2.67411
3007.02,3.29672
3007.3,4.14772
3007.56,5.17814
3007.82,6.53398
3008.08,8.29254
3008.38,10.9476
3008.71,14.5912
3009.14,20.8005
3010.09,35.9425
3010.49,40.4151
3010.91,42.2889
3010.93,42.2963
3011.29,41.0499
3011.75,36.2621
3012.94,17.509
3013.32,12.7301
3013.64,9.49112
3013.93,7.22949
3014.21,5.60217
3014.5,4.3876
3014.79,3.46169
3015.08,2.78742
3015.4,2.24614
3015.75,1.83252
3016.11,1.52006
3016.54,1.24761
3017.03,1.02453
3017.63,0.826937
3018.32,0.666555
3019.1,0.537911
3020.0,0.431043
3021.0,0.347545
3022.15,0.278422
3023.33,0.227126
3024.77,0.182347
3026.39,0.146548
3028.12,0.119218
3030.06,0.0970959
3032.32,0.0785959
3034.8,0.0641527
3037.83,0.0518046
3040.85,0.0431349
3044.3,0.036135
3047.75,0.0312325
3052.14,0.0271705
3056.31,0.0251184
3058.39,0.0248397
3061.1,0.0256612
3062.9,0.0273897
3064.26,0.0299517
3065.38,0.0336527
3066.35,0.0390177
3066.95,0.0442055
3067.47,0.0511417
3067.84,0.058936
3068.15,0.069129
3068.4,0.0813615
3068.6,0.0963386
3068.8,0.118015
3068.98,0.14589
3069.16,0.185005
3069.33,0.236552
3069.48,0.298701
3069.64,0.379936
3069.79,0.484915
3069.97,0.644373
3070.16,0.863391
3070.36,1.16519
3070.59,1.59287
3070.83,2.20152
3071.12,3.086
3071.57,4.79581
3072.16,7.09204
3072.55,8.19559
3072.92,8.59799
3072.95,8.6005
3073.28,8.31301
3073.61,7.50974
3074.13,5.58489
3074.69,3.38348
3075.01,2.36212
3075.25,1.72757
3075.47,1.27087
3075.67,0.945576
3075.84,0.726721
3076.02,0.547684
3076.18,0.428882
3076.33,0.33634
3076.49,0.265121
3076.66,0.206585
3076.82,0.165426
3077.0,0.131669
3077.18,0.107613
3077.38,0.0888508
3077.62,0.0736913
3077.9,0.0622338
3078.28,0.0527127
3078.65,0.0465303
3079.24,0.0399609
3079.99,0.0346142
3080.88,0.0304005
3082.08,0.0268264
3083.87,0.0237571
3085.06,0.0225576
3087.63,0.0212738
3090.21,0.0210275
3093.28,0.0217018
3096.36,0.0237554
3098.41,0.0265759
3099.92,0.0303867
3100.87,0.0345073
3101.55,0.0395347
3101.99,0.0453313
3102.27,0.0512935
3102.55,0.0607703
3102.77,0.0726316
3102.97,0.0879097
3103.16,0.109869
3103.32,0.134052
3103.49,0.168618
3103.65,0.21467
3103.82,0.275213
3104.0,0.362584
3104.19,0.476385
3104.38,0.633812
3104.6,0.851583
3104.83,1.15034
3105.13,1.62935
3105.58,2.49649
3106.17,3.69427
3106.58,4.26217
3106.94,4.4576
3106.96,4.45803
3107.31,4.28777
3107.67,3.81632
3108.24,2.70653
3108.75,1.69113
3109.05,1.20178
3109.3,0.881373
3109.52,0.651148
3109.73,0.483588
3109.92,0.363749
3110.1,0.281246
3110.27,0.218415
3110.45,0.171378
3110.62,0.136694
3110.8,0.111446
3110.99,0.0920493
3111.21,0.0766135
3111.43,0.0665403
3111.66,0.0599153
3111.99,0.0538138
3112.43,0.0493896
3113.11,0.0460741
3114.49,0.0439214
3114.76,0.0438608
3116.63,0.0452823
3118.77,0.0496907
3121.44,0.0587889
3123.94,0.0717361
3126.02,0.0873862
3128.01,0.1088
3129.67,0.134279
3131.13,0.165628
3132.38,0.202976
3133.45,0.246804
3134.46,0.303522
3135.41,0.377992
3136.24,0.469749
3136.96,0.580065
3137.53,0.703148
3138.1,0.871021
3138.56,1.0645
3138.95,1.29747
3139.29,1.57642
3139.58,1.90661
3139.88,2.37239
3140.15,2.95186
3140.4,3.70293
3140.64,4.63103
3140.88,5.84016
3141.15,7.65771
3141.44,10.1285
3141.78,13.9041
3142.21,20.01
3143.16,34.9255
3143.61,39.5623
3143.97,40.8362
3144.33,39.5966
3144.78,34.9934
3145.59,22.3428
3146.06,15.3601
3146.4,11.1853
3146.68,8.55942
3146.96,6.45347
3147.2,5.10664
3147.45,4.02162
3147.72,3.15548
3147.99,2.5212
3148.28,2.01243
3148.56,1.67239
3148.91,1.35237
3149.27,1.1239
3149.69,0.930174
3150.19,0.760674
3150.8,0.615625
3151.46,0.502418
3152.29,0.400615
3153.15,0.325491
3154.19,0.260589
3155.38,0.208198
3156.63,0.168968
3158.06,0.136727
3159.66,0.110763
3161.56,0.088877
3163.52,0.0727416
3165.9,0.0587765
3168.46,0.0481315
3171.37,0.0394965
3174.76,0.0324223
3178.68,0.026748
3183.26,0.0221926
3187.83,0.0190546
3194.37,0.0160919
3203.56,0.0137167
3211.45,0.012632
3219.33,0.0121441
3224.59,0.012086
3235.11,0.0125184
3245.63,0.0136883
3256.15,0.0157702
3265.35,0.0186686
3273.24,0.0223824
3279.81,0.0268329
3286.38,0.0332458
3291.15,0.0398123
3295.75,0.0484887
3299.86,0.0593269
3303.8,0.0739947
3307.25,0.0922699
3310.13,0.11363
3312.9,0.142501
3315.22,0.17647
3317.25,0.218032
3318.96,0.266051
3320.52,0.325838
3322.01,0.404898
3323.39,0.507287
3324.51,0.622348
3325.56,0.771516
3326.55,0.967618
3327.35,1.19117
3328.11,1.48281
3328.74,1.82151
3329.28,2.21724
3329.82,2.75126
3330.34,3.47516
3330.79,4.3534
3331.19,5.41065
3331.63,6.95307
3332.02,8.82005
3332.43,11.3682
3332.88,15.0323
3333.38,20.1851
3334.13,30.1501
3334.88,40.0884
3335.34,44.0429
3335.71,45.0396
3336.15,43.2419
3336.55,38.8878
3337.28,27.3336
3337.86,18.1416
3338.23,13.4223
3338.55,10.1867
3338.85,7.91265
3339.14,6.20914
3339.44,4.95917
3339.76,3.9817
3340.08,3.29733
3340.47,2.69173
3340.87,2.26129
3341.42,1.83203
3342.06,1.48046
3342.73,1.21651
3343.52,0.989727
3344.44,0.798713
3345.47,0.645692
3346.66,0.517999
3347.85,0.426527
3349.19,0.350178
3350.75,0.285318
3352.59,0.231019
3354.72,0.186336
3356.8,0.155284
3359.12,0.130525
3362.32,0.107187
3364.77,0.0950831
3367.72,0.0865164
3369.69,0.0849547
3371.54,0.0881508
3372.94,0.096394
3373.64,0.104574
3374.25,0.116253
3374.74,0.132526
3375.05,0.149566
3375.29,0.170443
3375.52,0.200161
3375.74,0.240756
3375.91,0.286536
3376.1,0.357848
3376.27,0.4449
3376.44,0.5613
3376.61,0.715223
3376.79,0.928396
3376.99,1.23295
3377.18,1.63008
3377.4,2.20793
3377.65,3.03608
3377.91,4.1337
3378.24,5.91514
3379.2,11.9516
3379.62,13.8662
3380.0,14.5633
3380.04,14.5706
3380.39,14.0701
3380.75,12.6747
3381.3,9.35061
3381.87,5.73274
3382.2,4.01404
3382.47,2.89424
3382.71,2.12327
3382.92,1.5775
3383.12,1.18329
3383.31,0.903519
3383.49,0.690333
3383.67,0.530599
3383.84,0.421916
3384.01,0.340262
3384.21,0.271023
3384.39,0.224683
3384.6,0.186634
3384.82,0.160419
3385.12,0.135864
3385.49,0.117788
3385.98,0.103134
3386.74,0.0895139
3387.81,0.0784314
3389.09,0.0708249
3391.22,0.0645763
3394.11,0.0618416
3397.65,0.0635007
3401.19,0.0692133
3404.59,0.0787835
3407.68,0.0922498
3410.27,0.108524
3412.99,0.133389
3415.06,0.160236
3416.98,0.195028
3418.75,0.240257
3420.24,0.293716
3421.57,0.35959
3422.73,0.439257
3423.79,0.540156
3424.79,0.674961
3425.61,0.830479
3426.33,1.02464
3426.91,1.24044
3427.39,1.48733
3427.87,1.83361
3428.23,2.20838
3428.6,2.7323
3428.93,3.39596
3429.25,4.27766
3429.56,5.46265
3429.87,7.07089
3430.2,9.32608
3430.52,12.2658
3430.92,16.8683
3431.52,25.5593
3432.17,35.1158
3432.59,39.6269
3433.01,41.8385
3433.14,41.9512
3433.51,40.8115
3434.06,35.8393
3434.89,26.4309
3435.18,24.0737
3435.55,22.6147
3435.62,22.5441
3435.97,23.2174
3436.33,25.4589
3437.45,35.8676
3437.92,37.6556
3437.96,37.6655
3438.34,36.5416
3438.81,32.2629
3439.59,21.524
3440.1,14.7034
3440.48,10.5459
3440.79,7.92064
3441.08,6.03459
3441.34,4.72773
3441.61,3.72269
3441.89,2.94076
3442.14,2.42943
3442.46,1.96497
3442.75,1.65391
3443.08,1.39471
3443.5,1.16315
3444.03,0.960278
3444.65,0.789677
3445.39,0.648548
3446.25,0.529794
3447.3,0.427672
3448.42,0.349413
3449.7,0.285075
3451.14,0.232895
3452.71,0.191435
3454.54,0.156124
3456.69,0.12631
3459.2,0.101475
3462.02,0.0816882
3464.96,0.0669499
3468.51,0.0541064
3472.28,0.0443061
3476.89,0.0357365
3482.01,0.0290044
3487.87,0.0235325
3493.73,0.0195992
3500.25,0.0163717
3509.2,0.013258
3518.63,0.0109041
3530.08,0.00894065
3541.54,0.00753806
3552.99,0.00656349
3568.26,0.00560608
3579.71,0.00508915
3594.98,0.00463965
3614.07,0.00440903
3628.25,0.00461389
3636.42,0.00502465
3641.87,0.00561034
3645.96,0.00636684
3649.14,0.0072825
3651.87,0.00852485
3654.14,0.0100936
3655.96,0.0119532
3657.6,0.0144223
3658.97,0.0174276
3660.19,0.0213105
3661.24,0.0261363
3662.1,0.0318022
3662.88,0.0391968
3663.45,0.0466285
3663.99,0.0569906
3664.34,0.0665035
3664.69,0.0803554
3664.95,0.0957772
3665.2,0.117295
3665.42,0.144748
3665.61,0.177835
3665.79,0.223453
3665.97,0.283878
3666.15,0.362619
3666.32,0.467589
3666.5,0.606138
3666.67,0.78687
3666.85,1.03358
3667.05,1.37437
3667.27,1.86495
3667.5,2.53241
3667.74,3.42055
3668.04,4.78473
3668.44,7.02113
3669.3,12.2807
3669.7,14.0464
3670.1,14.7297
3670.13,14.733
3670.49,14.246
3670.84,12.9312
3671.37,9.91092
3672.02,5.84821
3672.37,4.06424
3672.62,3.03189
3672.87,2.22383
3673.09,1.63953
3673.28,1.25729
3673.47,0.943494
3673.64,0.734553
3673.81,0.571283
3673.98,0.445244
3674.15,0.347433
3674.3,0.279624
3674.49,0.218655
3674.68,0.174406
3674.86,0.142295
3675.08,0.115621
3675.33,0.0946711
3675.59,0.079613
3675.9,0.0674501
3676.33,0.0556955
3676.88,0.0457741
3677.5,0.0379173
3678.25,0.0312139
3679.2,0.0252789
3680.24,0.0207355
3681.51,0.0169283
3682.86,0.0141408
3684.43,0.0118786
3686.37,0.00998974
3688.85,0.00837704
3691.83,0.0071337
3694.86,0.00632863
3698.92,0.00564969
3705.02,0.00511371
3709.08,0.00489443
3719.49,0.00470984
3733.37,0.00493373
3746.67,0.00552171
3757.09,0.00629047
3767.53,0.00748704
3775.79,0.00889506
3783.62,0.0108494
3790.15,0.013224
3795.95,0.0162646
3801.02,0.020074
3805.3,0.0246056
3808.85,0.0298365
3812.04,0.0362626
3815.09,0.0447382
3817.41,0.0535175
3820.02,0.0670893
3822.23,0.0832683
3824.26,0.104134
3825.96,0.128692
3827.48,0.15913
3828.79,0.195054
3830.02,0.241875
3831.03,0.294827
3832.06,0.369272
3832.93,0.456976
3833.71,0.568825
3834.4,0.70856
3834.94,0.861291
3835.41,1.05056
3835.81,1.2693
3836.16,1.52748
3836.5,1.88231
3836.83,2.3613
3837.12,2.93124
3837.41,3.69503
3837.7,4.71051
3838.01,6.11638
3838.31,7.93798
3838.69,10.8432
3839.1,14.7867
3839.94,24.7404
3840.62,32.1641
3841.16,35.7982
3841.56,36.5995
3842.02,35.5186
3842.63,31.412
3843.53,22.2559
3844.38,13.3708
3844.84,9.37655
3845.2,6.84337
3845.49,5.25132
3845.77,4.01944
3846.04,3.10839
3846.32,2.41832
3846.59,1.90629
3846.86,1.53178
3847.15,1.23935
3847.49,1.00746
3847.82,0.847059
3848.28,0.69797
3848.86,0.571684
3849.53,0.469631
3850.32,0.383542
3851.25,0.311145
3852.37,0.248775
3853.63,0.199002
3854.98,0.160802
3856.58,0.128716
3858.18,0.105599
3860.03,0.0860423
3862.19,0.0696157
3864.51,0.0570479
3867.28,0.046124
3870.52,0.0371852
3873.69,0.0310252
3877.48,0.0258081
3882.01,0.0216425
3886.09,0.0192248
3890.17,0.0178378
3893.57,0.0174681
3897.37,0.0182416
3899.91,0.0197324
3901.81,0.0217791
3903.71,0.0252217
3905.29,0.0298759
3906.41,0.034927
3907.44,0.0416975
3908.37,0.0506785
3909.03,0.0599145
3909.61,0.07141
3910.08,0.0846445
3910.45,0.100221
3910.77,0.120695
3911.04,0.146508
3911.28,0.178827
3911.47,0.217956
3911.67,0.272262
3911.84,0.33336
3912.02,0.424686
3912.21,0.547673
3912.39,0.711759
3912.58,0.928129
3912.77,1.20953
3912.96,1.58453
3913.17,2.10683
3913.4,2.85137
3913.66,3.92686
3913.96,5.47766
3914.3,7.6832
3915.32,15.2256
3915.75,17.5485
3916.15,18.442
3916.21,18.4565
3916.59,17.8122
3916.96,16.0794
3917.57,11.7722
3918.19,7.13509
3918.52,5.10077
3918.79,3.77496
3919.03,2.7914
3919.25,2.09735
3919.47,1.55566
3919.67,1.17597
3919.85,0.910766
3920.03,0.705077
3920.2,0.547563
3920.38,0.428238
3920.58,0.332967
3920.77,0.26138
3920.97,0.209835
3921.17,0.172644
3921.4,0.141842
3921.64,0.119652
3921.97,0.0990507
3922.34,0.0833518
3922.8,0.0699829
3923.38,0.0583305
3924.04,0.0489217
3924.97,0.0396998
3926.03,0.0325098
3927.33,0.0265395
3928.65,0.0223615
3930.4,0.0185888
3932.15,0.016015
3934.66,0.013533
3937.88,0.011554
3941.75,0.010064
3946.91,0.00893341
3953.35,0.00827352
3960.23,0.00812457
3966.63,0.00841857
3974.44,0.0095043
3978.64,0.0106942
3982.14,0.0122915
3984.91,0.0142466
3987.25,0.016813
3988.93,0.0195524
3990.43,0.0231461
3991.69,0.0275354
3992.74,0.0328515
3993.69,0.0399358
3994.43,0.0481644
3994.92,0.0561832
3995.32,0.0654905
3995.66,0.0776922
3995.96,0.093684
3996.2,0.113664
3996.43,0.139807
3996.62,0.1726
3996.81,0.214784
3996.99,0.271941
3997.18,0.348892
3997.36,0.451539
3997.53,0.576689
3997.73,0.762966
3997.93,1.00567
3998.13,1.31611
3998.35,1.76009
3998.61,2.42233
3998.9,3.36336
3999.27,4.86603
4000.39,10.243
4000.81,11.6535
4001.22,12.1658
4001.23,12.1663
4001.63,11.7101
4002.04,10.4044
4002.71,7.22593
4003.26,4.60186
4003.6,3.2637
4003.88,2.37378
4004.14,1.72711
4004.36,1.30042
4004.56,0.989962
4004.77,0.749999
4004.94,0.595001
4005.11,0.473671
4005.28,0.37985
4005.46,0.300889
4005.67,0.239241
4005.87,0.195887
4006.08,0.165764
4006.31,0.142706
4006.55,0.12794
4006.9,0.115654
4007.25,0.110676
4007.49,0.110094
4007.96,0.114479
4008.32,0.123249
4008.68,0.139247
4008.98,0.161868
4009.23,0.192909
4009.43,0.227945
4009.63,0.276996
4009.83,0.345473
4010.03,0.440466
4010.21,0.556044
4010.39,0.708387
4010.58,0.932267
4010.77,1.20565
4010.98,1.61143
4011.19,2.13623
4011.43,2.89285
4011.67,3.84689
4011.97,5.37089
4012.37,7.84203
4013.35,14.759
4013.78,16.9515
4014.2,17.7988
4014.24,17.8062
4014.62,17.1989
4014.99,15.5638
4015.55,11.83
4016.22,7.04098
4016.59,4.89725
4016.89,3.49791
4017.14,2.54649
4017.36,1.91558
4017.58,1.42412
4017.79,1.06504
4017.97,0.828019
4018.15,0.644256
4018.33,0.503494
4018.51,0.391667
4018.69,0.312653
4018.87,0.253561
4019.07,0.205305
4019.27,0.170361
4019.51,0.140623
4019.8,0.116061
4020.12,0.098203
4020.49,0.0840325
4021.02,0.0703583
4021.6,0.0599833
4022.39,0.0500769
4023.35,0.0419334
4024.3,0.0362512
4025.57,0.0310074
4027.16,0.0267207
4029.06,0.0235321
4031.66,0.0211895
4034.26,0.0201593
4035.99,0.0199944
4039.7,0.0209162
4042.17,0.0226549
4044.02,0.0249498
4045.88,0.0287935
4047.14,0.0331456
4048.2,0.0389975
4048.83,0.0445629
4049.36,0.0519871
4049.72,0.0605429
4049.99,0.0699672
4050.25,0.0841329
4050.46,0.100764
4050.67,0.124382
4050.86,0.153047
4051.04,0.191817
4051.22,0.241018
4051.41,0.312982
4051.61,0.408633
4051.8,0.533851
4051.99,0.695022
4052.2,0.91957
4052.44,1.23826
4052.7,1.68323
4052.99,2.31592
4053.38,3.34503
4054.31,6.1952
4054.78,7.2382
4055.2,7.61914
4055.25,7.62407
4055.64,7.34908
4056.04,6.5841
4056.66,4.78593
4057.25,2.9822
4057.59,2.12846
4057.87,1.55589
4058.14,1.13118
4058.37,0.837772
4058.58,0.637965
4058.78,0.483258
4058.99,0.365556
4059.17,0.288859
4059.34,0.230074
4059.52,0.185509
4059.72,0.147346
4059.93,0.120268
4060.16,0.0989284
4060.4,0.084587
4060.69,0.0729452
4061.07,0.0640195
4061.57,0.0572955
4062.19,0.0526131
4063.19,0.0487531
4064.69,0.04679
4064.97,0.0467314
4066.95,0.0481485
4069.22,0.0526941
4072.06,0.0622561
4074.71,0.0759767
4076.94,0.0927341
4078.84,0.1129
4080.66,0.139777
4082.24,0.172829
4083.56,0.210631
4084.83,0.260947
4086.01,0.326719
4087.03,0.406932
4087.9,0.503482
4088.65,0.619882
4089.24,0.744419
4089.88,0.931031
4090.36,1.13454
4090.77,1.36722
4091.18,1.68809
4091.56,2.10683
4091.88,2.58248
4092.2,3.21612
4092.55,4.15421
4092.9,5.41433
4093.24,7.03996
4093.65,9.51337
4094.16,13.3915
4095.3,23.1546
4095.83,26.1432
4096.26,26.9864
4096.68,26.2307
4097.13,23.8076
4097.86,17.8642
4098.62,11.3694
4099.08,8.21532
4099.45,6.23105
4099.78,4.83972
4100.13,3.72416
4100.47,2.90918
4100.84,2.28464
4101.2,1.83395
4101.58,1.49142
4102.03,1.2005
4102.49,0.992238
4103.05,0.80616
4103.7,0.652527
4104.47,0.525312
4105.3,0.425879
4106.23,0.346373
4107.33,0.278156
4108.6,0.222589
4110.06,0.177696
4111.64,0.142927
4113.46,0.114744
4115.32,0.0940292
4117.5,0.076534
4119.85,0.0629554
4122.4,0.0523635
4125.48,0.043172
4128.75,0.036373
4132.56,0.0309987
4135.96,0.0278999
4139.36,0.0261621
4141.63,0.0257991
4143.88,0.0262618
4146.13,0.0279543
4147.82,0.0306091
4149.23,0.034547
4150.07,0.0383525
4150.89,0.0442489
4151.4,0.0505091
4151.78,0.0583283
4152.1,0.0689697
4152.35,0.0822158
4152.57,0.0992527
4152.79,0.123019
4152.99,0.154133
4153.19,0.196955
4153.39,0.255221
4153.6,0.333391
4153.8,0.436567
4154.01,0.579022
4154.24,0.782129
4154.48,1.04254
4154.74,1.40678
4155.07,1.9862
4155.52,2.96926
4156.36,4.97815
4156.82,5.7679
4157.24,6.05732
4157.28,6.05991
4157.67,5.85544
4158.09,5.21071
4158.72,3.77274
4159.31,2.39054
4159.68,1.67561
4159.95,1.26265
4160.19,0.960515
4160.43,0.724746
4160.63,0.573204
4160.84,0.456793
4161.04,0.370044
4161.25,0.305002
4161.47,0.262108
4161.65,0.240496
4161.84,0.231084
4161.9,0.230494
4162.08,0.236279
4162.27,0.253913
4162.45,0.284975
4162.67,0.341969
4162.85,0.413464
4163.04,0.511972
4163.22,0.644897
4163.41,0.821292
4163.59,1.05197
4163.78,1.34908
4163.99,1.79727
4164.22,2.4065
4164.46,3.26091
4164.73,4.43621
4165.04,6.17175
4165.48,9.15233
4166.32,15.5016
4166.75,17.9583
4167.16,19.0869
4167.28,19.1495
4167.68,18.4795
4168.06,16.6789
4168.69,12.2054
4169.34,7.3932
4169.68,5.28377
4169.95,3.90987
4170.2,2.89124
4170.43,2.17285
4170.65,1.61246
4170.86,1.21986
4171.04,0.945742
4171.23,0.733242
4171.41,0.57057
4171.6,0.447374
4171.78,0.354871
4171.99,0.279348
4172.19,0.224958
4172.4,0.185709
4172.64,0.152435
4172.93,0.126084
4173.26,0.105931
4173.64,0.0900296
4174.12,0.0763464
4174.8,0.0629538
4175.56,0.0527341
4176.46,0.0440604
4177.52,0.0368636
4178.75,0.031059
4180.19,0.026339
4181.89,0.0224756
4184.01,0.0192251
4186.99,0.0163055
4190.29,0.0142408
4193.59,0.0129129
4200.2,0.0114362
4208.12,0.0106935
4212.75,0.0105684
4226.62,0.0112044
4237.78,0.0127129
4245.22,0.0144422
4252.66,0.0171187
4257.73,0.0198642
4262.43,0.0235153
4265.78,0.0274647
4268.46,0.0321182
4270.46,0.0373112
4272.13,0.0437423
4273.43,0.0512058
4274.39,0.0593072
4275.16,0.0686467
4275.77,0.0796488
4276.24,0.0922093
4276.58,0.106593
4276.87,0.124602
4277.1,0.145521
4277.33,0.175378
4277.55,0.214222
4277.74,0.262958
4277.93,0.329071
4278.12,0.418188
4278.32,0.537221
4278.51,0.694367
4278.7,0.899038
4278.91,1.18143
4279.14,1.59432
4279.37,2.12564
4279.64,2.91569
4279.95,4.05998
4280.32,5.77434
4281.4,11.5726
4281.82,13.2457
4282.25,13.9843
4282.32,13.9995
4282.73,13.4815
4283.14,12.0431
4283.78,8.73079
4284.41,5.33684
4284.76,3.80929
4285.04,2.8021
4285.3,2.07303
4285.53,1.55704
4285.76,1.15742
4285.97,0.881249
4286.17,0.676739
4286.37,0.522412
4286.57,0.407716
4286.78,0.323572
4286.98,0.262497
4287.2,0.214434
4287.45,0.178268
4287.71,0.153676
4287.96,0.137234
4288.37,0.120944
4288.88,0.10965
4289.69,0.100649
4290.85,0.0961344
4291.25,0.0958789
4292.44,0.0979559
4294.04,0.106222
4295.63,0.120724
4297.23,0.143248
4298.55,0.171034
4299.69,0.20541
4300.63,0.246088
4301.52,0.300269
4302.27,0.367823
4302.84,0.440854
4303.31,0.527625
4303.69,0.62606
4304.07,0.767802
4304.35,0.918879
4304.63,1.12788
4304.89,1.38987
4305.13,1.70954
4305.36,2.12215
4305.59,2.65877
4305.82,3.34856
4306.1,4.42109
4306.36,5.73659
4306.7,7.86831
4307.09,10.9758
4307.68,16.8643
4308.39,23.9588
4308.88,27.3886
4309.33,28.557
4309.34,28.5571
4309.73,27.7281
4310.17,24.9556
4310.84,18.4705
4311.53,11.571
4311.9,8.42529
4312.24,6.16256
4312.55,4.60074
4312.82,3.50263
4313.09,2.69559
4313.36,2.09437
4313.63,1.65378
4313.9,1.33432
4314.18,1.09309
4314.47,0.9215
4314.81,0.77783
4315.15,0.67872
4315.6,0.589337
4316.25,0.510494
4316.78,0.470277
4317.49,0.43796
4318.56,0.419857
4319.54,0.427102
4320.77,0.464895
4322.01,0.53879
4322.94,0.627872
4323.83,0.751457
4324.6,0.903566
4325.28,1.09507
4325.89,1.34191
4326.4,1.63073
4326.82,1.96281
4327.27,2.44786
4327.65,3.02695
4328.03,3.82105
4328.41,4.90746
4328.78,6.32675
4329.15,8.18127
4329.58,10.8983
4330.14,15.4436
4331.33,26.1873
4331.86,29.3333
4332.33,30.3075
4332.78,29.4109
4333.32,26.2055
4334.83,12.7995
4335.3,9.35835
4335.73,6.98315
4336.1,5.39965
4336.47,4.20602
4336.83,3.34334
4337.21,2.67061
4337.59,2.17783
4338.07,1.7359
4338.55,1.42215
4339.12,1.15274
4339.75,0.939344
4340.5,0.761181
4341.32,0.618817
4342.34,0.494252
4343.42,0.400376
4344.57,0.328357
4345.9,0.267163
4347.39,0.21782
4349.08,0.177006
4351.15,0.141628
4353.27,0.11578
4355.76,0.093965
4358.73,0.075645
4362.12,0.0610707
4365.83,0.0498864
4370.18,0.0407713
4375.37,0.0333642
4379.82,0.0289362
4384.91,0.0253047
4391.69,0.02208
4399.0,0.0199738
4404.61,0.0190621
4412.57,0.018637
4420.82,0.0191883
4429.07,0.0207754
4437.32,0.0237721
4444.2,0.027818
4449.7,0.0326025
4455.2,0.0395237
4459.88,0.0480298
4464.28,0.0594936
4467.85,0.0728039
4471.16,0.0901375
4474.04,0.111544
4476.45,0.136332
4478.86,0.171036
4480.78,0.209868
4482.5,0.257338
4484.15,0.320484
4485.43,0.387678
4486.67,0.475998
4487.82,0.590059
4488.79,0.721101
4489.67,0.885223
4490.41,1.07414
4491.1,1.31252
4491.77,1.63905
4492.35,2.03543
4492.82,2.48701
4493.28,3.07955
4493.72,3.87359
4494.15,4.9574
4494.52,6.21332
4494.94,8.07571
4495.32,10.3697
4495.75,13.6579
4496.21,18.2626
4496.83,25.8577
4497.95,40.6767
4498.5,45.6117
4498.96,47.0272
4499.46,45.2333
4499.97,40.1037
4500.89,26.447
4501.51,17.5781
4501.92,12.8359
4502.28,9.59564
4502.6,7.41052
4502.9,5.83829
4503.2,4.65178
4503.51,3.73946
4503.84,3.02897
4504.21,2.46682
4504.57,2.065
4505.09,1.67004
4505.61,1.39271
4506.22,1.15082
4507.02,0.92756
4507.95,0.743242
4508.94,0.603122
4510.11,0.483226
4511.32,0.394694
4512.77,0.318097
4514.48,0.253686
4516.36,0.203515
4518.18,0.168614
4520.6,0.134905
4523.02,0.11063
4525.84,0.0902042
4529.07,0.073603
4532.84,0.0600327
4536.87,0.0500874
4540.9,0.0428833
4545.13,0.037524
4549.74,0.0335088
4555.88,0.0303182
4561.41,0.0292415
4563.25,0.0292393
4568.77,0.0304726
4572.92,0.0329546
4576.55,0.036782
4579.92,0.0424475
4582.72,0.0500612
4584.8,0.0586376
4586.62,0.0697206
4588.13,0.0833609
4589.37,0.0997382
4590.25,0.116607
4590.96,0.13629
4591.41,0.155171
4591.75,0.175845
4592.09,0.206725
4592.38,0.245561
4592.6,0.289968
4592.82,0.347524
4593.04,0.428454
4593.26,0.538776
4593.48,0.687565
4593.7,0.885455
4593.92,1.14422
4594.16,1.51399
4594.41,2.00214
4594.7,2.71029
4595.04,3.78811
4595.47,5.50641
4596.65,10.8065
4597.25,12.7224
4598.47,14.9124
4598.93,16.5074
4599.41,19.3866
4600.7,30.36
4601.2,32.6099
4601.37,32.7615
4601.82,31.4906
4602.22,28.4548
4602.89,20.8887
4603.57,12.7644
4603.94,9.10823
4604.27,6.5411
4604.55,4.81488
4604.79,3.66343
4605.01,2.79632
4605.24,2.12788
4605.47,1.62249
4605.7,1.24688
4605.91,0.989807
4606.14,0.784791
4606.34,0.651486
4606.59,0.531781
4606.85,0.4488
4607.15,0.381195
4607.46,0.335139
4607.89,0.293662
4608.42,0.26152
4609.06,0.238123
4609.92,0.221253
4610.78,0.214937
4611.97,0.219163
4613.17,0.23704
4614.37,0.270158
4615.42,0.315781
4616.39,0.378514
4617.21,0.455313
4617.95,0.554269
4618.53,0.662836
4619.0,0.787446
4619.44,0.944602
4619.82,1.1311
4620.2,1.39074
4620.56,1.74101
4620.85,2.12984
4621.16,2.68983
4621.48,3.48463
4621.77,4.41583
4622.11,5.83483
4622.46,7.75359
4622.87,10.6326
4623.4,15.2823
4624.36,24.354
4624.89,27.9676
4625.35,29.2766
4625.42,29.3014
4625.82,28.5397
4626.36,25.3767
4627.18,17.8256
4627.85,11.6522
4628.26,8.56839
4628.63,6.36567
4628.93,4.95897
4629.26,3.77434
4629.53,3.02126
4629.83,2.40223
4630.14,1.91905
4630.48,1.5283
4630.85,1.22799
4631.26,0.993231
4631.67,0.82591
4632.2,0.671068
4632.82,0.545864
4633.54,0.442741
4634.33,0.362006
4635.28,0.291715
4636.34,0.236327
4637.54,0.191585
4638.98,0.153532
4640.62,0.123052
4642.4,0.0997782
4644.32,0.0818382
4646.65,0.0662775
4649.11,0.0545599
4651.99,0.0448165
4655.55,0.0364294
4659.38,0.0302347
4663.83,0.0253757
4669.1,0.0216991
4673.62,0.019912
4678.0,0.0193988
4680.52,0.0198448
4683.05,0.0212064
4684.94,0.0232592
4686.52,0.0261812
4687.78,0.0299393
4688.92,0.0352934
4689.75,0.0412398
4690.41,0.0483717
4690.94,0.0572984
4691.35,0.0681112
4691.66,0.0806309
4691.91,0.0960078
4692.16,0.118477
4692.37,0.143987
4692.56,0.176455
4692.75,0.220042
4692.94,0.278267
4693.13,0.355465
4693.32,0.456825
4693.53,0.60346
4693.74,0.795764
4693.97,1.06931
4694.2,1.4222
4694.44,1.89452
4694.7,2.54936
4695.04,3.58532
4695.49,5.28378
4696.47,9.50641
4696.96,10.9981
4697.4,11.5412
4697.45,11.5458
4697.86,11.1513
4698.28,10.0155
4698.93,7.38055
4699.6,4.51272
4699.96,3.22596
4700.27,2.34629
4700.55,1.70703
4700.8,1.25419
4701.03,0.938243
4701.23,0.719473
4701.44,0.54947
4701.63,0.426528
4701.82,0.332085
4702.01,0.26032
4702.2,0.206284
4702.39,0.165298
4702.59,0.134071
4702.82,0.109033
4703.04,0.091197
4703.3,0.0762165
4703.57,0.0658144
4703.96,0.0555792
4704.45,0.0471569
4705.15,0.0393137
4705.98,0.0330629
4707.06,0.0277078
4708.34,0.0234577
4709.91,0.020056
4711.88,0.0172846
4714.35,0.0151085
4717.32,0.0135169
4721.05,0.0123828
4724.78,0.011721
4732.24,0.0112411
4741.83,0.0116416
4751.42,0.0130051
4759.41,0.0151042
4765.8,0.0177277
4771.93,0.0214906
4777.26,0.026362
4781.25,0.0315709
4784.98,0.0382792
4788.25,0.0464523
4791.11,0.056321
4793.91,0.0697076
4796.44,0.0868046
4798.44,0.105511
4800.44,0.131356
4802.14,0.162062
4803.63,0.199109
4804.96,0.244643
4806.24,0.305592
4807.31,0.377074
4808.21,0.459357
4809.08,0.568598
4809.88,0.710824
4810.53,0.874287
4811.09,1.06821
4811.65,1.34014
4812.13,1.66832
4812.57,2.08329
4812.97,2.59255
4813.37,3.26814
4813.81,4.25346
4814.29,5.67125
4814.85,7.80246
4816.32,14.5805
4816.85,16.3311
4817.34,17.1114
4817.48,17.1529
4817.93,16.7144
4818.51,15.0487
4819.46,10.7715
4820.26,7.15151
4820.79,5.26822
4821.21,4.0775
4821.67,3.11353
4822.07,2.47776
4822.47,1.99963
4822.92,1.60039
4823.4,1.29546
4823.88,1.07409
4824.41,0.895389
4824.94,0.768304
4825.37,0.698804
4825.88,0.65807
4825.99,0.65669
4826.32,0.673342
4826.61,0.720805
4826.9,0.808118
4827.2,0.945
4827.52,1.16979
4827.85,1.47868
4828.27,1.99503
4828.97,3.06585
4829.65,4.07937
4830.11,4.52241
4830.47,4.63168
4830.93,4.44807
4831.44,3.86607
4832.71,1.81986
4833.1,1.30587
4833.4,0.985146
4833.7,0.733411
4833.96,0.567517
4834.21,0.441098
4834.46,0.351642
4834.69,0.288729
4834.92,0.241964
4835.2,0.200489
4835.49,0.172381
4835.83,0.15014
4836.18,0.13558
4836.76,0.119969
4837.74,0.104172
4839.3,0.0873495
4841.38,0.071636
4843.47,0.060294
4846.1,0.0498399
4849.14,0.0411309
4852.88,0.0334244
4857.04,0.0273569
4861.88,0.0224272
4867.42,0.0185638
4872.96,0.0159172
4880.24,0.013651
4886.13,0.0125169
4892.67,0.0118662
4895.29,0.0117729
4901.83,0.0120742
4906.74,0.0128949
4910.86,0.0143033
4914.59,0.0165325
4917.07,0.0188439
4919.29,0.0219038
4921.24,0.025862
4922.86,0.0306262
4924.3,0.0366083
4925.66,0.0448813
4926.77,0.0545987
4927.68,0.0659491
4928.46,0.07963
4929.11,0.0957456
4929.6,0.112831
4929.99,0.1321
4930.36,0.158988
4930.64,0.188882
4930.93,0.232168
4931.17,0.285614
4931.38,0.346881
4931.58,0.429101
4931.77,0.53425
4931.97,0.672904
4932.16,0.854473
4932.36,1.09004
4932.55,1.39235
4932.77,1.81154
4933.01,2.43805
4933.25,3.24579
4933.52,4.37498
4933.81,5.87499
4934.18,8.32896
4934.72,12.6455
4935.53,19.5179
4936.03,22.4637
4936.49,23.5381
4936.52,23.5424
4936.94,22.7694
4937.35,20.6055
4937.95,15.9055
4938.73,9.3006
4939.12,6.6167
4939.44,4.77313
4939.72,3.53077
4939.96,2.66401
4940.2,1.98664
4940.42,1.51517
4940.65,1.14051
4940.85,0.894945
4941.04,0.705376
4941.24,0.560458
4941.43,0.450511
4941.63,0.367544
4941.83,0.302849
4942.07,0.246622
4942.36,0.20143
4942.68,0.167085
4943.05,0.141664
4943.48,0.122333
4943.91,0.109713
4944.34,0.101978
4944.77,0.0992891
4945.17,0.103253
4945.51,0.114662
4945.79,0.133089
4946.02,0.155954
4946.26,0.191985
4946.48,0.236804
4946.7,0.296841
4946.94,0.386773
4947.18,0.50521
4947.46,0.675898
4947.75,0.914371
4948.11,1.28217
4948.59,1.89089
4949.52,3.19352
4950.03,3.69997
4950.5,3.87569
4950.52,3.8763
4950.96,3.73309
4951.4,3.3379
4952.12,2.36622
4952.77,1.47036
4953.17,1.02632
4953.47,0.748708
4953.75,0.553419
4953.99,0.418992
4954.23,0.314306
4954.44,0.240503
4954.66,0.184165
4954.86,0.145236
4955.07,0.114186
4955.27,0.0922942
4955.5,0.0740295
4955.7,0.0624638
4955.93,0.0528998
4956.21,0.0447461
4956.5,0.0393438
4956.89,0.0345816
4957.37,0.0309068
4958.02,0.0277999
4958.99,0.0247823
4960.61,0.0216574
4962.52,0.0194447
4964.36,0.0181409
4968.06,0.0168625
4971.75,0.0165523
4976.06,0.0170602
4980.37,0.0183785
4984.67,0.0205527
4989.7,0.0245007
4994.01,0.0296702
4997.5,0.0357416
5000.73,0.0437074
5003.55,0.0535342
5006.06,0.0658839
5008.37,0.0819104
5010.42,0.102134
5012.16,0.126343
5013.6,0.153817
5015.04,0.19185
5016.32,0.239827
5017.4,0.29646
5018.32,0.363814
5019.18,0.451548
5019.83,0.542078
5020.5,0.673378
5021.03,0.816918
5021.51,0.995678
5021.94,1.21841
5022.37,1.52828
5022.73,1.88176
5023.09,2.35409
5023.45,2.98166
5023.81,3.80386
5024.22,5.02836
5024.68,6.80881
5025.28,9.75089
5026.4,15.7516
5026.93,17.7985
5027.44,18.6935
5027.54,18.7209
5027.96,18.2788
5028.44,16.7746
5029.21,12.9652
5030.13,8.02653
5030.63,5.8823
5031.06,4.40524
5031.47,3.3307
5031.84,2.60181
5032.17,2.10116
5032.57,1.65305
5032.96,1.33545
5033.38,1.08833
5033.84,0.889394
5034.32,0.738163
5034.94,0.598867
5035.65,0.483905
5036.49,0.388895
5037.36,0.319137
5038.28,0.264206
5039.39,0.215916
5040.68,0.175307
5042.12,0.142924
5043.76,0.116471
5045.5,0.0963823
5047.65,0.0789291
5050.12,0.0654249
5052.58,0.0564896
5055.04,0.0508431
5057.5,0.0478229
5059.14,0.0472196
5061.3,0.0483947
5063.45,0.0524413
5065.07,0.0582279
5066.68,0.0677417
5067.92,0.0792013
5069.08,0.0953474
5069.91,0.112174
5070.64,0.133266
5071.24,0.157567
5071.72,0.185217
5072.13,0.220323
5072.47,0.261521
5072.78,0.317598
5073.06,0.388902
5073.29,0.474788
5073.53,0.593318
5073.74,0.737369
5073.94,0.923893
5074.15,1.16881
5074.35,1.48751
5074.56,1.89768
5074.78,2.47511
5075.02,3.28562
5075.29,4.43748
5075.56,5.87116
5075.87,7.99301
5076.27,11.379
5076.94,18.2726
5077.61,25.09
5078.09,28.4457
5078.55,29.6608
5078.57,29.6622
5079.01,28.5926
5079.44,25.7503
5080.13,18.9393
5080.86,11.4278
5081.26,7.98905
5081.57,5.86832
5081.86,4.3182
5082.13,3.19314
5082.38,2.40318
5082.59,1.86295
5082.83,1.4099
5083.03,1.10814
5083.24,0.876647
5083.46,0.689729
5083.68,0.551163
5083.9,0.448723
5084.16,0.360199
5084.42,0.29781
5084.73,0.24681
5085.11,0.203874
5085.6,0.167343
5086.19,0.137942
5086.93,0.112376
5087.75,0.092537
5088.76,0.0751768
5089.94,0.061158
5091.3,0.0497269
5092.79,0.0409896
5094.43,0.0340975
5096.42,0.0281535
5098.88,0.023054
5101.7,0.0190463
5104.79,0.0159927
5108.5,0.0134639
5113.21,0.0112337
5118.07,0.00966699
5124.55,0.00828631
5131.03,0.00743211
5137.51,0.00696492
5142.95,0.00685966
5149.74,0.00718777
5153.99,0.00787853
5157.35,0.00895809
5159.77,0.010272
5161.78,0.0120578
5163.41,0.0143536
5164.66,0.0170502
5165.71,0.0203826
5166.58,0.0245014
5167.2,0.0287472
5167.69,0.0337246
5168.06,0.0392425
5168.39,0.0466203
5168.69,0.0567227
5168.95,0.0695705
5169.16,0.0847324
5169.38,0.105673
5169.59,0.13457
5169.8,0.172941
5169.99,0.217836
5170.17,0.275889
5170.39,0.364476
5170.6,0.480993
5170.81,0.626961
5171.06,0.848477
5171.3,1.13324
5171.58,1.54005
5171.88,2.09641
5172.26,2.97075
5172.87,4.69333
5173.57,6.69289
5174.06,7.71563
5174.53,8.12498
5174.59,8.13167
5175.04,7.83935
5175.48,7.02605
5176.17,5.13222
5176.87,3.12736
5177.27,2.17265
5177.57,1.61234
5177.84,1.20327
5178.09,0.900754
5178.33,0.664934
5178.56,0.497247
5178.79,0.374186
5178.97,0.294897
5179.15,0.232819
5179.34,0.184691
5179.52,0.147692
5179.73,0.116226
5179.95,0.0920424
5180.15,0.0763557
5180.4,0.0622341
5180.64,0.0523571
5180.94,0.044167
5181.28,0.0377342
5181.72,0.0322486
5182.31,0.0274384
5183.05,0.0234127
5183.94,0.0201152
5185.12,0.0171917
5186.59,0.0148998
5188.36,0.0132875
5190.76,0.012223
5193.15,0.0119218
5196.16,0.0123251
5199.18,0.0133983
5202.19,0.0153486
5204.82,0.0180352
5207.15,0.021535
5209.09,0.0257286
5210.88,0.0311418
5212.58,0.0385215
5214.04,0.0475954
5215.26,0.0582561
5216.39,0.0722855
5217.37,0.0893566
5218.22,0.110563
5218.93,0.135798
5219.43,0.161192
5219.84,0.189323
5220.24,0.229694
5220.57,0.277072
5220.85,0.336572
5221.1,0.407929
5221.34,0.506531
5221.58,0.643426
5221.81,0.814984
5222.02,1.0333
5222.23,1.3202
5222.44,1.69339
5222.69,2.25126
5222.92,2.94614
5223.17,3.91384
5223.45,5.27406
5223.77,7.2557
5224.14,10.0944
5224.66,15.13
5225.57,24.4354
5226.06,28.0543
5226.54,29.5957
5226.61,29.6224
5227.06,28.5454
5227.58,25.0029
5228.49,15.7971
5229.04,10.4425
5229.41,7.53946
5229.74,5.41407
5230.02,4.02464
5230.28,3.03342
5230.5,2.33361
5230.75,1.75622
5230.96,1.36908
5231.17,1.0709
5231.39,0.843648
5231.6,0.671884
5231.84,0.527133
5232.09,0.422864
5232.33,0.34748
5232.61,0.28477
5232.93,0.236336
5233.28,0.198246
5233.69,0.167609
5234.19,0.140413
5234.88,0.114412
5235.73,0.0920552
5236.67,0.07482
5237.8,0.0600314
5238.94,0.0494954
5240.36,0.0400653
5241.98,0.032504
5243.89,0.026339
5245.87,0.021861
5248.2,0.0182043
5250.66,0.0155455
5253.62,0.0134348
5256.62,0.0120766
5259.65,0.0113261
5262.68,0.0111122
5265.66,0.0114529
5268.64,0.0124881
5270.88,0.0138989
5273.11,0.0161757
5275.09,0.0193619
5276.54,0.0228547
5277.75,0.02695
5278.94,0.0325691
5280.0,0.0397866
5280.9,0.0486505
5281.63,0.0587177
5282.24,0.0706771
5282.72,0.0846352
5283.12,0.101459
5283.43,0.121506
5283.71,0.146318
5283.93,0.175211
5284.16,0.214939
5284.37,0.265635
5284.56,0.325895
5284.75,0.40467
5284.94,0.507144
5285.13,0.639495
5285.32,0.808966
5285.54,1.05797
5285.75,1.37308
5285.99,1.8282
5286.25,2.48177
5286.54,3.39469
5286.86,4.67507
5287.24,6.57622
5287.83,10.1995
5288.61,15.1646
5289.11,17.4062
5289.58,18.2724
5289.63,18.28
5290.07,17.6603
5290.49,15.9899
5291.13,12.1708
5291.93,7.08559
5292.32,5.05677
5292.66,3.61502
5292.96,2.63286
5293.21,1.98038
5293.46,1.47124
5293.69,1.09862
5293.9,0.852255
5294.1,0.661002
5294.31,0.514291
5294.52,0.401132
5294.71,0.323102
5294.93,0.25328
5295.16,0.202806
5295.39,0.166255
5295.65,0.135891
5295.96,0.111467
5296.33,0.0922658
5296.78,0.076309
5297.28,0.0643027
5297.96,0.0528303
5298.78,0.0431709
5299.72,0.0353039
5300.71,0.0293504
5301.89,0.0241721
5303.25,0.0198979
5304.8,0.016446
5306.6,0.0135947
5308.5,0.0114583
5310.88,0.00959037
5313.74,0.00807712
5316.96,0.00694613
5319.71,0.0063281
5322.47,0.00596867
5325.22,0.00588217
5328.33,0.00618051
5330.41,0.00677288
5331.97,0.00763121
5333.27,0.00883769
5334.33,0.010431
5335.12,0.0123558
5335.68,0.0145206
5336.08,0.016965
5336.39,0.0198303
5336.65,0.0233139
5336.9,0.0283546
5337.13,0.0348704
5337.34,0.0429067
5337.54,0.05384
5337.76,0.0693595
5337.96,0.0894874
5338.17,0.116246
5338.37,0.151399
5338.58,0.196969
5338.78,0.255193
5339.02,0.339931
5339.27,0.459505
5339.56,0.629841
5339.85,0.848212
5340.21,1.18143
5340.71,1.74718
5341.58,2.79892
5342.09,3.25227
5342.57,3.43575
5342.65,3.43981
5343.1,3.3121
5343.56,2.95772
5344.29,2.11267
5344.96,1.31249
5345.37,0.910754
5345.71,0.650767
5345.99,0.47745
5346.24,0.353896
5346.47,0.269816
5346.67,0.208457
5346.88,0.160257
5347.08,0.122944
5347.29,0.0944502
5347.49,0.0732106
5347.67,0.0588545
5347.87,0.0467525
5348.07,0.0377578
5348.27,0.0310903
5348.51,0.0253188
5348.73,0.0215007
5349.04,0.0177812
5349.42,0.0148924
5349.79,0.0129687
5350.42,0.0108462
5351.08,0.00934092
5352.11,0.00774182
5353.34,0.0064696
5354.65,0.00555031
5356.4,0.00473092
5358.85,0.00400147
5361.22,0.00353333
5364.57,0.00309784
5369.58,0.00271023
5374.93,0.00244926
5380.95,0.00226972
5388.98,0.00210391
5405.03,0.00194627
5421.09,0.00190097
5442.49,0.00196583
5462.89,0.00215897
5479.21,0.00242562
5495.52,0.00282773
5509.8,0.00337822
5522.04,0.00408195
5532.24,0.0049339
5540.4,0.00590341
5549.58,0.00748045
5555.7,0.00903538
5561.05,0.0109629
5565.89,0.013469
5569.97,0.0164679
5573.42,0.0201722
5576.09,0.0243357
5578.39,0.0294227
5580.37,0.0357123
5582.07,0.043503
5583.57,0.05345
5584.78,0.0652253
5585.83,0.0798725
5586.68,0.0973789
5587.29,0.115601
5587.77,0.136891
5588.19,0.164257
5588.5,0.194624
5588.76,0.230393
5589.02,0.280503
5589.28,0.35153
5589.51,0.436962
5589.72,0.542517
5589.93,0.681556
5590.14,0.863324
5590.34,1.09871
5590.58,1.44304
5590.81,1.89033
5591.07,2.53286
5591.36,3.44797
5591.65,4.61073
5592.0,6.37651
5592.43,9.11378
5593.67,18.2207
5594.2,20.9955
5594.68,22.0085
5594.73,22.0174
5595.17,21.2975
5595.61,19.2735
5596.34,14.2597
5597.05,9.05043
5597.47,6.57977
5597.78,5.13487
5598.04,4.21637
5598.32,3.51461
5598.57,3.12513
5598.82,2.93114
5598.94,2.90058
5599.19,2.95705
5599.49,3.21089
5599.9,3.77755
5600.92,5.47333
5601.43,5.96377
5601.7,6.03698
5602.16,5.8327
5602.61,5.26604
5603.29,3.96094
5604.09,2.3613
5604.51,1.66753
5604.84,1.23041
5605.13,0.917025
5605.4,0.697431
5605.67,0.528567
5605.91,0.414353
5606.15,0.327778
5606.38,0.263349
5606.65,0.211295
5606.93,0.174119
5607.21,0.148785
5607.54,0.130289
5607.87,0.118925
5608.19,0.111937
5608.84,0.104951
5609.93,0.102065
5611.26,0.10483
5613.03,0.115628
5614.8,0.134655
5616.35,0.160032
5617.73,0.192721
5619.09,0.238889
5620.22,0.294464
5621.19,0.361437
5621.99,0.438529
5622.77,0.543129
5623.32,0.647475
5623.82,0.776362
5624.24,0.92434
5624.65,1.13123
5624.98,1.3617
5625.34,1.70925
5625.67,2.14721
5625.99,2.75168
5626.3,3.54022
5626.58,4.46748
5626.85,5.65376
5627.2,7.55332
5627.55,10.0844
5627.96,13.7849
5628.53,20.1962
5629.67,34.2612
5630.25,38.9892
5630.74,40.356
5631.26,38.7713
5631.84,33.7621
5633.28,16.218
5633.73,11.713
5634.13,8.53401
5634.44,6.56078
5634.77,4.9478
5635.05,3.91405
5635.36,3.02968
5635.66,2.39389
5635.96,1.92088
5636.27,1.55282
5636.62,1.25832
5637.02,1.02008
5637.42,0.850581
5637.93,0.696462
5638.48,0.577565
5639.15,0.474823
5640.0,0.380697
5640.97,0.305976
5641.97,0.250724
5643.13,0.203851
5644.46,0.165216
5645.95,0.133939
5647.69,0.10781
5649.55,0.0878782
5651.76,0.0708864
5654.03,0.0584694
5656.74,0.0479561
5659.59,0.040345
5662.22,0.035614
5665.37,0.0323601
5667.47,0.0318566
5669.02,0.0327053
5670.57,0.03516
5671.74,0.038825
5672.7,0.044173
5673.38,0.0505179
5673.91,0.0587921
5674.26,0.067722
5674.55,0.0789134
5674.84,0.0956455
5675.11,0.118002
5675.34,0.146408
5675.55,0.180404
5675.74,0.22329
5675.94,0.279339
5676.13,0.351974
5676.33,0.445179
5676.56,0.590564
5676.8,0.780703
5677.03,1.02474
5677.29,1.37009
5677.58,1.85283
5677.9,2.54429
5678.32,3.65253
5678.98,5.81531
5679.75,8.33092
5680.25,9.45736
5680.74,9.86516
5680.75,9.86548
5681.2,9.53441
5681.73,8.38487
5682.57,5.63056
5683.19,3.62879
5683.58,2.58658
5683.9,1.89857
5684.18,1.41556
5684.44,1.05969
5684.67,0.813615
5684.89,0.619857
5685.12,0.470014
5685.32,0.370405
5685.51,0.292499
5685.71,0.232174
5685.9,0.185862
5686.1,0.15055
5686.33,0.119232
5686.58,0.0960213
5686.84,0.0784941
5687.13,0.0651653
5687.48,0.0545293
5687.89,0.0464108
5688.4,0.0397653
5689.18,0.0330753
5690.12,0.0277441
5691.31,0.0231225
5692.75,0.0193853
5694.46,0.016342
5696.42,0.0139714
5699.15,0.0117198
5702.42,0.00988704
5706.13,0.00846861
5711.29,0.0071072
5717.48,0.00597649
5724.11,0.00512778
5734.72,0.00421437
5746.52,0.0035649
5758.31,0.00315962
5772.46,0.00289642
5780.93,0.00285014
5789.4,0.00289184
5797.87,0.00304227
5807.4,0.00338974
5815.34,0.00392209
5821.7,0.00462189
5826.59,0.00544384
5831.23,0.00659567
5834.76,0.00788457
5837.87,0.0095512
5840.53,0.0116313
5842.66,0.0140717
5844.34,0.0168919
5845.65,0.0200578
5846.77,0.024076
5847.52,0.0282726
5847.98,0.0324033
5848.36,0.0374827
5848.68,0.0442782
5848.98,0.0534209
5849.24,0.0654821
5849.47,0.0806215
5849.71,0.101526
5849.94,0.130174
5850.17,0.169005
5850.39,0.216511
5850.63,0.287366
5850.88,0.380292
5851.12,0.499714
5851.41,0.674038
5851.7,0.909068
5852.07,1.27507
5852.53,1.8384
5853.74,3.56147
5854.27,4.09875
5854.77,4.29662
5854.81,4.29751
5855.25,4.16028
5855.74,3.7293
5856.5,2.70132
5857.23,1.67258
5857.67,1.18079
5857.99,0.885307
5858.28,0.681548
5858.57,0.525364
5858.83,0.4184
5859.07,0.34977
5859.27,0.30914
5859.48,0.283744
5859.72,0.272192
5859.75,0.272103
5859.96,0.279909
5860.16,0.302793
5860.4,0.351077
5860.64,0.427268
5860.84,0.520044
5861.05,0.650459
5861.27,0.827253
5861.49,1.05814
5861.71,1.35447
5861.96,1.7992
5862.24,2.43078
5862.53,3.27546
5862.84,4.42642
5863.25,6.26949
5863.81,9.43551
5864.67,14.5921
5865.18,16.8768
5865.67,17.9257
5865.81,17.9842
5866.27,17.3636
5866.72,15.6921
5867.41,11.8847
5868.23,7.02839
5868.63,5.04588
5868.99,3.60668
5869.29,2.68343
5869.57,1.98771
5869.82,1.50106
5870.06,1.15252
5870.3,0.875355
5870.5,0.697543
5870.7,0.558896
5870.9,0.451863
5871.14,0.356081
5871.39,0.287281
5871.63,0.238211
5871.87,0.203347
5872.19,0.172048
5872.52,0.152148
5873.0,0.134962
5873.48,0.126565
5873.93,0.123617
5874.6,0.125814
5875.27,0.136401
5875.77,0.152749
5876.19,0.176316
5876.53,0.206542
5876.82,0.24691
5877.08,0.299671
5877.35,0.375313
5877.59,0.470785
5877.83,0.601545
5878.06,0.778905
5878.3,1.01651
5878.55,1.34357
5878.79,1.7723
5879.04,2.3236
5879.33,3.15847
5879.64,4.29287
5879.99,5.92861
5880.45,8.58075
5881.74,17.3513
5882.27,19.905
5882.77,20.8652
5882.81,20.8709
5883.26,20.1932
5883.81,17.7518
5884.69,11.8688
5885.32,7.69227
5885.72,5.47169
5886.07,3.92779
5886.36,2.9228
5886.63,2.20154
5886.89,1.64019
5887.13,1.25062
5887.34,0.980706
5887.58,0.747046
5887.82,0.572431
5888.06,0.44338
5888.29,0.348775
5888.54,0.277554
5888.81,0.223071
5889.07,0.184362
5889.38,0.152582
5889.69,0.130202
5890.11,0.108805
5890.6,0.0916505
5891.22,0.0765849
5891.98,0.0633949
5892.96,0.0512342
5894.09,0.0414781
5895.24,0.0343535
5896.61,0.0281383
5898.06,0.0233773
5899.86,0.0190739
5901.95,0.0154958
5904.09,0.0128745
5906.66,0.0105982
5909.73,0.00861417
5912.99,0.00710588
5916.89,0.00581014
5921.54,0.00472252
5926.19,0.00394533
5932.7,0.00318944
5939.02,0.00266084
5946.83,0.00219581
5955.38,0.00183729
5964.3,0.00156615
5979.18,0.00125696
5991.08,0.00108326
5997.03,0.00101413
6000.0,1.358
6000.0,9.87112E-4
7000.0,1.30794
8000.0,1.20713
9000.0,1.19357
9500.0,1.16476
10000.0,1.13586
10625.0,1.09776
11250.0,1.05843
11875.0,1.02001
12500.0,0.981351
13125.0,0.950943
13750.0,0.920564
15000.0,0.860071
16250.0,0.824368
17500.0,0.789284
18750.0,0.753585
20000.0,0.718657
21250.0,0.694283
22500.0,0.670459
23750.0,0.646802
25000.0,0.622295
26250.0,0.603418
27500.0,0.584193
28750.0,0.565162
30000.0,0.546136
32500.0,0.519751
35000.0,0.493392
37500.0,0.466898
40000.0,0.440739
42500.0,0.418868
45000.0,0.39742
47500.0,0.375597
50000.0,0.354108
52500.0,0.342119
55000.0,0.32971
57500.0,0.317531
60000.0,0.305222
62500.0,0.294917
65000.0,0.284484
67500.0,0.274107
70000.0,0.26362
75000.0,0.252673
80000.0,0.241688
85000.0,0.233291
90000.0,0.225055
95000.0,0.216689
100000.0,0.209363
100000.0,0.208266
141917.0,0.180266
186602.0,0.164604
250000.0,0.153636
300000.0,0.149992
638726.0,0.169273
691098.0,0.134485
700000.0,0.129406
800000.0,0.116271
900000.0,0.113068
1250000.0,0.118126
1508030.0,0.127586
2000000.0,0.113854
2326950.0,0.119732
2619880.0,0.10869
3109840.0,0.0881806
3603100.0,0.0731568
4459860.0,0.0539187
5537840.0,0.0358259
6468270.0,0.0243916
7117820.0,0.0185791
7620770.0,0.0149215
8194520.0,0.0118053
8778390.0,0.00943628
9245260.0,0.00806162
1.03331E7,0.00574548
1.1E7,0.00460383
1.17822E7,0.0036469
1.20869E7,0.00330395
1.26682E7,0.00260071
1.3E7,0.00228074
1.37832E7,0.00181065
1.41218E7,0.00166375
1.5E7,0.00142032
1.6E7,0.00128791
1.75E7,0.00123179
1.8E7,0.00122328
2.0E7,0.0012718