63-Eu-151(n,&gamma;) ENDF/B-VII.1
1.0E-5,677120.0
1.31241E-5,591028.0
1.70876E-5,517931.0
2.2426E-5,452065.0
2.91987E-5,396137.0
3.83206E-5,345734.0
4.98935E-5,302937.0
6.54808E-5,264365.0
8.52562E-5,231613.0
1.11891E-4,202085.0
1.45682E-4,177004.0
1.91195E-4,154394.0
2.48937E-4,135180.0
3.26707E-4,117843.0
4.25373E-4,103108.0
5.58264E-4,89804.0
7.26861E-4,78487.1
9.53941E-4,68254.8
0.00124203,59532.0
0.00163006,51636.0
0.00222608,43753.0
0.00303344,36991.2
0.00398112,31802.2
0.0054368,26591.3
0.0071057,22657.8
0.0092902,19189.4
0.012142,16091.1
0.0158747,13286.3
0.0198632,11199.6
0.024383,9492.3
0.0253,9204.98
0.0317255,7566.34
0.0396964,6161.02
0.0474582,5172.79
0.0567377,4319.06
0.0678316,3598.54
0.0810948,3007.44
0.0969512,2541.49
0.115908,2197.33
0.132401,2020.32
0.150913,1919.26
0.165836,1897.83
0.190155,1968.26
0.207064,2101.22
0.22907,2412.11
0.245904,2806.53
0.260824,3334.0
0.275843,4109.56
0.293946,5400.91
0.309064,6496.5
0.321835,7026.56
0.329753,7102.48
0.35442,6935.72
0.365162,7157.86
0.377312,7854.02
0.388022,8940.08
0.398733,10551.0
0.411236,13192.8
0.430523,18663.3
0.44422,22350.7
0.452987,23696.0
0.458247,23909.6
0.46526,23437.3
0.476218,21188.4
0.506024,12087.5
0.518078,9236.23
0.529036,7274.91
0.539994,5802.11
0.552322,4579.75
0.56465,3684.66
0.5778,2979.71
0.59232,2407.04
0.609579,1914.99
0.628208,1535.76
0.647932,1246.84
0.6693,1020.41
0.6956,822.996
0.724497,673.398
0.753049,571.856
0.781601,502.987
0.816878,452.647
0.843336,437.526
0.852156,436.998
0.874204,447.083
0.896252,477.487
0.918301,537.401
0.937593,627.843
0.953578,745.776
0.966807,888.509
0.980587,1100.21
0.993816,1383.77
1.01002,1849.48
1.03317,2592.77
1.0453,2846.15
1.05412,2901.03
1.06647,2771.22
1.08091,2380.26
1.10681,1520.23
1.12059,1159.25
1.133,914.831
1.14595,726.902
1.15918,587.496
1.17406,474.567
1.18949,390.398
1.20713,321.099
1.22918,260.21
1.25343,213.774
1.27989,178.204
1.31131,148.523
1.34769,124.635
1.39013,105.44
1.44021,90.129
1.49029,80.0224
1.54302,73.5157
1.60105,71.149
1.63519,73.0008
1.66933,79.2316
1.69209,87.8886
1.70917,98.5886
1.72624,115.024
1.74359,140.109
1.76351,180.853
1.79315,247.892
1.80772,265.808
1.81436,267.58
1.82957,255.522
1.84777,218.77
1.87668,150.334
1.89352,120.007
1.90889,100.121
1.92425,86.0938
1.94132,75.3053
1.96408,65.8896
1.99253,58.7258
2.03122,53.2967
2.07902,50.0762
2.14275,48.9151
2.2343,51.186
2.30485,56.0434
2.36491,63.2331
2.41495,72.7593
2.45322,83.766
2.49091,100.102
2.51799,117.613
2.54154,139.501
2.56215,166.938
2.57981,200.265
2.59659,244.924
2.61308,307.17
2.6275,382.259
2.6434,492.364
2.6666,700.306
2.69015,915.159
2.70381,998.162
2.71672,1025.47
2.73113,990.213
2.74903,867.518
2.78589,536.169
2.80179,424.127
2.81827,338.593
2.83476,279.265
2.85124,239.148
2.86891,210.793
2.88657,192.654
2.91012,179.019
2.93838,173.31
2.97371,177.629
3.00904,192.536
3.04012,214.785
3.07639,254.413
3.1074,304.863
3.13447,367.904
3.15976,451.65
3.18058,548.598
3.20141,685.18
3.21807,838.2
3.23473,1050.24
3.2502,1324.03
3.26447,1667.55
3.27875,2121.69
3.2966,2862.74
3.33944,4993.43
3.35562,5503.2
3.36733,5622.11
3.38038,5478.58
3.39656,4947.69
3.44297,2688.21
3.45903,2073.72
3.4742,1636.35
3.48878,1330.2
3.50375,1107.38
3.52108,935.815
3.53594,844.232
3.55381,787.991
3.56673,780.554
3.5817,807.713
3.59668,878.045
3.61135,995.981
3.6278,1192.92
3.65034,1566.77
3.68205,2130.24
3.69591,2284.69
3.70742,2330.6
3.72409,2247.83
3.74194,1990.67
3.78398,1156.31
3.80219,865.558
3.81804,674.201
3.83448,528.52
3.85092,423.697
3.86942,339.823
3.88791,280.007
3.91081,227.271
3.9343,188.77
3.96513,153.006
4.00006,124.89
4.03941,102.764
4.08462,84.9241
4.13312,71.3911
4.19163,59.9459
4.25989,50.9268
4.3227,45.4539
4.38767,42.0261
4.45263,40.8378
4.50278,41.9179
4.54039,44.5448
4.57801,49.9219
4.60308,56.2285
4.62588,65.3209
4.64582,77.6177
4.66292,93.1475
4.68001,115.188
4.69768,146.585
4.7182,194.509
4.75809,298.925
4.77359,325.96
4.78936,335.875
4.80641,324.053
4.82647,285.01
4.87206,165.621
4.89087,127.218
4.90882,100.229
4.92677,81.2476
4.94672,67.0332
4.96666,57.6794
4.98946,50.7705
5.01795,45.6514
5.04756,42.9716
5.07718,42.2202
5.10962,43.3453
5.14207,46.7591
5.1691,52.0072
5.19614,60.6538
5.2198,72.6919
5.24008,88.1854
5.25968,109.647
5.27861,138.004
5.30294,185.857
5.34323,274.303
5.36378,304.135
5.37946,311.613
5.39839,300.674
5.4211,263.666
5.46922,159.344
5.4895,124.647
5.50708,101.914
5.52736,83.0663
5.54764,70.255
5.56791,61.6855
5.59495,54.6495
5.62605,50.61
5.65038,49.5868
5.6848,50.8016
5.71922,55.2862
5.7468,61.9771
5.77438,72.8656
5.79633,86.2595
5.81513,102.95
5.83457,127.723
5.85212,159.287
5.8703,203.829
5.89098,270.964
5.94189,473.785
5.96295,530.886
5.97895,545.703
5.99505,532.015
6.01736,471.785
6.0709,259.781
6.09158,195.085
6.11039,151.183
6.12794,121.312
6.14487,100.358
6.16367,83.6105
6.18562,69.9919
6.2132,58.5918
6.24078,51.0858
6.27087,45.6099
6.31601,40.6051
6.36114,37.9465
6.43135,36.6112
6.50391,37.671
6.57647,40.8073
6.64135,45.5232
6.71705,54.0553
6.78022,64.9728
6.83145,78.0892
6.87129,92.8993
6.90544,111.236
6.93389,132.901
6.96235,162.455
7.0031,218.892
7.06002,316.743
7.08734,380.092
7.10691,445.38
7.12444,529.179
7.14166,646.446
7.15865,808.433
7.17628,1037.52
7.19645,1384.14
7.22955,2107.62
7.26034,2764.02
7.28371,3081.53
7.30618,3176.23
7.38045,2918.73
7.3864,2918.29
7.4073,2927.83
7.43567,2851.3
7.46079,2585.23
7.49144,2027.85
7.52771,1301.2
7.54802,970.244
7.56615,741.426
7.58321,579.755
7.60026,460.396
7.61921,364.884
7.63816,296.773
7.65982,241.176
7.68418,196.814
7.71342,159.301
7.74753,128.719
7.78651,104.282
7.83199,84.3778
7.88397,68.5728
7.9392,56.8199
8.00742,46.7784
8.06762,40.5866
8.15249,34.6097
8.21614,31.631
8.30102,29.1614
8.39641,28.1517
8.45167,28.4531
8.51876,29.867
8.58586,32.8337
8.64506,37.4327
8.6944,43.5859
8.73386,51.0156
8.7684,60.5091
8.798,72.2371
8.82596,88.2617
8.84898,107.228
8.86871,129.88
8.88713,158.769
8.90489,196.404
8.92265,246.586
8.94337,324.582
8.96738,443.392
9.0279,802.529
9.05105,892.035
9.06926,915.584
9.08894,888.772
9.1121,796.391
9.17722,412.763
9.19893,310.454
9.21735,243.089
9.23577,191.893
9.2555,151.559
9.27523,122.462
9.29826,98.409
9.31996,82.3011
9.34759,67.7432
9.37522,57.4736
9.4114,48.07
9.45481,40.5233
9.50415,34.9409
9.56993,30.4655
9.64886,27.8342
9.71201,27.2073
9.78718,27.8853
9.86235,30.173
9.92896,33.9156
9.98447,38.8095
10.04,46.1935
10.0891,56.0624
10.1241,66.2225
10.1568,79.4607
10.1849,95.3447
10.2082,113.59
10.2302,137.08
10.2526,171.095
10.2719,212.287
10.2889,261.665
10.3073,334.249
10.3266,437.425
10.347,582.838
10.3707,798.032
10.4251,1363.69
10.449,1530.82
10.4697,1580.86
10.4878,1541.95
10.5107,1394.09
10.5518,978.33
10.5831,670.022
10.6035,510.407
10.6213,402.712
10.6397,319.396
10.6564,264.353
10.6739,222.87
10.6944,190.771
10.7126,173.582
10.7307,165.161
10.7429,164.011
10.7607,168.808
10.7817,184.929
10.8045,216.672
10.8291,268.293
10.8944,448.695
10.9173,492.029
10.937,505.458
10.9587,490.749
10.9829,441.808
11.0534,228.612
11.078,169.704
11.0971,134.831
11.1156,109.14
11.1371,87.2244
11.1587,71.7241
11.1803,60.6639
11.2067,51.0767
11.2406,42.7898
11.2813,36.2652
11.3318,31.0778
11.3934,27.2257
11.4673,24.7066
11.5314,23.7566
11.5708,23.6296
11.6419,24.2353
11.7131,26.041
11.7799,29.2261
11.8356,33.5952
11.8802,38.9521
11.922,46.5748
11.9526,54.9427
11.9771,64.5148
11.9994,76.7714
12.0194,92.2005
12.0395,113.7
12.0595,143.604
12.079,183.123
12.1008,241.532
12.1264,330.105
12.1823,551.374
12.2086,622.85
12.2309,644.565
12.2554,622.073
12.2835,547.622
12.337,361.805
12.3626,294.949
12.3793,266.243
12.396,250.349
12.4079,247.072
12.427,256.398
12.4412,275.711
12.4582,314.552
12.4753,372.692
12.4937,460.274
12.5142,589.285
12.5417,811.793
12.5914,1252.65
12.6146,1396.71
12.6395,1453.45
12.6618,1404.42
12.6854,1261.91
12.7581,618.141
12.78,462.979
12.8002,351.677
12.8181,276.474
12.8343,224.461
12.8513,182.808
12.8717,146.169
12.8905,121.772
12.916,98.009
12.9416,81.3931
12.974,66.663
13.0081,55.8798
13.049,46.8775
13.0889,40.7547
13.1397,35.4943
13.2031,31.6822
13.2539,30.4132
13.2793,30.3729
13.3312,31.8119
13.3701,34.826
13.4047,39.8692
13.4336,46.8926
13.4588,56.2999
13.484,70.01
13.51,89.8308
13.5389,119.283
13.6069,203.068
13.6358,227.227
13.6594,233.89
13.6819,227.615
13.7102,204.404
13.7898,107.277
13.8158,82.4466
13.8403,64.7506
13.8655,51.6577
13.8908,42.5745
13.9196,35.6229
13.9484,31.0706
13.9802,27.8078
14.0278,24.9781
14.0754,23.6601
14.11,23.3503
14.1835,24.1272
14.2571,26.8571
14.3061,30.0827
14.353,34.7462
14.3921,40.4603
14.4311,48.9287
14.4605,58.36
14.485,69.6126
14.5094,85.9037
14.5278,103.212
14.5461,126.908
14.5645,159.392
14.5828,203.474
14.6024,266.474
14.6227,351.953
14.6494,495.403
14.7081,861.233
14.7365,983.658
14.7604,1019.14
14.7823,989.438
14.807,893.559
14.8775,485.694
14.9009,378.421
14.9205,313.607
14.9367,277.548
14.9528,256.836
14.9658,251.001
14.9819,256.962
14.998,277.749
15.0136,312.335
15.033,375.637
15.0562,480.503
15.0944,705.247
15.127,900.73
15.1531,1012.86
15.1782,1053.0
15.202,1019.13
15.2299,900.651
15.3023,451.055
15.3252,335.075
15.3456,254.161
15.3634,199.598
15.38,160.598
15.3965,130.753
15.4164,104.253
15.4347,86.4281
15.4577,70.3361
15.4806,58.8535
15.5081,48.9516
15.5387,41.0693
15.5815,33.3515
15.6243,27.9721
15.6793,23.1068
15.7481,18.972
15.8306,15.6708
15.9269,13.1378
16.0469,11.1313
16.1855,9.73947
16.3241,8.96216
16.4826,8.59449
16.5354,8.57577
16.6938,8.82934
16.8522,9.63752
16.9882,10.9951
17.0945,12.7959
17.1704,14.7844
17.2377,17.3895
17.2932,20.5305
17.3394,24.2997
17.3817,29.2922
17.4147,34.9131
17.4411,41.1754
17.4671,49.7638
17.4929,61.8105
17.5143,75.804
17.5361,95.1083
17.5592,122.896
17.5836,162.274
17.6101,217.491
17.653,329.665
17.6993,448.561
17.7262,492.65
17.7497,505.703
17.7769,488.106
17.8081,430.861
17.887,225.142
17.915,166.473
17.9388,128.286
17.9606,101.865
17.9837,81.2632
18.0035,68.3426
18.0273,57.0893
18.057,47.5411
18.0867,41.2487
18.1283,35.7375
18.1778,32.1217
18.2372,30.2605
18.257,30.0634
18.3167,30.4852
18.3914,32.9649
18.4661,37.7907
18.5303,44.4227
18.5904,53.7283
18.6402,64.9717
18.6813,78.0829
18.7225,96.6635
18.7573,119.103
18.7856,144.55
18.8139,179.725
18.8379,220.544
18.8611,273.039
18.8864,349.692
18.9134,459.145
18.9439,621.064
18.9868,909.531
19.041,1282.75
19.0691,1414.62
19.0996,1467.18
19.1247,1430.21
19.1549,1299.52
19.2072,945.24
19.2527,635.616
19.2815,478.646
19.3085,364.177
19.3342,282.225
19.3574,226.937
19.3844,179.297
19.4089,147.672
19.4397,118.517
19.4706,97.5187
19.5067,79.7312
19.5487,64.8551
19.5925,53.6723
19.6439,44.1117
19.704,36.1143
19.776,29.354
19.8481,24.5632
19.9339,20.4997
20.0317,17.2732
20.1295,15.0218
20.2539,13.079
20.3783,11.855
20.5027,11.1676
20.6271,10.9339
20.759,11.1891
20.8908,12.0882
21.0091,13.7198
21.1001,15.8812
21.1759,18.766
21.2381,22.4718
21.28,26.1668
21.3218,31.5911
21.3553,38.1164
21.3814,45.5311
21.4076,56.2304
21.4311,70.1245
21.4536,88.8531
21.4756,114.106
21.4975,148.07
21.5211,195.799
21.5477,264.727
21.6021,438.594
21.6429,557.108
21.6749,609.037
21.6906,615.575
21.7151,599.324
21.7423,547.661
21.7925,399.15
21.8333,278.292
21.8595,217.485
21.8804,181.087
21.9034,153.913
21.9222,141.431
21.941,137.546
21.9623,143.732
21.9836,162.029
22.0012,187.398
22.0218,230.082
22.0423,288.114
22.0697,389.579
22.1138,595.578
22.1587,798.464
22.1895,882.875
22.2095,899.392
22.2374,867.281
22.2699,760.037
22.3477,393.964
22.3755,288.087
22.3965,226.379
22.4162,182.452
22.4354,151.336
22.4546,130.359
22.4768,116.848
22.4971,113.1
22.5191,117.465
22.5412,130.29
22.5615,149.692
22.5869,184.168
22.6213,247.221
22.6913,393.378
22.7202,433.838
22.7481,447.997
22.7789,431.241
22.811,382.239
22.8987,191.293
22.9272,141.598
22.9526,107.413
22.9758,83.9865
22.9984,67.0648
23.0209,54.7288
23.0469,44.6974
23.0706,38.2575
23.1022,32.3119
23.1417,27.4762
23.1869,23.9522
23.2512,20.9247
23.3156,19.2206
23.3935,18.2209
23.4499,18.0112
23.5563,18.5542
23.6626,20.2838
23.7626,23.2091
23.8499,27.2249
23.9226,32.1693
23.9941,39.2744
24.0496,47.2618
24.0959,56.5476
24.1409,69.2307
24.1806,85.3198
24.2136,104.524
24.2434,129.101
24.2665,155.487
24.2897,191.081
24.3125,238.588
24.3343,299.375
24.3585,388.945
24.3823,505.008
24.4094,674.538
24.4451,954.932
24.5152,1558.89
24.5514,1765.86
24.5795,1819.2
24.6096,1758.45
24.6424,1570.48
24.7354,784.754
24.7642,585.226
24.791,439.792
24.8151,340.483
24.8369,272.987
24.8608,218.893
24.8833,182.46
24.9058,157.075
24.934,137.278
24.9568,129.004
24.9797,126.462
25.0106,130.884
25.0531,147.987
25.1196,181.009
25.1572,189.171
25.1617,189.229
25.1938,183.391
25.2321,163.735
25.3168,104.199
25.3397,92.195
25.3626,83.9322
25.3878,79.6256
25.3953,79.3239
25.4253,82.4797
25.4589,93.3424
25.5418,133.982
25.5785,144.943
25.5961,146.293
25.6269,141.801
25.656,130.277
25.721,91.1432
25.7658,65.4357
25.7983,51.2918
25.8285,41.8458
25.8565,35.8518
25.8856,31.7762
25.9148,29.2796
25.9629,27.3704
25.996,27.0841
26.0626,28.1715
26.1197,30.653
26.1764,34.7714
26.233,41.2847
26.2772,49.0537
26.3161,59.1861
26.3485,71.6115
26.3744,85.7868
26.3987,104.341
26.423,130.405
26.4449,162.947
26.4662,205.899
26.4873,262.234
26.511,346.143
26.5353,457.592
26.5645,626.709
26.6228,1043.31
26.6638,1314.27
26.6984,1452.76
26.7197,1477.64
26.7476,1434.04
26.7783,1297.37
26.8302,942.145
26.8766,616.563
26.9058,450.391
26.9295,343.424
26.9533,260.971
26.9751,203.879
26.997,161.436
27.0165,133.369
27.041,107.689
27.0643,90.7156
27.0909,77.5206
27.1108,70.8478
27.1374,65.3232
27.163,63.1723
27.1715,63.1152
27.1971,64.9445
27.2276,71.1764
27.2617,83.4722
27.3093,108.298
27.3715,142.341
27.4095,153.89
27.4241,155.069
27.4554,150.866
27.4866,138.301
27.5422,103.545
27.594,70.5424
27.6275,53.7617
27.658,42.4171
27.686,34.9891
27.7135,30.0231
27.7409,26.8584
27.7686,25.1269
27.7854,24.7039
27.8188,25.213
27.8482,27.2505
27.8776,30.9871
27.9115,37.6317
27.951,48.3642
28.029,72.0848
28.0642,78.6632
28.0891,80.0742
28.1225,77.3036
28.16,68.7345
28.2493,40.4024
28.2832,31.8157
28.3168,25.5957
28.349,21.5917
28.3758,19.4162
28.4109,17.723
28.4515,16.8419
28.4798,16.6804
28.5419,17.1874
28.6097,18.836
28.6791,21.8705
28.7337,25.692
28.7793,30.5002
28.8162,36.2365
28.8458,42.7938
28.8753,52.1799
28.8991,62.864
28.9228,77.6819
28.9466,98.3153
28.9698,126.12
28.992,161.733
29.0162,213.147
29.0424,284.941
29.0759,402.224
29.1603,750.46
29.1979,857.125
29.2297,888.164
29.257,864.947
29.287,791.29
29.3313,621.701
29.391,375.996
29.42,278.782
29.444,214.533
29.468,164.57
29.4915,127.838
29.5129,102.979
29.5367,82.8239
29.5607,68.3765
29.5853,58.0733
29.6099,50.9152
29.6394,45.1687
29.669,41.5618
29.7083,39.0937
29.7367,38.6467
29.7717,39.5569
29.8067,42.3274
29.8417,47.6539
29.8723,55.4784
29.8993,66.078
29.9247,80.694
29.9501,101.531
29.9741,128.707
29.9988,166.091
30.0262,220.35
30.0584,301.745
30.1522,585.04
30.1839,651.44
30.2161,679.417
30.2197,679.691
30.2471,662.686
30.2765,610.477
30.3239,477.153
30.3821,299.535
30.4131,222.041
30.4385,172.011
30.4622,136.111
30.4869,108.665
30.5116,89.8233
30.5364,78.0393
30.5611,72.0173
30.5797,70.6851
30.6034,72.4244
30.6283,77.8412
30.6656,91.4177
30.7453,127.627
30.7861,138.676
30.8057,140.018
30.8379,135.935
30.878,121.112
30.9793,66.0628
31.0166,50.1459
31.0477,40.4587
31.0776,34.0089
31.1013,30.5875
31.1367,27.7109
31.1585,27.0641
31.1921,27.5621
31.2257,29.9815
31.2509,33.3581
31.2803,39.5829
31.3068,48.0485
31.33,58.3616
31.3532,72.0145
31.3826,94.8914
31.4167,129.648
31.4736,202.763
31.5281,269.751
31.5662,297.662
31.5893,302.566
31.6197,293.944
31.6519,268.028
31.7076,198.449
31.7615,128.675
31.7955,93.132
31.8209,72.3247
31.8469,55.8094
31.8729,43.4667
31.8995,34.2683
31.9274,27.4202
31.9552,22.5838
31.9837,19.0569
32.0183,16.0262
32.0617,13.4377
32.105,11.6434
32.162,9.99276
32.2331,8.59649
32.3328,7.34549
32.4329,6.56256
32.583,5.90369
32.7446,5.66205
32.756,5.66148
32.8771,5.81332
32.9679,6.19389
33.0439,6.85558
33.101,7.80097
33.141,8.94213
33.1753,10.4969
33.2061,12.6268
33.2344,15.4657
33.2627,19.4414
33.2929,25.2548
33.3272,33.9906
33.3729,48.7378
33.4369,70.3375
33.4702,78.3567
33.5055,81.9855
33.51,82.0324
33.5447,79.2039
33.5808,71.0337
33.6848,36.8885
33.7191,27.8461
33.7491,21.8069
33.7782,17.5071
33.8076,14.4633
33.8384,12.3336
33.8744,10.8013
33.9053,10.0254
33.9464,9.47234
34.0059,9.26211
34.0655,9.51477
34.1386,10.4332
34.1928,11.7745
34.2362,13.5998
34.2738,16.1133
34.3098,19.7363
34.3406,24.1133
34.3737,30.354
34.4194,41.5132
34.5038,64.7451
34.549,73.3554
34.5901,76.5173
34.5974,76.6217
34.6796,73.9105
34.7104,75.2981
34.7366,80.1489
34.764,90.5559
34.7868,104.615
34.8119,126.827
34.8393,160.019
34.8735,214.871
34.9327,334.801
34.9843,434.79
35.0237,481.956
35.0494,491.342
35.08,478.276
35.1133,437.012
35.1696,327.511
35.2259,212.47
35.2611,154.26
35.2875,120.021
35.3139,93.5829
35.3409,73.5599
35.3644,60.8347
35.3925,49.983
35.4207,42.6778
35.4535,37.255
35.4817,34.4402
35.5239,32.3879
35.538,32.158
35.5772,32.5585
35.6262,35.3302
35.6654,39.9934
35.6948,45.7011
35.7236,54.1234
35.7489,64.8623
35.7741,80.063
35.7993,101.325
35.8224,127.765
35.8471,164.939
35.8718,212.8
35.9042,292.863
35.949,431.08
36.0118,635.477
36.0505,725.648
36.0869,759.233
36.0898,759.414
36.1229,735.067
36.162,651.556
36.266,321.788
36.2999,233.673
36.3288,175.591
36.3542,136.559
36.3797,107.554
36.4023,88.6847
36.4271,73.9038
36.4503,64.2598
36.4814,56.0934
36.5124,51.7985
36.5434,50.4176
36.5796,52.0559
36.6067,55.7974
36.6383,63.7157
36.6655,74.7108
36.6881,87.9651
36.7145,109.81
36.741,140.444
36.7675,181.967
36.7969,242.803
36.8279,324.379
36.8829,503.098
36.9401,685.673
36.9778,764.241
37.0097,786.723
37.0469,756.219
37.0884,660.229
37.19,330.8
37.2244,241.207
37.2522,185.02
37.2788,144.395
37.3044,115.777
37.33,95.7576
37.352,84.163
37.3739,76.7826
37.4002,72.637
37.4097,72.2869
37.4311,73.649
37.4548,78.7501
37.4785,87.9858
37.5023,101.937
37.5296,124.685
37.5604,160.079
37.5937,210.036
37.6518,319.79
37.7076,423.651
37.7439,469.123
37.7794,484.69
37.818,465.154
37.8571,411.621
37.9651,203.003
38.0014,146.775
38.0304,111.689
38.0586,85.7903
38.0847,67.8922
38.1108,54.6873
38.1402,44.0744
38.1717,36.2497
38.2073,30.3122
38.2429,26.336
38.2903,22.8588
38.3497,20.2058
38.4136,18.577
38.4774,17.7805
38.52,17.6149
38.5926,17.9597
38.6652,19.1977
38.7344,21.5912
38.7805,24.3103
38.8266,28.6467
38.8635,34.0661
38.898,41.64
38.9292,51.4468
38.9603,65.1127
38.992,84.14
39.0254,111.07
39.0571,144.19
39.0934,192.141
39.1371,264.341
39.2111,414.883
39.2817,553.781
39.3259,605.287
39.3502,613.839
39.391,591.82
39.436,519.555
39.5473,259.332
39.5818,194.973
39.6096,155.462
39.6374,127.219
39.6595,112.386
39.6856,102.658
39.7074,100.347
39.7338,103.646
39.7658,115.002
39.8159,143.101
39.8799,179.882
39.9232,192.545
39.9352,193.298
39.9688,188.459
40.0081,171.061
40.0771,123.001
40.1322,85.2785
40.1682,66.0615
40.1998,53.4985
40.2283,45.2749
40.2603,38.9747
40.3004,34.3409
40.3484,31.8805
40.3884,31.4065
40.4605,32.6852
40.5496,36.9803
40.6238,42.9599
40.6981,52.0218
40.7571,62.6512
40.8063,75.2709
40.8456,89.3017
40.8835,108.093
40.9187,132.722
40.9503,164.057
40.9777,201.539
41.0023,246.482
41.0269,305.495
41.0542,392.364
41.0813,504.879
41.1115,667.162
41.1463,904.919
41.1983,1346.15
41.2671,1952.02
41.3118,2219.99
41.3495,2297.92
41.3815,2241.94
41.4163,2064.23
41.4736,1597.56
41.5411,1000.4
41.5783,729.596
41.6099,548.052
41.6359,431.404
41.6605,345.113
41.6851,278.575
41.713,222.341
41.7428,179.651
41.7692,152.964
41.8023,130.632
41.8363,117.355
41.8675,112.012
41.8778,111.49
41.9101,113.433
41.9586,124.691
42.0508,156.032
42.1006,164.078
42.1052,164.161
42.1477,158.975
42.1938,142.161
42.3126,78.9071
42.3558,60.7997
42.3944,49.0189
42.4348,40.6825
42.4752,35.49
42.5259,32.0296
42.5812,30.7994
42.6363,31.5233
42.6913,34.3375
42.7369,39.0652
42.7724,45.2856
42.8035,53.6531
42.8302,64.0371
42.8568,78.553
42.8852,100.009
42.9101,125.477
42.9401,165.779
42.9734,224.462
43.0134,313.599
43.1056,547.68
43.1474,622.969
43.1866,650.762
43.1895,650.89
43.2286,626.594
43.2722,550.181
43.3843,269.016
43.4188,198.707
43.4476,151.81
43.4726,119.879
43.4976,95.0803
43.5226,76.2702
43.5498,61.1995
43.5765,50.5842
43.6076,41.9166
43.6431,35.3237
43.6794,30.9316
43.7274,27.3314
43.785,25.0538
43.8514,24.3211
43.9144,25.4191
43.9564,27.4757
43.9984,31.2475
44.0276,35.4392
44.0602,42.4595
44.0888,51.4604
44.1174,64.1015
44.146,81.4162
44.1763,105.984
44.2113,143.198
44.255,202.475
44.3483,343.633
44.3927,388.347
44.4297,401.01
44.4673,387.719
44.5117,342.494
44.6295,166.832
44.668,120.935
44.7006,91.0308
44.731,70.2572
44.7575,56.7898
44.7878,45.6899
44.8144,38.8562
44.8426,33.7543
44.8736,30.0205
44.9046,27.6845
44.946,26.154
44.9667,25.9571
45.0049,26.5769
45.0402,28.4495
45.0754,31.9499
45.1106,37.62
45.1458,46.0849
45.181,57.8778
45.2238,76.8776
45.3345,137.223
45.3717,152.211
45.414,159.997
45.421,160.178
45.4562,156.223
45.5055,138.914
45.6225,78.8163
45.659,64.1899
45.6942,53.7369
45.7231,47.7608
45.7571,43.3787
45.7964,41.2406
45.8082,41.1189
45.8514,42.4672
45.8926,46.3312
45.9318,52.7728
45.9661,61.5103
46.0004,74.567
46.0298,90.7943
46.056,110.789
46.0834,139.044
46.1109,176.866
46.1392,228.163
46.1709,302.327
46.2089,415.682
46.2784,670.526
46.332,858.33
46.3769,960.465
46.4106,985.292
46.447,956.411
46.4904,855.785
46.6135,427.498
46.6513,323.292
46.6829,257.018
46.7134,211.117
46.7439,181.001
46.7682,166.965
46.7981,160.714
46.8247,164.786
46.8512,178.142
46.8822,206.763
46.9132,251.949
46.9405,308.203
46.9728,397.904
47.0065,520.915
47.0491,717.779
47.1534,1270.98
47.1968,1429.55
47.2393,1485.29
47.2741,1446.92
47.311,1330.43
47.3706,1033.76
47.4434,640.75
47.4828,466.388
47.5168,347.616
47.5466,267.404
47.5765,206.473
47.6063,161.254
47.6368,127.491
47.6687,102.105
47.7042,82.1964
47.7397,68.1252
47.7823,56.1657
47.8334,46.184
47.8895,38.5197
47.9569,32.0277
48.0378,26.6131
48.1344,22.1992
48.2408,18.9031
48.3473,16.651
48.4842,14.759
48.6392,13.5437
48.7943,13.0547
48.846,13.0322
49.001,13.3799
49.156,14.4245
49.2926,16.1165
49.3925,18.0362
49.4924,20.918
49.5716,24.4992
49.629,28.5554
49.6749,33.43
49.7157,39.6738
49.7599,49.3182
49.8041,62.7061
49.8563,83.6214
49.9927,148.079
50.0804,176.998
50.141,197.997
50.1806,223.044
50.2157,260.748
50.2444,307.623
50.2747,377.39
50.3061,475.638
50.3442,633.187
50.3913,883.455
50.4902,1468.47
50.5386,1661.19
50.5795,1716.82
50.6141,1676.11
50.6518,1547.4
50.7139,1207.41
50.793,732.713
50.8348,528.939
50.8691,397.91
50.9003,305.541
50.9322,234.069
50.9588,189.168
50.9877,152.246
51.0182,123.489
51.0486,102.299
51.0851,83.841
51.1308,67.7908
51.1764,56.6273
51.2373,46.3004
51.2981,39.1616
51.359,34.0391
51.4473,28.944
51.5267,25.9953
51.606,24.1953
51.6854,23.404
51.7251,23.3982
51.8125,24.53
51.878,26.9468
51.9235,30.0504
51.9589,33.8456
51.9943,39.5276
52.0298,48.0219
52.0593,58.1305
52.0888,71.8902
52.1207,91.8628
52.1526,118.065
52.1915,159.222
52.2447,229.859
52.3415,370.652
52.4034,437.378
52.4714,477.627
52.6228,514.292
52.6292,514.461
52.6949,496.286
52.7497,444.911
52.8158,345.818
52.8914,222.983
52.9332,168.307
52.9667,135.331
52.9986,113.317
53.0252,101.396
53.0527,94.3354
53.0894,91.4293
53.1353,94.3075
53.2206,102.202
53.2326,102.411
53.2849,98.9979
53.3349,89.5656
53.4427,62.6381
53.484,56.0172
53.5161,54.1059
53.5426,55.2319
53.5691,59.2576
53.5955,66.6492
53.622,77.901
53.6498,94.3564
53.6831,120.956
53.7226,162.209
53.7892,249.892
53.8535,333.868
53.8942,370.803
53.939,386.083
53.9737,377.006
54.0195,339.624
54.0855,254.235
54.1516,165.06
54.191,121.293
54.2261,90.6674
54.2568,70.1201
54.2884,54.3039
54.3199,42.8746
54.3515,34.8027
54.3866,28.6787
54.4216,24.6177
54.4567,21.9312
54.4918,20.1642
54.5385,18.7662
54.5953,18.0965
54.6143,18.0814
54.6776,18.7982
54.7198,20.0815
54.762,22.3269
54.8018,25.7961
54.839,30.9022
54.8716,37.5468
54.9042,47.0288
54.9371,60.3861
54.9669,76.525
55.0017,100.92
55.0427,137.582
55.1234,226.755
55.183,287.505
55.2257,314.75
55.26,321.904
55.3042,310.074
55.3544,271.949
55.4798,137.165
55.5208,101.924
55.5543,79.5729
55.5878,62.8734
55.6211,51.1996
55.6544,43.5932
55.6877,39.3108
55.721,37.8413
55.755,39.0259
55.7889,43.0438
55.8229,50.3326
55.8568,61.5503
55.889,76.4717
55.9266,99.7503
55.9742,138.252
56.0891,246.884
56.1396,278.647
56.18,287.175
56.2204,278.69
56.2709,247.127
56.3984,128.852
56.4388,98.2385
56.4764,76.2861
56.5108,61.5249
56.5411,52.2173
56.5789,44.5227
56.6092,40.8309
56.6469,38.5445
56.6693,38.145
56.7142,39.1342
56.7591,42.374
56.804,48.2387
56.8474,57.4808
56.8822,68.74
56.9126,82.8072
56.943,102.473
56.9709,127.249
57.0016,164.334
57.0324,214.525
57.0628,279.883
57.0975,376.323
57.1394,524.206
57.2185,868.257
57.2781,1110.61
57.3223,1226.53
57.3594,1259.39
57.4032,1214.55
57.4518,1072.11
57.5837,509.522
57.6247,367.639
57.6585,275.35
57.6889,210.906
57.7193,161.825
57.7472,127.951
57.772,105.041
57.8012,84.8334
57.8316,69.5405
57.8664,57.1564
57.9011,48.4687
57.9469,40.6491
58.002,34.5929
58.0682,30.2278
58.1379,27.8746
58.1889,27.3418
58.2429,27.9286
58.2996,30.218
58.3422,33.6305
58.3847,39.3474
58.4202,46.7695
58.4556,57.6973
58.4876,71.5969
58.5195,90.4349
58.5549,118.363
58.5939,158.621
58.6429,222.833
58.7564,391.295
58.8069,441.061
58.8493,455.296
58.8863,444.314
58.9266,409.618
58.9862,328.49
59.0734,196.591
59.1192,140.328
59.1561,104.938
59.1887,80.8299
59.2206,62.9393
59.2493,50.7996
59.2812,40.7612
59.3153,33.0512
59.3493,27.5466
59.3919,22.7499
59.4387,19.1766
59.4884,16.5726
59.5593,14.092
59.6444,12.2292
59.7444,10.9588
59.8443,10.3546
59.911,10.2577
60.016,10.6123
60.086,11.2704
60.156,12.4167
60.2168,14.0312
60.2683,16.1595
60.3133,18.9974
60.3519,22.6249
60.3841,26.9512
60.4182,33.4402
60.4501,41.9803
60.4819,53.7566
60.5147,70.2435
60.5463,91.1384
60.5823,121.9
60.6248,167.73
60.7522,333.02
60.8006,377.353
60.8461,393.725
60.8494,393.809
60.8912,381.827
60.9401,340.616
61.0199,238.344
61.0817,159.399
61.1241,115.302
61.1598,86.2657
61.1917,66.3082
61.2207,52.409
61.2515,41.2567
61.2824,33.0889
61.3133,27.1664
61.3506,22.1488
61.3893,18.6299
61.4343,15.8939
61.4858,13.8782
61.5501,12.3587
61.6223,11.4932
61.6946,11.3013
61.7683,11.8209
61.8175,12.7192
61.8667,14.336
61.9014,16.1641
61.9366,18.9346
61.9718,23.073
62.002,28.1754
62.0322,35.2294
62.0635,45.206
62.0914,56.9168
62.1249,75.0233
62.1635,101.719
62.2166,147.779
62.3116,237.385
62.3608,269.976
62.4051,281.801
62.41,281.925
62.4529,272.867
62.495,248.239
62.5682,183.239
62.6364,121.134
62.676,92.0483
62.7096,73.0938
62.7376,61.3545
62.7658,53.1578
62.7884,49.0892
62.811,47.1096
62.8223,46.8712
62.8504,48.3664
62.8785,52.734
62.9136,62.0376
62.9538,77.4961
63.0176,109.825
63.0955,150.687
63.1399,166.865
63.188,173.349
63.2268,168.973
63.2768,151.791
63.3547,109.645
63.4211,72.8131
63.4642,53.2044
63.5025,39.5292
63.536,30.3698
63.5679,23.7662
63.5998,18.8534
63.6343,15.0147
63.6701,12.2098
63.7109,10.0072
63.7518,8.50055
63.8083,7.10447
63.8686,6.11682
63.9548,5.1831
64.0582,4.45678
64.1859,3.87663
64.3136,3.49581
64.5051,3.14019
64.6838,2.95197
64.9137,2.84192
65.0286,2.82959
65.3516,2.92661
65.6746,3.23081
65.9621,3.73593
66.1786,4.34221
66.3589,5.08418
66.5321,6.11872
66.6836,7.44104
66.8134,9.08111
66.9289,11.1825
67.0299,13.8414
67.1092,16.8168
67.1741,20.1984
67.2347,24.6135
67.2867,29.9996
67.33,36.3486
67.3704,44.7142
67.4064,55.2273
67.4425,69.9877
67.4714,86.055
67.5002,107.141
67.5291,134.554
67.5637,177.725
67.5983,234.123
67.6402,321.771
67.6907,454.68
67.8032,788.361
67.8534,895.929
67.9019,940.846
67.9099,941.719
67.9516,915.815
67.9937,842.4
68.0629,653.675
68.151,393.305
68.1957,285.441
68.2346,211.257
68.2678,162.228
68.2967,128.986
68.3255,103.126
68.3558,82.4364
68.3883,65.9902
68.4208,53.97
68.4568,44.3425
68.495,37.1412
68.5362,31.7124
68.5878,27.302
68.629,25.2357
68.6797,24.3219
68.7212,25.0055
68.7581,26.8426
68.8076,31.3367
68.8595,38.5337
68.9932,62.2475
69.0439,68.1798
69.0826,69.7622
69.1343,67.3086
69.1868,60.0365
69.3323,30.8844
69.3816,23.0236
69.4208,18.2537
69.4611,14.6261
69.5014,12.0791
69.5418,10.3536
69.5879,9.08622
69.6392,8.24641
69.7161,7.62594
69.793,7.43079
69.8863,7.56631
69.9796,8.10067
70.0496,8.86138
70.1196,10.154
70.1662,11.5477
70.2079,13.4308
70.2444,15.8719
70.2809,19.4504
70.3121,23.8237
70.3439,29.9686
70.3768,38.6657
70.4096,50.3503
70.4461,67.4881
70.4873,92.5795
70.5415,134.234
70.6416,219.711
70.6979,254.501
70.7464,266.708
70.7536,266.881
70.8021,257.104
70.8584,226.033
70.9627,151.077
71.0001,131.256
71.0247,122.634
71.0576,117.665
71.0905,120.764
71.1233,132.072
71.1612,154.72
71.2142,200.326
71.3187,301.553
71.3735,334.275
71.4094,340.466
71.4557,328.611
71.5013,297.331
71.5812,215.053
71.6497,142.58
71.6925,105.155
71.7285,80.0516
71.7627,61.4948
71.7947,48.4223
71.8266,38.8379
71.8586,32.117
71.8902,27.7467
71.9138,25.7052
71.9453,24.3845
71.961,24.2779
71.9925,25.134
72.0281,27.8553
72.0637,32.5749
72.1037,40.486
72.1473,52.3514
72.2072,73.4765
72.3116,113.146
72.3645,126.293
72.4094,129.997
72.4513,126.463
72.5001,114.65
72.5796,84.7051
72.6537,55.8261
72.7018,40.7599
72.7386,31.8445
72.7747,25.3018
72.8057,21.2758
72.8367,18.539
72.8676,16.9415
72.9021,16.3685
72.9251,16.6511
72.9573,17.9272
72.9895,20.2463
73.0298,24.6512
73.0712,30.907
73.1344,43.2431
73.2265,62.3965
73.2757,69.6228
73.3265,72.5684
73.3294,72.577
73.3806,69.8746
73.4393,61.1057
73.5719,33.8464
73.6156,26.8299
73.6538,22.393
73.6866,19.9686
73.7194,18.8553
73.7303,18.7799
73.7615,19.3941
73.7927,21.2682
73.824,24.4466
73.8604,29.8408
73.9019,38.1637
73.9672,54.9546
74.0584,79.6124
74.1092,89.0022
74.1593,92.321
74.2043,89.5448
74.2616,79.0588
74.4111,38.2765
74.4533,28.9545
74.4949,21.7571
74.5295,17.2186
74.5641,13.8319
74.5988,11.385
74.6392,9.4346
74.6796,8.17982
74.7142,7.4851
74.772,6.82963
74.8474,6.53851
74.8652,6.53234
74.9362,6.69451
75.0072,7.15581
75.0782,8.01242
75.1375,9.2287
75.185,10.786
75.2266,12.8645
75.2622,15.4724
75.2979,19.1974
75.3323,24.2727
75.3644,30.7202
75.3965,39.2479
75.4321,51.625
75.4701,68.5839
75.5153,93.7676
75.6507,183.846
75.7006,208.107
75.7524,219.078
75.76,219.26
75.8075,211.979
75.855,191.789
75.9334,141.653
76.0107,90.793
76.0552,66.8845
76.0944,50.2864
76.1271,39.5593
76.158,31.7259
76.1936,25.0185
76.2293,20.2808
76.2649,17.009
76.3065,14.497
76.3481,12.9309
76.4015,11.7932
76.4728,11.1936
76.5025,11.1512
76.5915,11.5841
76.6707,12.6714
76.7301,14.0507
76.7894,16.1779
76.8427,19.1402
76.8853,22.7034
76.9226,27.189
76.9599,33.565
76.9959,42.2499
77.0278,52.7891
77.0638,68.74
77.0984,89.1173
77.1357,117.443
77.1803,160.568
77.2436,236.639
77.3408,360.093
77.3989,410.808
77.4504,426.607
77.5033,410.189
77.5645,356.032
77.703,187.398
77.7496,142.414
77.7903,112.745
77.8305,91.8707
77.8648,79.8822
77.8991,72.1715
77.9448,66.7315
78.0061,64.7217
78.0793,66.6035
78.1232,70.1145
78.1689,77.4593
78.2055,87.9317
78.2415,104.267
78.2764,127.783
78.3107,160.206
78.3475,206.932
78.3913,279.462
78.452,407.196
78.5549,639.052
78.6123,725.481
78.6597,749.705
78.7082,724.224
78.7651,637.535
78.914,305.972
78.9583,226.4
78.9973,172.259
79.0293,139.203
79.0613,115.704
79.0933,100.949
79.1207,94.6292
79.1389,93.4121
79.1664,95.7907
79.1973,104.1
79.236,122.08
79.2824,152.978
79.4138,259.116
79.4671,286.885
79.5095,294.219
79.5615,283.24
79.6182,249.864
79.7449,147.351
79.7887,119.98
79.8252,104.495
79.854,97.6838
79.8767,95.8672
79.9085,98.789
79.9357,106.451
79.9721,124.054
80.0138,154.238
80.0669,205.689
80.1867,338.191
80.2446,381.179
80.294,393.661
80.3468,379.668
80.4013,340.572
80.5182,229.173
80.5591,200.427
80.5989,184.576
80.6224,182.03
80.6459,185.193
80.6773,199.015
80.7087,224.567
80.7449,269.343
80.7859,340.002
80.8369,454.325
80.9675,797.866
81.0259,904.305
81.0789,938.502
81.1262,911.039
81.1803,819.362
81.2692,587.083
81.3459,382.923
81.3961,274.608
81.4386,202.87
81.4759,154.665
81.512,119.198
81.5427,96.194
81.5769,76.8351
81.6134,61.6915
81.6544,49.5565
81.7,40.2122
81.7524,32.8999
81.8003,28.226
81.8641,23.8078
81.9439,20.0535
82.0394,17.102
82.1586,14.8819
82.2777,13.8254
82.3253,13.7132
82.3965,13.9631
82.4671,14.9628
82.526,16.8132
82.5729,19.4314
82.6136,22.9666
82.6542,28.1559
82.6949,35.5099
82.7355,45.5018
82.7802,59.8476
82.8413,84.8935
82.9624,139.963
83.0162,156.906
83.0707,163.53
83.0743,163.543
83.1311,156.867
83.1898,138.674
83.3158,87.2141
83.3598,73.211
83.3928,65.6957
83.4342,60.529
83.4521,59.8926
83.4821,61.1925
83.518,67.0207
83.554,78.1431
83.5899,95.404
83.6256,119.516
83.6665,156.823
83.7075,204.966
83.766,290.84
83.8859,485.802
83.9485,554.648
83.9995,573.577
84.0521,553.13
84.1082,491.848
84.2186,312.639
84.2837,212.688
84.3313,154.249
84.3722,115.089
84.4088,88.2674
84.4453,68.0153
84.4819,53.073
84.5148,43.1512
84.5506,35.1982
84.5916,28.7347
84.6376,23.7367
84.6876,20.0712
84.7502,17.0459
84.8218,14.8952
84.8935,13.666
84.9651,13.2083
85.0202,13.4621
85.0745,14.4727
85.118,16.1305
85.1507,18.1177
85.1887,21.5819
85.2239,26.2688
85.2586,32.7267
85.2933,41.4525
85.333,54.7117
85.3776,74.2407
85.4321,104.418
85.5599,183.988
85.618,208.45
85.6695,215.934
85.7141,210.126
85.7713,187.638
85.8616,132.308
85.9376,85.4256
85.9823,63.0148
86.0236,46.5936
86.0599,35.479
86.0929,27.7621
86.126,21.9399
86.159,17.6312
86.1921,14.4841
86.2306,11.8851
86.2692,10.0915
86.3154,8.63206
86.3617,7.64721
86.4311,6.68138
86.5236,5.90431
86.6393,5.35843
86.7927,5.05873
86.8438,5.04516
86.9497,5.17166
87.0203,5.42426
87.0908,5.93041
87.1493,6.71106
87.1955,7.73645
87.236,9.08908
87.2765,11.0363
87.3193,13.9405
87.3639,18.0888
87.4084,23.5065
87.4709,33.0701
87.5843,52.1399
87.6398,58.8464
87.698,61.6826
87.7008,61.6937
87.7555,59.593
87.8157,52.9066
87.9684,29.0676
88.017,23.1959
88.0598,19.4318
88.1003,17.1242
88.1324,16.1349
88.1643,15.8607
88.1961,16.2727
88.2279,17.3671
88.268,19.7237
88.3162,24.0292
88.3726,30.9753
88.5404,56.8413
88.6134,64.3954
88.6944,67.501
88.7771,69.0371
88.8277,73.4042
88.8702,81.9482
88.9064,94.4388
88.9426,113.097
88.9836,142.979
89.0245,183.126
89.0727,243.381
89.2231,470.506
89.2816,532.821
89.3392,555.511
89.34,555.514
89.3867,540.731
89.4423,488.889
89.5328,356.726
89.6117,239.032
89.6636,177.371
89.7037,141.466
89.7359,120.497
89.768,106.202
89.8013,97.9995
89.8313,95.8892
89.8642,98.7668
89.9096,110.379
89.9687,135.24
90.0755,187.352
90.1355,206.08
90.1736,209.927
90.2236,204.132
90.2845,182.065
90.3913,122.259
90.462,84.4942
90.5105,64.4323
90.5482,52.8664
90.5858,44.8569
90.6181,40.7358
90.6504,39.0576
90.6611,39.0306
90.6911,40.3465
90.721,43.7201
90.7609,51.478
90.8008,63.0157
90.8507,82.5668
90.9255,120.117
91.0215,169.238
91.0801,188.856
91.1293,194.337
91.1799,188.199
91.2298,171.611
91.3121,129.985
91.4018,82.2218
91.4536,59.8886
91.4948,45.9203
91.5353,35.3638
91.5727,28.0939
91.6101,22.7728
91.6475,18.9732
91.6911,15.9548
91.741,13.7816
91.8034,12.2476
91.8782,11.3817
91.9584,11.1054
92.0495,11.3047
92.1708,12.2512
92.2922,14.0419
92.3984,16.5715
92.4818,19.5393
92.5501,22.9952
92.6183,27.9682
92.6757,34.0884
92.7248,41.6467
92.7685,51.1427
92.8067,62.576
92.8431,77.209
92.8795,96.6688
92.9196,125.229
92.9614,165.014
93.0051,219.233
93.0561,300.109
93.127,440.363
93.2362,668.756
93.2887,748.999
93.3498,791.668
93.3599,792.512
93.4124,767.971
93.4656,698.866
93.5529,525.511
93.6457,332.269
93.7003,239.666
93.7477,176.837
93.7859,137.527
93.8259,105.918
93.8623,84.2242
93.8987,67.8418
93.9406,53.9926
93.9861,43.3021
94.0316,35.7276
94.0844,29.5058
94.1481,24.3053
94.2245,20.0582
94.3046,16.9961
94.4092,14.2759
94.5139,12.4671
94.6376,11.0927
94.7576,10.3227
94.9176,9.97582
95.0426,10.2165
95.1676,10.9768
95.2926,12.454
95.3864,14.2943
95.461,16.4971
95.5331,19.6878
95.5908,23.5214
95.6414,28.4501
95.6871,34.9274
95.7255,42.6057
95.764,53.1679
95.8025,67.636
95.841,87.2081
95.8795,113.156
95.9196,148.212
95.9677,202.224
96.0302,291.161
96.1713,517.341
96.2271,579.465
96.2874,605.622
96.2899,605.653
96.3362,590.928
96.399,529.162
96.4953,379.492
96.5818,242.691
96.6316,178.918
96.6765,133.311
96.7166,101.87
96.7526,80.1512
96.7887,63.6227
96.8272,50.5522
96.8657,41.0759
96.909,33.541
96.9571,27.8693
96.9989,24.5305
97.0545,21.6711
97.0963,20.4561
97.152,19.9596
97.2077,20.8785
97.2553,23.0559
97.3047,27.0134
97.354,33.021
97.4039,41.3367
97.4771,57.0138
97.5885,82.403
97.6573,92.5652
97.7084,94.9256
97.7743,90.9363
97.8672,75.9676
97.9566,60.9178
98.0019,56.579
98.0267,55.7632
98.064,57.1331
98.1012,62.1982
98.141,72.4601
98.1807,88.5975
98.2205,111.446
98.2646,145.395
98.319,199.797
98.4128,316.911
98.4987,420.686
98.5534,465.027
98.6094,481.384
98.6583,468.634
98.7149,425.359
98.8024,320.491
98.8962,201.408
98.9503,145.132
98.9948,108.387
99.0361,81.8836
99.0743,63.1784
99.1124,49.0678
99.1506,38.6034
99.1904,30.6449
99.2301,24.8806
99.2683,20.8177
99.3128,17.3393
99.3684,14.2519
99.4241,12.0501
99.4909,10.1267
99.5743,8.39875
99.6745,6.93044
99.7877,5.77366
99.8842,5.08678
99.9614,4.69751
100.0,4.54941
100.0,122.981
119.553,111.242
125.0,107.971
149.441,97.2329
150.0,96.9874
179.329,88.1908
200.0,81.9912
239.106,73.3843
250.0,70.9866
298.883,64.1308
300.0,63.9741
350.0,58.1353
400.0,53.4751
478.212,48.3969
500.0,46.9823
597.765,42.0959
600.0,41.9842
717.318,38.167
800.0,35.4768
956.424,31.9618
1000.0,30.9827
1195.53,27.8112
1250.0,26.9277
1494.41,24.0548
1500.0,23.9892
1750.0,21.7626
2000.0,19.9926
2391.06,18.0408
2500.0,17.4971
2988.82,15.542
3000.0,15.4973
3500.0,14.1032
4000.0,12.9943
4782.12,11.5893
5000.0,11.1979
5977.65,10.0459
6000.0,10.0195
7000.0,9.05812
8000.0,8.29731
9564.24,7.52265
10000.0,7.30685
11955.3,6.58413
12500.0,6.3828
14944.1,5.73012
15000.0,5.7152
17500.0,5.18415
20000.0,4.76438
22000.0,4.51839
25000.0,3.91545
29888.2,3.42647
30000.0,3.41529
35000.0,3.1071
40000.0,2.86334
47821.2,2.54964
50000.0,2.46225
59776.5,2.2161
60000.0,2.21047
70000.0,2.06056
80000.0,1.90974
90000.0,1.789
100000.0,1.70919
100000.0,1.69997
290535.0,0.959427
355960.0,0.762847
418780.0,0.661672
500000.0,0.569013
800000.0,0.421531
1097760.0,0.344592
1537500.0,0.258325
2000000.0,0.186515
2684500.0,0.10289
3031250.0,0.0756697
3500000.0,0.0477804
4424400.0,0.0180263
4923900.0,0.0106411
5485900.0,0.00599687
6000000.0,0.00371903
6500000.0,0.0024529
7000000.0,0.00158531
7613400.0,9.80419E-4
8000000.0,7.33549E-4
8750000.0,4.3208E-4
9000000.0,3.66555E-4
9500000.0,3.16559E-4
1.05E7,3.08372E-4
1.15E7,3.79325E-4
1.275E7,5.59433E-4
1.41E7,7.75018E-4
1.6E7,9.82416E-4
2.0E7,0.00109158

