66-Dy-164(n,&gamma;) ENDF/B-VII.1
1.0E-5,137189.0
1.31241E-5,119752.0
1.70876E-5,104948.0
2.2426E-5,91608.9
2.91987E-5,80283.8
3.83206E-5,70078.8
4.98935E-5,61415.2
6.54808E-5,53608.4
8.52562E-5,46981.2
1.11891E-4,41008.7
1.45682E-4,35937.9
1.91195E-4,31369.5
2.48937E-4,27490.2
3.26707E-4,23993.6
4.25373E-4,21025.5
5.58264E-4,18350.3
7.26861E-4,16079.8
9.53941E-4,14032.6
0.00124203,12293.7
0.00163006,10727.0
0.00212234,9395.77
0.00278538,8195.35
0.00362657,7175.26
0.00475955,6258.97
0.00619694,5477.91
0.00813293,4775.29
0.0105891,4182.21
0.0138972,3634.9
0.0180942,3171.2
0.0234661,2774.05
0.0253,2666.34
0.0346825,2252.1
0.0474582,1896.61
0.0617907,1640.32
0.0810948,1402.89
0.105586,1197.9
0.138572,1015.12
0.18042,852.342
0.226242,727.785
0.29569,596.854
0.368577,500.336
0.462184,412.162
0.552555,349.031
0.691383,279.525
0.863375,220.081
1.01019,183.337
1.1924,149.221
1.41167,119.445
1.63307,97.4479
1.93453,76.0884
2.23031,61.0884
2.53684,49.6595
2.84338,40.9758
3.21122,33.187
3.64036,26.5156
4.19213,20.4843
4.74389,16.2264
5.23434,13.3983
5.7248,11.2211
6.33787,9.15546
6.95094,7.57484
7.68662,6.14987
8.54492,4.92148
9.2806,4.15562
10.1389,3.43075
11.2424,2.75231
12.2233,2.29623
13.2042,1.94182
14.4304,1.60265
15.9017,1.29428
17.6183,1.03853
19.7787,0.809686
21.6938,0.665744
24.0877,0.537115
25.9911,0.459866
28.3266,0.388073
31.2226,0.322793
34.9127,0.263862
37.6686,0.233128
41.4521,0.201451
44.3948,0.182848
49.8132,0.160845
55.4184,0.146876
62.892,0.139337
65.2275,0.138903
75.9708,0.147456
83.4444,0.163743
90.4509,0.188961
96.0561,0.219268
102.128,0.266781
106.799,0.320392
111.47,0.396229
115.207,0.482845
118.477,0.588235
121.513,0.723901
124.286,0.898109
126.739,1.11495
128.987,1.39611
130.855,1.7236
132.49,2.11912
133.891,2.58173
135.292,3.21938
136.46,3.95557
137.628,4.98278
138.562,6.12919
139.38,7.49711
140.197,9.38532
140.921,11.7117
141.575,14.6784
142.159,18.4073
142.649,22.7676
143.093,28.2091
143.502,35.1554
143.875,44.0006
144.202,54.8163
144.48,67.4608
144.737,83.5006
144.961,102.716
145.172,127.322
145.356,156.77
145.525,193.69
145.688,242.715
145.831,301.64
145.972,380.671
146.106,484.569
146.237,622.228
146.383,825.952
146.75,1474.06
146.877,1618.53
146.969,1652.47
147.073,1608.73
147.213,1432.49
147.554,824.964
147.697,624.617
147.828,485.934
147.963,381.235
148.103,301.628
148.24,244.407
148.403,194.54
148.581,155.431
148.768,125.652
148.984,100.661
149.218,81.1303
149.481,65.2186
149.761,52.8708
150.076,42.7394
150.444,34.2037
150.824,27.7972
151.291,22.0992
151.781,17.8078
152.342,14.2683
152.972,11.412
153.603,9.34191
154.339,7.5577
155.144,6.12598
156.078,4.91995
157.013,4.03608
158.18,3.22815
159.348,2.63918
160.749,2.12156
162.151,1.74368
163.786,1.4146
165.654,1.14029
167.522,0.93803
169.858,0.75241
172.193,0.616068
174.996,0.496015
178.266,0.395224
182.003,0.313549
185.739,0.254297
189.943,0.205445
194.381,0.167963
199.285,0.136938
204.89,0.111109
210.496,0.0922935
216.101,0.0779722
220.811,0.0699203
222.529,0.0689322
223.904,0.0708773
224.763,0.0760191
225.279,0.0833347
225.622,0.0924715
225.909,0.105689
226.127,0.122779
226.288,0.143265
226.385,0.16173
226.482,0.188978
226.553,0.219259
226.616,0.257903
226.679,0.314903
226.732,0.386192
226.78,0.473761
226.825,0.588989
226.871,0.743292
226.917,0.947116
226.969,1.24946
227.02,1.64371
227.08,2.23526
227.147,3.06206
227.252,4.67476
227.387,6.83701
227.475,7.87715
227.556,8.28373
227.57,8.29239
227.647,8.00771
227.725,7.21887
227.856,5.20157
227.974,3.32895
228.045,2.39509
228.108,1.74364
228.16,1.32793
228.212,1.00678
228.259,0.781542
228.307,0.612088
228.354,0.48656
228.402,0.394512
228.451,0.325998
228.504,0.271867
228.569,0.226939
228.644,0.19184
228.73,0.165036
228.844,0.141307
228.988,0.121785
229.167,0.105704
229.414,0.0915286
229.754,0.0797287
230.162,0.0713073
230.749,0.0642531
231.694,0.0581209
233.155,0.053132
235.589,0.0484569
243.341,0.0400085
250.177,0.034947
258.38,0.0299135
272.051,0.0241913
284.669,0.0204368
297.916,0.0176159
315.578,0.0152137
333.24,0.013933
346.486,0.0136444
359.733,0.0140196
368.564,0.0147445
379.603,0.016512
388.434,0.0187899
396.161,0.0220119
401.68,0.0254383
406.096,0.0291878
409.407,0.0328183
413.271,0.0383266
417.686,0.0471438
420.998,0.0566274
424.14,0.0690535
427.1,0.0857383
429.551,0.105169
431.633,0.128039
433.714,0.159852
435.24,0.192051
436.905,0.240374
438.385,0.300886
439.68,0.375977
440.79,0.466033
441.761,0.575084
442.594,0.702961
443.403,0.873966
444.155,1.09625
444.802,1.36385
445.363,1.68589
445.872,2.08968
446.34,2.60761
446.739,3.22102
447.12,4.04031
447.424,4.94348
447.728,6.19654
447.996,7.76383
448.23,9.70617
448.431,12.0417
448.597,14.756
448.754,18.3701
448.87,22.0724
448.986,27.1847
449.094,33.9769
449.191,42.5093
449.272,52.1538
449.365,67.0354
449.448,85.0126
449.531,108.412
449.632,145.24
449.744,198.361
449.89,284.581
450.142,445.339
450.269,503.485
450.384,526.795
450.41,527.61
450.515,513.672
450.655,457.397
450.886,312.687
451.057,207.977
451.17,152.872
451.268,115.055
451.357,88.6866
451.446,68.7089
451.539,53.3681
451.631,42.2106
451.724,34.0925
451.811,28.3841
451.927,22.9087
452.043,18.9727
452.195,15.2556
452.362,12.39
452.556,10.0038
452.753,8.25088
452.988,6.7094
453.277,5.35552
453.601,4.27978
453.925,3.50093
454.33,2.79586
454.792,2.22451
455.266,1.80432
455.821,1.4488
456.422,1.17174
457.07,0.954095
457.787,0.777052
458.596,0.630949
459.568,0.504651
460.677,0.402264
461.88,0.323426
463.175,0.262623
464.655,0.212466
466.32,0.172117
468.124,0.14099
470.205,0.115918
472.244,0.0991901
474.1,0.0904369
474.905,0.0894338
475.767,0.0920045
476.342,0.0979129
476.774,0.106953
477.133,0.12053
477.392,0.136953
477.579,0.155547
477.742,0.181142
477.859,0.210125
477.953,0.245514
478.041,0.296052
478.116,0.360672
478.179,0.436954
478.242,0.541872
478.305,0.685382
478.369,0.886053
478.434,1.15578
478.499,1.51139
478.571,2.02779
478.642,2.69144
478.723,3.62528
478.829,5.16328
479.154,10.7115
479.281,12.1494
479.39,12.5748
479.505,12.0984
479.632,10.6172
479.974,4.79566
480.075,3.39289
480.157,2.4917
480.232,1.84549
480.297,1.40898
480.36,1.08436
480.423,0.837118
480.486,0.652055
480.54,0.532439
480.603,0.427885
480.666,0.35171
480.741,0.286985
480.829,0.236121
480.917,0.201965
481.022,0.174391
481.18,0.147081
481.377,0.125268
481.647,0.106133
482.006,0.0901078
482.438,0.0780998
482.941,0.0691572
483.587,0.0617469
484.45,0.0554178
485.945,0.0487883
488.275,0.0428989
491.988,0.0377914
495.617,0.035095
500.518,0.034087
504.241,0.0351946
507.964,0.0380969
511.066,0.0426225
513.548,0.0481511
515.838,0.0554864
518.408,0.0674171
520.164,0.0795145
521.933,0.0966218
523.526,0.118699
524.869,0.144945
526.034,0.176758
527.067,0.215741
528.01,0.264933
528.836,0.32416
529.633,0.403908
530.341,0.50382
530.946,0.623151
531.462,0.763458
531.978,0.9588
532.413,1.18988
532.775,1.45405
533.099,1.77739
533.409,2.20296
533.697,2.75846
533.918,3.35096
534.139,4.17357
534.331,5.19051
534.486,6.36151
534.62,7.81058
534.735,9.59554
534.835,11.8012
534.923,14.5598
535.005,18.095
535.085,22.8125
535.164,29.2452
535.244,37.9382
535.321,49.0167
535.402,64.2506
535.483,83.6649
535.58,112.968
535.711,162.472
536.017,294.952
536.141,334.887
536.276,354.796
536.3,355.244
536.413,344.666
536.524,315.834
536.701,244.914
536.925,147.329
537.045,104.66
537.138,78.2244
537.217,60.2456
537.303,45.2665
537.384,34.5731
537.465,26.6249
537.542,21.0707
537.622,16.8198
537.71,13.4122
537.803,10.8705
537.909,8.8249
538.029,7.21605
538.161,5.95264
538.306,4.95776
538.483,4.07034
538.697,3.29859
538.955,2.6375
539.25,2.10559
539.56,1.70755
539.914,1.38019
540.29,1.12851
540.755,0.904937
541.241,0.737594
541.831,0.593633
542.406,0.49398
543.129,0.406344
543.852,0.34795
544.582,0.312171
545.129,0.300487
545.312,0.300013
545.743,0.307904
546.174,0.334563
546.461,0.370436
546.733,0.429665
546.915,0.495589
547.051,0.573206
547.164,0.67333
547.253,0.791466
547.333,0.94506
547.399,1.12479
547.465,1.37138
547.531,1.70951
547.597,2.17049
547.658,2.73175
547.724,3.53947
547.79,4.59666
547.866,6.17375
547.945,8.31181
548.029,11.219
548.137,15.8317
548.303,24.5607
548.5,34.95
548.633,39.8166
548.759,41.4743
548.875,40.0926
549.002,35.7261
549.203,25.2725
549.383,15.7908
549.492,11.1244
549.578,8.18507
549.653,6.16629
549.728,4.59596
549.794,3.52953
549.86,2.71339
549.927,2.09937
549.993,1.64368
550.053,1.33353
550.121,1.07573
550.189,0.888677
550.269,0.733001
550.348,0.622938
550.462,0.515134
550.598,0.430009
550.768,0.359136
550.991,0.2968
551.256,0.246744
551.573,0.205695
551.951,0.172263
552.451,0.142571
552.95,0.122223
553.63,0.102889
554.53,0.0856208
555.551,0.07228
556.685,0.0617738
558.198,0.0518444
560.279,0.0424092
562.36,0.0357232
564.961,0.0299135
567.216,0.0259943
570.684,0.0216376
574.846,0.0179166
579.701,0.0149481
585.944,0.0123383
592.881,0.0104035
599.818,0.0090459
608.141,0.007946
616.465,0.00709751
624.789,0.00648183
635.888,0.00593352
646.986,0.00557541
673.517,0.0052362
693.415,0.00539697
705.354,0.00570814
713.314,0.00604945
721.273,0.00669508
725.253,0.00732505
727.574,0.00792209
730.061,0.00889729
731.881,0.0101505
733.203,0.0116301
734.358,0.0137196
735.183,0.0160419
735.87,0.0189273
736.427,0.0223405
736.933,0.0268341
737.367,0.032441
737.743,0.0394939
738.046,0.0476424
738.321,0.0581388
738.538,0.069922
738.719,0.0838551
738.856,0.0989012
738.972,0.116857
739.073,0.139274
739.16,0.16648
739.247,0.205057
739.323,0.252529
739.399,0.318269
739.464,0.394387
739.529,0.49453
739.594,0.625313
739.664,0.810519
739.737,1.05874
739.809,1.37857
739.89,1.83976
739.976,2.45565
740.074,3.34915
740.194,4.70722
740.389,7.39394
740.598,10.2876
740.754,11.8391
740.898,12.4038
740.909,12.4068
741.055,11.9145
741.199,10.559
741.445,7.17728
741.627,4.68575
741.745,3.36223
741.836,2.52608
741.922,1.887
742.002,1.42524
742.076,1.08858
742.148,0.833888
742.221,0.639234
742.293,0.492704
742.356,0.395632
742.419,0.321247
742.495,0.254864
742.571,0.206908
742.66,0.167257
742.749,0.13949
742.852,0.116816
742.978,0.0976297
743.123,0.0824468
743.304,0.0690871
743.513,0.0580284
743.774,0.0482036
744.099,0.0395989
744.489,0.0325158
744.945,0.0269069
745.48,0.022464
746.088,0.0190722
746.839,0.0162988
747.844,0.0139641
748.992,0.012345
750.715,0.0110045
752.305,0.0103175
755.353,0.00975148
758.062,0.00964026
764.157,0.0100694
771.607,0.0112109
778.806,0.0131246
784.566,0.015413
788.886,0.0181756
792.126,0.0215519
794.15,0.0249609
795.803,0.029234
796.983,0.034012
798.005,0.040311
798.736,0.0470024
799.32,0.0546057
799.935,0.0662207
800.396,0.0789933
800.819,0.095912
801.142,0.114334
801.449,0.139197
801.719,0.170808
801.911,0.203247
802.088,0.246571
802.211,0.290592
802.318,0.345537
802.41,0.412331
802.503,0.507348
802.587,0.631388
802.668,0.797366
802.737,0.990415
802.806,1.24541
802.875,1.57965
802.954,2.08254
803.031,2.72923
803.108,3.56328
803.195,4.76572
803.286,6.38395
803.391,8.70432
803.522,12.3181
803.908,24.8747
804.074,28.7827
804.222,30.2009
804.239,30.2185
804.375,29.2495
804.517,26.3816
804.732,19.7293
804.966,12.0794
805.099,8.45764
805.21,6.07156
805.301,4.53241
805.385,3.40629
805.462,2.60812
805.537,2.00462
805.614,1.53284
805.691,1.17995
805.768,0.919194
805.845,0.728132
805.925,0.58278
806.006,0.478144
806.1,0.391648
806.208,0.32366
806.343,0.26675
806.477,0.227884
806.669,0.189434
806.877,0.160465
807.146,0.133881
807.469,0.111711
807.869,0.093008
808.33,0.0785514
808.791,0.0686791
809.337,0.0606071
809.869,0.0551571
810.934,0.0484796
811.998,0.0450167
813.35,0.04328
814.702,0.0428352
817.691,0.0452917
821.012,0.0515339
824.333,0.0614186
827.322,0.0742838
829.813,0.0891397
832.304,0.10947
834.545,0.13511
836.538,0.166822
838.281,0.205181
839.9,0.254481
841.353,0.316072
842.599,0.388977
843.761,0.482418
844.778,0.595866
845.754,0.747534
846.584,0.927883
847.362,1.1648
848.016,1.44314
848.639,1.81436
849.193,2.28206
849.643,2.81226
850.071,3.51182
850.42,4.30193
850.735,5.28072
851.026,6.52632
851.266,7.94776
851.499,9.85086
851.698,12.1415
851.881,15.0958
852.026,18.3405
852.171,22.7563
852.312,28.6322
852.437,35.577
852.578,46.0411
852.728,60.8247
852.885,81.1606
853.085,113.657
853.498,190.038
853.704,216.811
853.89,225.373
854.059,218.16
854.255,194.12
854.801,95.3937
854.976,70.0035
855.131,52.4381
855.262,41.1485
855.387,32.8868
855.523,26.0425
855.661,20.9866
855.8,17.1861
855.974,13.7367
856.148,11.2664
856.348,9.21586
856.58,7.48933
856.846,6.07028
857.136,4.94714
857.493,3.95577
857.892,3.16979
858.34,2.5402
858.805,2.06898
859.37,1.65505
859.951,1.34669
860.636,1.08282
861.362,0.879968
862.193,0.711207
863.189,0.56607
864.185,0.461577
865.306,0.375634
866.614,0.302481
868.004,0.246035
869.665,0.197333
871.491,0.158963
873.484,0.128798
875.643,0.105075
877.967,0.086455
880.624,0.0707774
883.613,0.0579777
887.1,0.0472701
891.085,0.0386121
895.735,0.0316091
900.384,0.0267284
905.698,0.0229868
910.457,0.0209298
914.325,0.0202561
917.279,0.0209368
919.016,0.0224943
920.144,0.0246279
921.084,0.0278793
921.648,0.0310826
922.212,0.0360629
922.682,0.0427055
923.008,0.0497421
923.297,0.0590969
923.499,0.0689152
923.673,0.0816185
923.799,0.0956142
923.913,0.114288
924.011,0.137746
924.092,0.165251
924.174,0.203114
924.248,0.24994
924.324,0.31419
924.4,0.399912
924.475,0.513101
924.551,0.660638
924.636,0.875776
924.727,1.17452
924.826,1.60082
924.929,2.16145
925.052,3.0005
925.214,4.3619
925.547,7.40237
925.724,8.55496
925.883,8.97392
925.899,8.97798
926.045,8.68927
926.189,7.88154
926.421,5.90204
926.682,3.51848
926.826,2.45025
926.941,1.76472
927.043,1.29522
927.133,0.969475
927.22,0.728441
927.296,0.565924
927.372,0.440508
927.448,0.345045
927.52,0.276173
927.592,0.224048
927.679,0.178194
927.766,0.145605
927.867,0.119128
927.975,0.0998463
928.106,0.0843272
928.257,0.0722773
928.474,0.0609867
928.706,0.0529056
929.067,0.0444847
929.429,0.0389441
929.863,0.0344733
930.297,0.0314534
931.164,0.027899
932.032,0.0262539
932.9,0.0257894
933.918,0.0264738
934.936,0.0286522
935.833,0.0324686
936.489,0.0372342
937.036,0.0434836
937.481,0.0512421
937.83,0.0602434
938.122,0.0710307
938.385,0.0851743
938.56,0.0987982
938.713,0.115832
938.844,0.137246
938.953,0.163371
939.048,0.195823
939.137,0.239051
939.227,0.300195
939.303,0.372587
939.38,0.469957
939.46,0.607202
939.536,0.781516
939.613,1.00904
939.69,1.30162
939.773,1.71138
939.865,2.28045
939.965,3.07467
940.082,4.24041
940.233,6.11617
940.648,11.9835
940.814,13.5999
940.976,14.1853
940.98,14.1857
941.132,13.6926
941.283,12.3203
941.528,8.97522
941.767,5.57081
941.899,4.01644
942.017,2.88499
942.117,2.13152
942.208,1.59549
942.296,1.19723
942.372,0.927789
942.449,0.71927
942.526,0.560163
942.602,0.440192
942.671,0.357994
942.744,0.292297
942.832,0.234576
942.919,0.193434
943.021,0.159716
943.145,0.132053
943.298,0.109669
943.473,0.092742
943.692,0.0783362
943.976,0.0655304
944.305,0.0553946
944.698,0.047047
945.201,0.0399178
945.821,0.0342414
946.565,0.0299486
947.512,0.0266465
948.912,0.0240472
949.612,0.0233357
952.411,0.0224703
954.777,0.0231146
957.742,0.025299
960.741,0.029177
963.021,0.0336702
965.18,0.0395219
967.28,0.0480678
969.065,0.0586254
970.67,0.0723803
971.99,0.0884918
973.115,0.107717
974.195,0.133592
975.14,0.165527
975.98,0.205621
976.715,0.255032
977.345,0.314062
977.945,0.39282
978.44,0.483676
978.86,0.589227
979.242,0.720261
979.61,0.894944
979.932,1.11079
980.195,1.35586
980.42,1.64649
980.607,1.98237
980.758,2.35259
980.907,2.87284
981.02,3.41991
981.135,4.19308
981.237,5.14855
981.339,6.46646
981.428,8.02749
981.518,10.1132
981.608,12.8574
981.71,16.9714
981.815,22.5772
981.92,29.8336
982.042,40.5513
982.19,57.1528
982.412,87.8278
982.694,128.015
982.868,145.793
983.036,153.077
983.06,153.192
983.228,147.447
983.402,130.871
983.714,86.8601
983.925,57.6622
984.065,41.8724
984.185,31.002
984.296,23.1246
984.395,17.6797
984.494,13.5014
984.589,10.4821
984.683,8.21389
984.778,6.52606
984.872,5.27544
984.98,4.23565
985.1,3.41918
985.22,2.84034
985.37,2.32879
985.535,1.93311
985.722,1.60994
985.948,1.32866
986.24,1.06763
986.555,0.867718
986.915,0.703326
987.32,0.570173
987.792,0.458725
988.31,0.371231
988.91,0.298601
989.6,0.239352
990.32,0.195145
991.175,0.157564
992.12,0.128007
993.245,0.103089
994.415,0.0847674
995.78,0.0696119
997.31,0.0576124
998.84,0.0490673
1000.97,0.0407703
1003.74,0.0340124
1006.81,0.0293359
1009.32,0.0270725
1012.33,0.0256606
1015.34,0.0252787
1018.85,0.0260733
1022.36,0.028284
1026.6,0.0333616
1029.72,0.0398148
1032.23,0.0476967
1034.41,0.0576866
1036.32,0.0701667
1038.06,0.086493
1039.52,0.106019
1040.82,0.130136
1041.99,0.160651
1043.04,0.19889
1043.92,0.243422
1044.71,0.298773
1045.45,0.369205
1046.12,0.458818
1046.7,0.567969
1047.21,0.697207
1047.65,0.851973
1048.08,1.06719
1048.43,1.3022
1048.76,1.61226
1049.06,2.00866
1049.31,2.48453
1049.51,3.00857
1049.69,3.70929
1049.84,4.54501
1049.98,5.59349
1050.11,6.98956
1050.22,8.70848
1050.33,11.0631
1050.45,14.2756
1050.55,18.3338
1050.67,24.1084
1050.78,31.6214
1050.91,42.2687
1051.07,58.6156
1051.29,87.2962
1051.63,134.266
1051.84,152.664
1052.0,157.61
1052.16,152.815
1052.37,134.179
1052.89,63.5841
1053.06,45.447
1053.19,33.6541
1053.31,25.3224
1053.43,19.2592
1053.54,14.6923
1053.65,11.3704
1053.77,8.93286
1053.87,7.32427
1054.0,5.8189
1054.12,4.78006
1054.26,3.92738
1054.44,3.18069
1054.64,2.60501
1054.85,2.1648
1055.1,1.77944
1055.39,1.45302
1055.76,1.16134
1056.15,0.941454
1056.59,0.761437
1057.11,0.608464
1057.69,0.487075
1058.36,0.388667
1059.1,0.312105
1059.94,0.24983
1060.79,0.203906
1061.8,0.164954
1062.89,0.134501
1064.23,0.107775
1065.57,0.0885499
1067.24,0.0713242
1068.96,0.0587618
1071.01,0.0479881
1073.44,0.0390559
1076.12,0.0321629
1078.78,0.027351
1082.05,0.0230871
1085.97,0.0195197
1089.88,0.017166
1095.11,0.0149697
1099.02,0.013847
1105.06,0.0127748
1111.1,0.0122276
1117.13,0.012078
1126.19,0.0125096
1135.24,0.0136441
1142.79,0.0153608
1150.41,0.0179487
1156.6,0.0211333
1162.02,0.0251039
1167.25,0.0306024
1171.89,0.0376242
1175.96,0.0465059
1179.44,0.0573607
1182.34,0.0699441
1184.67,0.0836738
1186.99,0.10228
1189.26,0.127736
1191.2,0.158219
1192.99,0.197841
1194.54,0.245994
1195.89,0.304415
1197.08,0.375337
1198.18,0.466697
1199.11,0.573282
1199.91,0.697239
1200.66,0.855363
1201.38,1.0661
1202.0,1.31733
1202.57,1.63533
1203.08,2.03741
1203.5,2.49028
1203.91,3.09774
1204.24,3.77683
1204.53,4.59236
1204.82,5.72732
1205.05,7.0003
1205.25,8.5351
1205.45,10.6785
1205.63,13.2442
1205.8,16.7916
1205.96,21.2367
1206.12,26.8783
1206.29,35.2698
1206.46,46.3267
1206.68,63.857
1207.28,120.669
1207.47,133.141
1207.69,139.004
1207.7,139.011
1207.92,133.652
1208.16,117.063
1208.75,60.8081
1208.96,44.9138
1209.14,33.906
1209.31,25.7528
1209.47,20.2325
1209.63,16.0446
1209.79,12.9418
1209.95,10.6647
1210.14,8.60847
1210.33,7.11464
1210.58,5.71615
1210.87,4.58216
1211.21,3.6539
1211.55,2.98936
1211.96,2.41131
1212.44,1.9258
1212.93,1.56685
1213.51,1.26359
1214.18,1.00825
1214.86,0.823621
1215.66,0.665011
1216.51,0.542627
1217.57,0.431918
1218.73,0.346294
1219.89,0.284354
1221.25,0.231498
1222.89,0.185312
1224.59,0.151298
1226.57,0.122645
1228.89,0.0989238
1231.51,0.0802397
1234.41,0.0657873
1237.89,0.0538121
1241.96,0.0444833
1246.41,0.0378603
1251.06,0.0335054
1255.7,0.0309469
1261.89,0.0296349
1268.09,0.0304646
1273.06,0.0330577
1277.17,0.0370851
1279.44,0.0413108
1281.11,0.0469376
1282.17,0.0536067
1282.86,0.0610897
1283.3,0.0690608
1283.67,0.0799989
1283.89,0.0910342
1284.07,0.105813
1284.2,0.122451
1284.33,0.147857
1284.44,0.177995
1284.54,0.221023
1284.63,0.273316
1284.72,0.343892
1284.81,0.435904
1284.9,0.556382
1284.99,0.71178
1285.09,0.946185
1285.21,1.27814
1285.33,1.73192
1285.46,2.34387
1285.63,3.33355
1286.07,6.34488
1286.29,7.39623
1286.47,7.77863
1286.5,7.78477
1286.68,7.50266
1286.86,6.71927
1287.15,4.88036
1287.43,3.0137
1287.59,2.10473
1287.72,1.53456
1287.84,1.13681
1287.94,0.86103
1288.05,0.648633
1288.15,0.493893
1288.24,0.382476
1288.34,0.3001
1288.44,0.240044
1288.53,0.196722
1288.63,0.165669
1288.75,0.138937
1288.87,0.121179
1289.02,0.10693
1289.24,0.0941863
1289.46,0.0865767
1289.91,0.0778636
1290.58,0.0715708
1291.63,0.068278
1292.16,0.0680238
1294.06,0.0709418
1296.6,0.0802382
1299.13,0.0944818
1301.67,0.114848
1303.89,0.139945
1305.79,0.1696
1307.59,0.208128
1309.15,0.253661
1310.7,0.316966
1312.03,0.393009
1313.14,0.479972
1314.08,0.57825
1315.11,0.727137
1315.87,0.878377
1316.65,1.08944
1317.34,1.34862
1317.95,1.66354
1318.52,2.07323
1319.02,2.58272
1319.49,3.24723
1319.9,4.06151
1320.24,5.02577
1320.55,6.25249
1320.82,7.7273
1321.04,9.39265
1321.25,11.5611
1321.45,14.447
1321.65,18.357
1321.85,23.714
1322.03,30.2824
1322.25,40.5161
1322.5,55.3597
1323.1,97.5756
1323.33,109.487
1323.54,114.736
1323.6,114.961
1323.83,111.089
1324.09,98.5985
1324.79,49.5942
1325.02,36.7507
1325.22,28.1408
1325.4,22.2572
1325.58,17.7662
1325.76,14.375
1325.95,11.6598
1326.17,9.29364
1326.4,7.5905
1326.67,6.1514
1326.97,4.97198
1327.31,4.02055
1327.72,3.21601
1328.16,2.58874
1328.67,2.07574
1329.2,1.68716
1329.81,1.36454
1330.46,1.11477
1331.26,0.891554
1332.09,0.722745
1333.11,0.575536
1334.22,0.460994
1335.49,0.367762
1336.85,0.296132
1338.37,0.238581
1339.89,0.196608
1341.89,0.156598
1343.88,0.127758
1346.1,0.104313
1348.64,0.0847933
1351.49,0.0688894
1354.79,0.0556734
1358.59,0.0448661
1362.39,0.0370432
1366.96,0.0302478
1372.28,0.0246328
1377.35,0.0208314
1383.44,0.0176235
1388.76,0.0159008
1392.57,0.0153221
1395.7,0.0158267
1397.58,0.0170805
1398.81,0.0188063
1399.84,0.0213752
1400.66,0.0248536
1401.31,0.029266
1401.84,0.0349021
1402.28,0.042147
1402.57,0.0493052
1402.81,0.0575206
1403.01,0.068171
1403.16,0.079469
1403.29,0.0942692
1403.4,0.111978
1403.51,0.137178
1403.6,0.166455
1403.69,0.206229
1403.79,0.260179
1403.88,0.336309
1403.97,0.432386
1404.06,0.558564
1404.15,0.72204
1404.25,0.950009
1404.36,1.28481
1404.47,1.71463
1404.6,2.3509
1404.74,3.26505
1404.93,4.66536
1405.35,8.31835
1405.57,9.69825
1405.77,10.2158
1405.8,10.2263
1405.99,9.85617
1406.16,8.90844
1406.46,6.53442
1406.75,4.0152
1406.93,2.78156
1407.07,2.02212
1407.18,1.49382
1407.29,1.11743
1407.4,0.839584
1407.49,0.650353
1407.58,0.502999
1407.67,0.389873
1407.76,0.299588
1407.84,0.240865
1407.94,0.191797
1408.03,0.155633
1408.12,0.128992
1408.23,0.105984
1408.35,0.0879372
1408.51,0.0730035
1408.66,0.06289
1408.88,0.0530211
1409.17,0.0444034
1409.5,0.0375479
1409.96,0.0309909
1410.53,0.0256955
1411.15,0.0218035
1411.77,0.019109
1412.78,0.0161987
1414.04,0.0139238
1415.56,0.012229
1417.45,0.0108944
1420.23,0.00966267
1424.95,0.00845003
1431.61,0.0074257
1441.6,0.0064905
1454.92,0.0057456
1468.24,0.00529163
1488.26,0.00504546
1504.03,0.0052176
1513.04,0.00551245
1522.05,0.00603101
1531.07,0.00690983
1537.83,0.00800265
1542.33,0.00907646
1545.71,0.0101683
1549.94,0.0120486
1553.32,0.0143853
1555.85,0.0169994
1557.83,0.0200201
1559.24,0.0231908
1560.37,0.0268632
1561.36,0.0315814
1562.21,0.0376883
1562.8,0.0439559
1563.37,0.0530018
1563.78,0.0626537
1564.1,0.0736826
1564.36,0.087151
1564.52,0.0990027
1564.67,0.116064
1564.82,0.139097
1564.93,0.165465
1565.04,0.202782
1565.13,0.245741
1565.23,0.303463
1565.32,0.380755
1565.42,0.493044
1565.51,0.625052
1565.6,0.794982
1565.7,1.05211
1565.81,1.38587
1565.92,1.84428
1566.04,2.48696
1566.19,3.45225
1566.36,4.88117
1566.61,7.48544
1566.97,11.1927
1567.19,12.7302
1567.39,13.2878
1567.4,13.2886
1567.6,12.7873
1567.81,11.3988
1568.14,8.03473
1568.43,4.98667
1568.6,3.56857
1568.74,2.58152
1568.87,1.9214
1568.98,1.44881
1569.09,1.09289
1569.19,0.832937
1569.29,0.635092
1569.38,0.498707
1569.48,0.395179
1569.57,0.317381
1569.66,0.259374
1569.77,0.211948
1569.87,0.178012
1569.99,0.150734
1570.14,0.127947
1570.32,0.110531
1570.56,0.0962556
1570.91,0.0839508
1571.39,0.074457
1571.97,0.0686397
1572.83,0.065817
1573.97,0.0679361
1575.11,0.0745237
1576.24,0.0852742
1577.53,0.103484
1578.55,0.124621
1579.58,0.15462
1580.46,0.191218
1581.19,0.233672
1581.9,0.291108
1582.49,0.356935
1583.05,0.445436
1583.56,0.556903
1583.95,0.679954
1584.32,0.836556
1584.62,1.01629
1584.92,1.26164
1585.13,1.50981
1585.32,1.83759
1585.5,2.26397
1585.66,2.81781
1585.8,3.51759
1585.93,4.36155
1586.05,5.50339
1586.18,7.10081
1586.3,9.12982
1586.44,12.0128
1586.56,15.6039
1586.71,20.9252
1586.88,28.6796
1587.09,40.8087
1587.62,76.7988
1587.87,88.4227
1588.09,92.4809
1588.1,92.4925
1588.31,89.2105
1588.54,79.1811
1588.93,53.1204
1589.21,35.1393
1589.39,25.1471
1589.55,18.6293
1589.7,13.8295
1589.82,10.6544
1589.94,8.28307
1590.07,6.42022
1590.19,5.03178
1590.33,3.94757
1590.46,3.1641
1590.61,2.53544
1590.78,2.04795
1590.95,1.70402
1591.16,1.39917
1591.41,1.14322
1591.71,0.926361
1592.08,0.74283
1592.48,0.601674
1592.92,0.489323
1593.39,0.401541
1593.95,0.324867
1594.61,0.260734
1595.32,0.211055
1596.16,0.16918
1597.1,0.135708
1598.11,0.110139
1599.24,0.0894124
1600.56,0.0721173
1601.92,0.0592292
1603.59,0.0478446
1605.52,0.0386721
1607.53,0.0318831
1609.88,0.026283
1612.56,0.0217985
1614.91,0.0190883
1618.61,0.0161056
1621.24,0.0147308
1625.62,0.0136014
1626.5,0.0135567
1629.53,0.0139898
1631.8,0.0151922
1633.57,0.0170197
1635.09,0.019666
1636.35,0.0233019
1637.38,0.0279057
1638.15,0.0330357
1638.83,0.0395704
1639.43,0.047735
1639.95,0.0576487
1640.4,0.0697326
1640.82,0.0859619
1641.15,0.104508
1641.41,0.124745
1641.64,0.151218
1641.82,0.181931
1641.97,0.219712
1642.1,0.266688
1642.2,0.321578
1642.31,0.397216
1642.42,0.501919
1642.52,0.636664
1642.61,0.796481
1642.7,1.00394
1642.8,1.32202
1642.91,1.74254
1643.02,2.30168
1643.14,3.09945
1643.26,4.22515
1643.4,5.70277
1643.55,7.84022
1643.76,11.3367
1644.23,20.3832
1644.47,23.5407
1644.68,24.6901
1644.7,24.6991
1644.9,23.8741
1645.13,21.0433
1645.49,14.2861
1645.77,9.15234
1645.93,6.59321
1646.08,4.77902
1646.21,3.53307
1646.33,2.63845
1646.44,1.98202
1646.54,1.51407
1646.65,1.15515
1646.75,0.884024
1646.85,0.692759
1646.94,0.548774
1647.04,0.441035
1647.14,0.360635
1647.25,0.290465
1647.37,0.240556
1647.51,0.19784
1647.66,0.166541
1647.83,0.141412
1648.04,0.119242
1648.31,0.0997425
1648.67,0.0811465
1649.09,0.0660086
1649.52,0.0549709
1650.03,0.0453985
1650.58,0.0380175
1651.3,0.0311232
1652.14,0.0255668
1653.14,0.0210651
1654.27,0.0175763
1655.4,0.0151612
1657.2,0.0125667
1659.0,0.0108563
1661.17,0.0095026
1664.05,0.00834102
1668.37,0.00731269
1672.7,0.00674058
1680.42,0.00631474
1682.37,0.00630376
1690.19,0.00667994
1694.11,0.0073699
1696.71,0.00828435
1698.67,0.00949518
1700.1,0.010942
1701.26,0.0128049
1702.23,0.0151892
1703.0,0.0180449
1703.7,0.0218604
1704.28,0.0265771
1704.77,0.0323864
1705.19,0.0396803
1705.49,0.0472759
1705.73,0.0555312
1705.91,0.0648782
1706.08,0.0766117
1706.22,0.0921206
1706.36,0.113166
1706.48,0.139234
1706.57,0.169192
1706.67,0.209486
1706.77,0.263593
1706.86,0.334222
1706.96,0.427302
1707.05,0.548741
1707.15,0.705258
1707.25,0.918097
1707.36,1.23552
1707.48,1.64339
1707.61,2.23053
1707.77,3.10549
1707.96,4.47476
1708.55,9.38573
1708.76,10.6556
1708.98,11.1839
1709.0,11.1897
1709.2,10.8158
1709.38,9.85271
1709.66,7.72513
1710.04,4.47222
1710.23,3.15328
1710.38,2.28867
1710.51,1.67426
1710.63,1.24801
1710.75,0.928002
1710.85,0.70596
1710.96,0.535549
1711.06,0.406873
1711.15,0.325095
1711.24,0.261674
1711.34,0.204488
1711.45,0.162888
1711.56,0.130788
1711.68,0.107244
1711.81,0.0881302
1711.95,0.0748631
1712.1,0.064149
1712.32,0.0538028
1712.59,0.0450069
1712.92,0.037653
1713.36,0.0307391
1713.82,0.0256975
1714.34,0.0217051
1715.0,0.0181674
1715.79,0.015285
1716.61,0.0132564
1717.74,0.0113446
1719.16,0.00983773
1720.87,0.00872257
1722.73,0.00797444
1726.45,0.00716493
1731.92,0.00671177
1737.64,0.00661086
1748.21,0.00684992
1760.89,0.00752161
1774.63,0.00862652
1787.32,0.0101129
1798.95,0.0120121
1809.52,0.0144594
1817.97,0.0171431
1827.49,0.0213427
1835.42,0.0264109
1842.55,0.0329455
1848.1,0.0400889
1853.65,0.0501152
1858.41,0.0623604
1862.37,0.0766064
1865.94,0.094392
1868.72,0.113242
1871.69,0.140869
1874.45,0.177065
1876.68,0.218115
1878.56,0.265555
1880.48,0.332373
1882.02,0.407197
1883.55,0.510162
1884.89,0.636085
1886.0,0.780859
1887.0,0.95996
1887.93,1.18649
1888.77,1.47263
1889.51,1.81855
1890.23,2.28414
1890.86,2.86884
1891.4,3.55899
1891.87,4.40787
1892.29,5.42845
1892.66,6.66292
1893.03,8.35534
1893.37,10.4764
1893.69,13.246
1894.01,16.8767
1894.37,22.3889
1894.8,30.7707
1895.57,47.0254
1895.95,52.0641
1896.2,53.0996
1896.54,51.2534
1896.96,44.6093
1897.86,25.3599
1898.23,19.1662
1898.57,14.7628
1898.88,11.6558
1899.21,9.25764
1899.58,7.31005
1899.95,5.90279
1900.36,4.76762
1900.84,3.81732
1901.32,3.11852
1901.9,2.50616
1902.54,2.02071
1903.28,1.61886
1904.08,1.30964
1905.0,1.05018
1905.93,0.861887
1907.04,0.697226
1908.3,0.56237
1909.59,0.463751
1911.16,0.376551
1912.85,0.309378
1914.7,0.256437
1917.08,0.209035
1919.46,0.176717
1921.83,0.154422
1925.01,0.135444
1927.38,0.127253
1931.08,0.122967
1934.13,0.12707
1937.18,0.13913
1939.46,0.155285
1941.75,0.180606
1943.78,0.214668
1945.56,0.258412
1947.08,0.312135
1948.52,0.384465
1949.7,0.468426
1950.78,0.574702
1951.76,0.710864
1952.55,0.86164
1953.29,1.05415
1953.96,1.29818
1954.57,1.6026
1955.12,1.98488
1955.6,2.44173
1956.03,3.01876
1956.38,3.67286
1956.72,4.52939
1957.02,5.56549
1957.31,7.01145
1957.58,8.86871
1957.81,11.0008
1958.05,14.0033
1958.29,17.8956
1958.57,23.7775
1958.89,32.5145
1959.59,54.1328
1959.88,60.3665
1960.14,62.9909
1960.2,63.0807
1960.44,61.5215
1960.74,55.8436
1961.26,40.3974
1961.71,26.9723
1961.99,20.2183
1962.26,15.3245
1962.51,11.8403
1962.74,9.49933
1963.01,7.48737
1963.26,6.11281
1963.55,4.92215
1963.9,3.93042
1964.25,3.20431
1964.67,2.59241
1965.13,2.10597
1965.66,1.69701
1966.23,1.38248
1966.9,1.11114
1967.68,0.888888
1968.56,0.710795
1969.51,0.574137
1970.53,0.468167
1971.71,0.378329
1972.98,0.308599
1974.46,0.249758
1976.11,0.202627
1977.89,0.165889
1979.84,0.136505
1982.21,0.110739
1985.0,0.0891822
1987.96,0.0729306
1991.35,0.0596585
1995.58,0.0480505
1999.81,0.039928
2004.89,0.0330944
2009.97,0.0284177
2015.72,0.024985
2020.8,0.0235679
2021.82,0.0235343
2025.62,0.024618
2027.91,0.0268846
2029.54,0.0301577
2030.9,0.0349805
2031.86,0.0403951
2032.72,0.0479537
2033.39,0.057082
2033.95,0.0683913
2034.43,0.0824088
2034.79,0.0978996
2035.08,0.115766
2035.32,0.137807
2035.51,0.164415
2035.68,0.199615
2035.83,0.244683
2035.95,0.298567
2036.06,0.365448
2036.16,0.448661
2036.26,0.559042
2036.36,0.704707
2036.47,0.917538
2036.58,1.20056
2036.7,1.5949
2036.81,2.0906
2036.94,2.81088
2037.06,3.7325
2037.21,5.10656
2037.37,6.97192
2037.59,10.0942
2038.21,20.4868
2038.45,23.2878
2038.69,24.3384
2038.7,24.3412
2038.93,23.4127
2039.16,20.9325
2039.53,14.8867
2039.86,9.341
2040.05,6.71426
2040.21,4.90033
2040.36,3.57158
2040.49,2.64726
2040.61,1.99366
2040.73,1.49055
2040.84,1.14411
2040.95,0.879256
2041.06,0.679433
2041.17,0.530294
2041.27,0.419906
2041.39,0.330997
2041.52,0.267755
2041.64,0.222535
2041.78,0.184385
2041.95,0.154128
2042.14,0.130747
2042.37,0.11197
2042.69,0.0935608
2043.08,0.0783836
2043.56,0.0652473
2044.14,0.0544642
2044.81,0.0459365
2045.59,0.0393675
2046.55,0.033971
2047.71,0.0299233
2049.12,0.0271185
2050.53,0.0257654
2051.46,0.0255097
2053.69,0.0265822
2055.18,0.0289403
2056.29,0.0320262
2057.41,0.0368259
2058.46,0.0438945
2059.21,0.0514322
2059.9,0.0613564
2060.53,0.0744502
2061.07,0.0907073
2061.55,0.111692
2061.92,0.134247
2062.22,0.160901
2062.47,0.193137
2062.67,0.231102
2062.84,0.280192
2062.99,0.341929
2063.12,0.418328
2063.24,0.518896
2063.37,0.658677
2063.47,0.820931
2063.58,1.0347
2063.68,1.31431
2063.79,1.67633
2063.91,2.21521
2064.03,2.91691
2064.16,3.8972
2064.3,5.22348
2064.46,7.2191
2064.64,9.99418
2064.89,14.7601
2065.36,24.3419
2065.63,28.4451
2065.87,29.9417
2065.9,29.9629
2066.13,28.8821
2066.35,26.0119
2066.7,19.1341
2067.07,11.5479
2067.28,8.07414
2067.44,5.93141
2067.59,4.36487
2067.73,3.22773
2067.85,2.42917
2067.96,1.88293
2068.08,1.42478
2068.19,1.11959
2068.29,0.885437
2068.41,0.696348
2068.52,0.556166
2068.63,0.452544
2068.77,0.363012
2068.9,0.299926
2069.06,0.248389
2069.25,0.205037
2069.5,0.168199
2069.8,0.138603
2070.19,0.112919
2070.61,0.0930332
2071.13,0.0756792
2071.73,0.0617154
2072.43,0.0503809
2073.19,0.0417662
2074.17,0.034092
2075.31,0.0280647
2076.63,0.0233572
2077.96,0.0201088
2079.86,0.0169275
2082.06,0.0145419
2084.99,0.0124152
2088.66,0.0107442
2094.53,0.00919986
2101.86,0.00803082
2110.65,0.00723673
2125.32,0.00651229
2142.91,0.00618473
2148.78,0.00614189
2166.37,0.00630259
2180.89,0.00672846
2193.88,0.00730302
2209.02,0.00847346
2217.68,0.0094913
2226.33,0.0108949
2232.83,0.0124816
2237.69,0.0143457
2240.74,0.0163287
2242.89,0.0186972
2244.31,0.0215402
2245.28,0.0247869
2246.03,0.0289355
2246.53,0.033309
2246.91,0.0383895
2247.17,0.0438262
2247.37,0.0502662
2247.53,0.0583774
2247.67,0.0678226
2247.8,0.0813031
2247.93,0.100727
2248.05,0.124664
2248.17,0.157526
2248.28,0.199839
2248.39,0.256096
2248.5,0.32999
2248.62,0.436693
2248.74,0.576011
2248.87,0.769581
2249.02,1.03923
2249.17,1.41312
2249.36,1.97296
2249.61,2.91909
2250.13,5.15244
2250.42,6.03744
2250.66,6.36018
2250.7,6.36537
2250.94,6.12918
2251.18,5.45355
2251.59,3.80441
2251.92,2.43612
2252.12,1.73473
2252.29,1.26621
2252.44,0.924249
2252.57,0.697625
2252.69,0.532008
2252.82,0.403396
2252.94,0.30544
2253.04,0.242899
2253.14,0.19435
2253.25,0.155261
2253.36,0.123747
2253.48,0.100832
2253.61,0.0822668
2253.75,0.0694062
2253.91,0.0586118
2254.11,0.0503916
2254.36,0.0440284
2254.72,0.0386354
2255.19,0.034293
2255.9,0.0304693
2256.58,0.0283348
2257.91,0.0262567
2259.68,0.0255354
2262.91,0.0265769
2267.09,0.0301982
2270.91,0.0354898
2273.77,0.041758
2275.81,0.0485586
2277.26,0.0559331
2278.42,0.0648112
2279.44,0.0769064
2280.16,0.0904209
2280.74,0.10702
2281.15,0.124783
2281.48,0.146744
2281.72,0.172944
2281.89,0.199346
2282.05,0.238051
2282.19,0.284929
2282.32,0.351724
2282.44,0.428845
2282.55,0.532483
2282.66,0.670932
2282.78,0.854235
2282.89,1.0888
2283.02,1.43974
2283.14,1.89873
2283.27,2.48678
2283.42,3.38732
2283.58,4.62188
2283.78,6.42672
2284.04,9.49233
2284.55,15.9713
2284.82,18.4788
2285.08,19.3932
2285.1,19.4007
2285.33,18.7403
2285.56,16.8965
2285.94,12.3496
2286.32,7.62872
2286.53,5.35496
2286.71,3.87641
2286.86,2.88646
2287.0,2.17676
2287.12,1.6748
2287.24,1.28372
2287.37,0.984631
2287.49,0.759718
2287.6,0.603897
2287.73,0.475516
2287.85,0.383269
2287.98,0.317332
2288.14,0.260672
2288.3,0.223031
2288.46,0.197458
2288.69,0.172524
2289.02,0.151646
2289.46,0.135264
2290.13,0.121571
2290.79,0.114417
2292.11,0.109673
2293.62,0.112463
2295.89,0.125999
2298.15,0.14878
2300.42,0.182552
2302.4,0.224897
2304.18,0.278636
2305.75,0.345565
2307.21,0.432864
2308.42,0.533811
2309.48,0.655137
2310.54,0.823982
2311.44,1.02751
2312.25,1.28004
2312.98,1.60052
2313.6,1.97757
2314.14,2.43279
2314.62,2.99161
2315.08,3.72442
2315.48,4.60014
2315.82,5.61966
2316.18,7.12146
2316.49,8.8541
2316.81,11.2155
2317.15,14.6158
2317.53,19.6657
2318.13,29.6014
2318.62,37.5498
2319.0,41.7222
2319.3,42.816
2319.64,41.4033
2320.07,36.3453
2321.02,20.3023
2321.4,15.1852
2321.74,11.6448
2322.08,9.00708
2322.39,7.23497
2322.72,5.81267
2323.08,4.70863
2323.45,3.83909
2323.9,3.0992
2324.41,2.4779
2324.94,2.01888
2325.54,1.63639
2326.22,1.32425
2327.02,1.062
2327.86,0.860745
2328.87,0.687819
2329.98,0.55213
2331.18,0.445817
2332.47,0.363869
2334.05,0.29122
2335.67,0.237986
2337.43,0.195411
2339.44,0.160137
2341.71,0.131842
2343.97,0.111998
2346.11,0.0998028
2347.69,0.0962612
2348.34,0.0976703
2348.85,0.101859
2349.19,0.108789
2349.44,0.119688
2349.65,0.136782
2349.82,0.159927
2349.97,0.191188
2350.09,0.229787
2350.22,0.283209
2350.35,0.355995
2350.47,0.45344
2350.6,0.581375
2350.74,0.771115
2350.9,1.03353
2351.07,1.41308
2351.26,1.94429
2351.52,2.8458
2352.04,4.77289
2352.32,5.54104
2352.58,5.8061
2352.6,5.80722
2352.84,5.59344
2353.09,5.00168
2353.48,3.59779
2353.84,2.24231
2354.06,1.59721
2354.23,1.17647
2354.38,0.876556
2354.52,0.667472
2354.65,0.513529
2354.78,0.392356
2354.92,0.302036
2355.05,0.236031
2355.19,0.188593
2355.32,0.154953
2355.47,0.128558
2355.62,0.110963
2355.82,0.0963951
2356.05,0.0863137
2356.42,0.0772628
2357.06,0.0689397
2357.98,0.0622827
2359.44,0.0562043
2362.0,0.0506713
2363.83,0.0483695
2367.49,0.046521
2370.96,0.0476437
2373.56,0.0506901
2376.03,0.0560037
2378.44,0.0645467
2380.44,0.0757743
2382.24,0.0910881
2383.65,0.10848
2384.92,0.130795
2386.08,0.160049
2387.09,0.195571
2387.95,0.238709
2388.77,0.296051
2389.46,0.36369
2390.04,0.443737
2390.59,0.548809
2391.06,0.6736
2391.46,0.822398
2391.83,1.01467
2392.13,1.23892
2392.37,1.49505
2392.59,1.81367
2392.81,2.26643
2393.0,2.84871
2393.17,3.56118
2393.32,4.39337
2393.5,5.67641
2393.66,7.32431
2393.82,9.37745
2394.01,12.4613
2394.22,16.9999
2394.48,23.8047
2395.23,47.7066
2395.53,54.4443
2395.8,56.4769
2396.07,54.4322
2396.37,47.6851
2397.16,22.8129
2397.4,16.4392
2397.59,12.393
2397.77,9.42178
2397.95,7.13611
2398.13,5.47866
2398.29,4.28816
2398.44,3.48059
2398.62,2.78343
2398.82,2.20743
2399.02,1.79996
2399.22,1.50504
2399.49,1.22425
2399.81,0.990917
2400.14,0.818948
2400.54,0.669945
2401.01,0.544963
2401.56,0.439671
2402.14,0.359382
2402.88,0.287283
2403.68,0.231754
2404.53,0.189436
2405.58,0.152091
2406.68,0.124203
2407.89,0.102186
2409.29,0.0836497
2410.86,0.0687682
2412.49,0.0575067
2414.53,0.047408
2417.1,0.0384907
2420.11,0.0313785
2423.31,0.0261768
2426.65,0.022337
2431.32,0.0186381
2436.28,0.0160053
2442.91,0.0137407
2450.32,0.0122665
2456.15,0.0115078
2464.75,0.011053
2473.35,0.0113094
2480.86,0.0121156
2487.44,0.0135186
2493.24,0.0155398
2498.08,0.0181196
2501.95,0.0210995
2505.83,0.0253618
2509.12,0.0305534
2512.21,0.0375036
2514.92,0.046277
2517.25,0.056969
2519.28,0.0701287
2521.02,0.0858203
2522.71,0.107189
2524.12,0.131944
2525.3,0.160606
2526.44,0.198427
2527.45,0.245348
2528.33,0.300769
2529.15,0.373049
2529.83,0.454829
2530.51,0.569812
2531.09,0.705222
2531.61,0.877727
2532.07,1.09272
2532.47,1.3551
2532.81,1.67928
2533.08,2.04262
2533.31,2.47206
2533.54,3.06731
2533.74,3.74758
2533.93,4.66301
2534.14,6.00267
2534.34,7.77916
2534.54,10.0433
2534.75,13.2316
2535.0,18.0783
2535.32,25.759
2535.98,43.6433
2536.26,49.0023
2536.56,51.5945
2536.6,51.6344
2536.89,49.6892
2537.19,44.295
2538.07,20.9795
2538.34,15.1731
2538.56,11.4217
2538.77,8.76315
2538.97,6.73906
2539.17,5.23191
2539.37,4.15855
2539.57,3.36454
2539.79,2.69501
2540.04,2.18725
2540.33,1.75838
2540.65,1.42834
2540.99,1.17162
2541.4,0.955863
2541.84,0.787661
2542.36,0.640431
2542.99,0.513408
2543.66,0.415442
2544.46,0.332692
2545.31,0.269716
2546.28,0.217747
2547.29,0.178098
2548.45,0.145006
2549.91,0.115459
2551.43,0.0933575
2553.05,0.0763245
2554.99,0.0616482
2556.97,0.0507677
2559.34,0.0413351
2561.86,0.0341027
2564.76,0.0280755
2568.15,0.0230125
2572.31,0.0186594
2576.57,0.0155514
2581.99,0.0127785
2588.08,0.010656
2593.89,0.00923374
2603.08,0.00772286
2612.21,0.00679119
2621.34,0.00611369
2633.52,0.00557721
2645.7,0.00528958
2657.88,0.00518561
2670.06,0.00524728
2685.28,0.00562364
2694.42,0.00615097
2699.97,0.00677408
2704.13,0.00754146
2707.47,0.00862614
2709.97,0.00997934
2711.93,0.0116974
2713.33,0.0136102
2714.45,0.0158686
2715.43,0.0187648
2716.28,0.0223691
2717.02,0.0269409
2717.66,0.0326159
2718.19,0.0394178
2718.61,0.0471624
2718.96,0.0564226
2719.25,0.0673472
2719.46,0.0794472
2719.63,0.0940631
2719.79,0.112969
2719.93,0.13506
2720.06,0.16552
2720.19,0.20776
2720.31,0.259576
2720.43,0.328843
2720.55,0.424747
2720.68,0.55216
2720.8,0.719383
2720.92,0.935811
2721.06,1.25649
2721.2,1.66308
2721.36,2.23764
2721.52,3.01308
2721.72,4.17333
2722.0,6.18414
2722.61,11.0926
2722.9,12.766
2723.17,13.4139
2723.2,13.4196
2723.45,12.956
2723.7,11.7082
2724.08,8.86565
2724.52,5.23901
2724.74,3.75775
2724.94,2.68199
2725.11,1.96645
2725.26,1.47741
2725.39,1.12691
2725.53,0.841162
2725.65,0.652284
2725.77,0.505739
2725.89,0.39345
2726.0,0.308311
2726.11,0.249497
2726.24,0.195744
2726.38,0.156988
2726.51,0.129007
2726.66,0.105846
2726.82,0.089192
2727.04,0.0737946
2727.29,0.0621391
2727.59,0.0522907
2727.98,0.0437683
2728.51,0.0357986
2729.13,0.0294844
2729.88,0.0243003
2730.78,0.0201621
2731.83,0.0169962
2733.0,0.014644
2734.48,0.0127691
2736.25,0.0113418
2738.79,0.0101264
2741.33,0.00947185
2747.17,0.00892028
2748.69,0.0088965
2766.73,0.0101608
2775.52,0.0115577
2782.56,0.0131668
2787.83,0.0150173
2792.23,0.0175359
2794.87,0.020232
2796.33,0.0227014
2797.56,0.0259706
2798.53,0.0301721
2799.31,0.0355731
2799.85,0.0414262
2800.17,0.0466744
2800.44,0.0531045
2800.66,0.0613469
2800.83,0.0707586
2801.01,0.0847153
2801.14,0.100933
2801.28,0.123796
2801.42,0.156073
2801.54,0.19492
2801.66,0.246922
2801.78,0.319709
2801.91,0.416403
2802.04,0.543061
2802.16,0.706397
2802.3,0.934743
2802.44,1.24236
2802.61,1.69616
2802.8,2.32161
2803.02,3.25986
2803.36,5.02748
2803.79,7.29001
2804.09,8.45531
2804.37,8.88059
2804.4,8.88408
2804.66,8.56373
2804.91,7.72458
2805.32,5.69762
2805.74,3.43998
2805.97,2.44006
2806.17,1.74438
2806.34,1.28101
2806.49,0.951374
2806.62,0.731472
2806.76,0.550073
2806.89,0.422536
2807.01,0.325132
2807.13,0.257611
2807.24,0.205983
2807.35,0.167195
2807.48,0.134192
2807.62,0.11041
2807.77,0.0909339
2807.94,0.0760223
2808.16,0.0641691
2808.38,0.056646
2808.72,0.0491533
2809.08,0.044315
2809.61,0.0395393
2810.49,0.0348496
2811.56,0.0318507
2812.97,0.0299343
2814.88,0.0292529
2818.31,0.0302841
2823.21,0.0343145
2828.11,0.0406929
2833.01,0.0498992
2837.43,0.0619262
2840.86,0.0750445
2844.29,0.0933319
2847.39,0.116868
2850.01,0.14477
2852.21,0.177486
2854.32,0.22096
2856.02,0.269368
2857.49,0.32589
2858.96,0.402952
2860.33,0.50315
2861.57,0.63064
2862.62,0.780357
2863.58,0.972065
2864.38,1.19178
2865.11,1.46417
2865.83,1.83846
2866.43,2.27139
2866.94,2.7821
2867.46,3.48592
2867.91,4.35569
2868.31,5.39384
2868.71,6.79634
2869.11,8.64107
2869.52,11.2335
2869.97,14.8149
2871.1,25.3127
2871.51,27.8416
2871.9,28.7169
2872.34,27.589
2872.76,24.7709
2873.98,13.5422
2874.43,10.174
2874.82,7.95776
2875.22,6.25382
2875.63,4.99227
2876.08,3.94364
2876.54,3.18583
2877.06,2.55766
2877.62,2.07434
2878.27,1.66371
2879.02,1.3273
2879.81,1.07552
2880.74,0.860725
2881.77,0.691454
2882.85,0.563275
2884.15,0.451403
2885.56,0.365545
2887.13,0.2967
2888.99,0.238665
2891.05,0.193672
2893.22,0.159714
2895.67,0.13235
2898.53,0.109972
2901.31,0.0946989
2905.23,0.0801884
2909.04,0.0713763
2912.74,0.0662951
2918.57,0.063508
2923.85,0.0658277
2927.69,0.0705469
2931.83,0.0792522
2935.97,0.0931285
2939.6,0.111629
2942.56,0.13354
2945.54,0.165104
2947.78,0.198451
2949.81,0.239887
2951.73,0.293652
2953.45,0.360861
2955.01,0.44442
2956.5,0.556637
2957.72,0.684763
2958.88,0.853286
2959.87,1.05114
2960.78,1.30373
2961.57,1.60846
2962.32,2.00187
2962.97,2.47715
2963.57,3.07897
2964.15,3.88578
2964.66,4.86145
2965.16,6.16811
2965.63,7.86166
2966.15,10.3125
2966.77,14.1186
2967.81,21.0486
2968.37,23.419
2968.7,23.828
2969.1,23.2339
2969.63,20.8428
2971.02,11.5907
2971.54,8.84302
2972.03,6.83316
2972.53,5.34713
2973.06,4.20099
2973.57,3.39833
2974.17,2.70618
2974.83,2.15895
2975.54,1.7402
2976.36,1.38644
2977.23,1.11976
2978.23,0.899625
2979.35,0.721797
2980.65,0.574154
2981.96,0.467715
2983.41,0.380935
2985.06,0.308605
2987.01,0.247416
2989.25,0.197441
2991.49,0.161532
2994.09,0.131029
2996.87,0.107251
3000.18,0.0866632
3003.91,0.0700726
3008.06,0.0568693
3012.2,0.0472544
3017.38,0.0385406
3022.14,0.0327553
3028.36,0.0274265
3032.5,0.0251319
3036.64,0.0241432
3039.28,0.0251025
3040.6,0.0266668
3041.48,0.028595
3042.36,0.0318268
3043.02,0.0358039
3043.57,0.0411604
3043.96,0.0473476
3044.23,0.0546038
3044.46,0.0644128
3044.64,0.076734
3044.8,0.0928666
3044.94,0.112657
3045.08,0.140276
3045.21,0.17849
3045.33,0.220965
3045.44,0.27595
3045.55,0.346498
3045.69,0.456609
3045.82,0.600871
3045.97,0.80671
3046.13,1.08499
3046.3,1.48222
3046.49,2.03771
3046.72,2.88201
3047.06,4.40468
3047.59,6.9144
3047.9,7.9579
3048.19,8.30892
3048.2,8.3095
3048.48,8.00439
3048.75,7.15726
3049.18,5.19409
3049.6,3.21651
3049.84,2.26976
3050.03,1.67331
3050.2,1.23507
3050.35,0.927269
3050.51,0.687292
3050.64,0.524815
3050.78,0.399258
3050.91,0.303803
3051.05,0.232335
3051.18,0.179521
3051.31,0.140908
3051.45,0.112899
3051.58,0.0926609
3051.73,0.076979
3051.87,0.0663668
3052.05,0.0565007
3052.28,0.0484227
3052.56,0.0421669
3052.92,0.0367237
3053.45,0.0316629
3054.12,0.0273511
3054.96,0.023813
3056.12,0.020711
3057.7,0.018144
3060.22,0.0157452
3063.36,0.0140295
3067.91,0.01246
3073.99,0.0112187
3080.13,0.0106619
3082.17,0.0106492
3086.26,0.0111347
3088.82,0.0121394
3090.35,0.0132896
3091.65,0.0149207
3092.73,0.0171613
3093.6,0.0199865
3094.36,0.023825
3094.9,0.0279665
3095.33,0.0328403
3095.69,0.0389281
3095.89,0.0442347
3096.1,0.0519305
3096.28,0.0613976
3096.45,0.0753862
3096.59,0.0915297
3096.73,0.114095
3096.85,0.139626
3096.96,0.173292
3097.08,0.217433
3097.19,0.274899
3097.32,0.357516
3097.44,0.458104
3097.58,0.604597
3097.71,0.793201
3097.87,1.07023
3098.03,1.45803
3098.21,1.97195
3098.43,2.76491
3098.69,3.93057
3099.36,7.3537
3099.67,8.50351
3099.96,8.96464
3100.0,8.97217
3100.28,8.64263
3100.56,7.7275
3100.99,5.6064
3101.41,3.46923
3101.66,2.41678
3101.85,1.78914
3102.02,1.3177
3102.18,0.983111
3102.32,0.748797
3102.46,0.565407
3102.59,0.429697
3102.72,0.329972
3102.85,0.253938
3102.96,0.2012
3103.08,0.160787
3103.19,0.130015
3103.32,0.104048
3103.46,0.0841863
3103.62,0.0686279
3103.77,0.0577563
3103.96,0.0487343
3104.21,0.0408122
3104.48,0.0349764
3104.86,0.0297426
3105.32,0.0252624
3105.84,0.021686
3106.62,0.0180791
3107.55,0.0152369
3108.58,0.0131399
3109.83,0.0114602
3111.49,0.0100062
3113.99,0.00869101
3117.4,0.00761958
3121.28,0.00692184
3127.09,0.00625846
3136.78,0.00564614
3145.83,0.00528946
3156.87,0.00508156
3162.75,0.00503383
3171.57,0.00518123
3178.92,0.00557734
3183.33,0.00603809
3186.64,0.00662972
3189.94,0.00758626
3192.88,0.0089516
3194.72,0.0103031
3196.56,0.0123253
3198.03,0.0147208
3199.2,0.0174769
3200.2,0.0208346
3201.16,0.0254195
3201.96,0.0309085
3202.62,0.0372674
3203.23,0.045612
3203.76,0.0557942
3204.15,0.0662636
3204.5,0.0797856
3204.78,0.0958393
3204.99,0.113621
3205.17,0.134921
3205.32,0.162064
3205.48,0.200637
3205.61,0.245397
3205.75,0.306169
3205.88,0.388568
3206.01,0.504057
3206.15,0.654315
3206.28,0.853263
3206.41,1.11346
3206.54,1.44897
3206.69,1.91502
3206.84,2.55839
3207.01,3.46218
3207.18,4.61115
3207.39,6.36423
3207.66,9.14419
3208.37,17.2504
3208.7,19.9009
3208.99,20.76
3209.0,20.7605
3209.28,20.0114
3209.56,17.928
3210.0,13.101
3210.45,7.9117
3210.69,5.62396
3210.89,4.10967
3211.08,2.98902
3211.24,2.20835
3211.38,1.69351
3211.52,1.28864
3211.66,0.975819
3211.79,0.738029
3211.92,0.569693
3212.06,0.44082
3212.19,0.344938
3212.32,0.274055
3212.45,0.221827
3212.6,0.180069
3212.75,0.147713
3212.94,0.121586
3213.15,0.101345
3213.4,0.085097
3213.68,0.0726324
3214.07,0.0601555
3214.55,0.0496745
3215.09,0.0412172
3215.77,0.0335636
3216.46,0.028128
3217.35,0.02309
3218.4,0.0190463
3219.55,0.0159867
3220.96,0.0134435
3222.61,0.0114448
3224.58,0.00988279
3226.56,0.00888898
3229.52,0.00794803
3233.64,0.00733414
3236.77,0.00719235
3241.46,0.0073624
3246.15,0.00795754
3250.84,0.00909865
3254.95,0.0107622
3257.83,0.0125207
3260.59,0.0150036
3262.88,0.0179985
3264.93,0.0218086
3266.69,0.0264364
3268.32,0.032537
3269.63,0.0394418
3270.86,0.048425
3271.89,0.0587688
3272.91,0.0732236
3273.75,0.0897851
3274.48,0.109786
3275.17,0.136015
3275.75,0.167129
3276.28,0.20691
3276.72,0.253216
3277.09,0.307906
3277.4,0.375482
3277.65,0.453706
3277.87,0.551798
3278.06,0.670508
3278.24,0.826496
3278.4,1.02888
3278.57,1.30596
3278.74,1.68389
3278.9,2.18002
3279.06,2.82268
3279.24,3.76194
3279.42,4.97833
3279.59,6.51102
3279.82,9.02917
3280.09,12.8834
3280.6,21.5721
3281.0,28.0763
3281.32,31.6468
3281.6,32.6721
3281.89,31.5155
3282.23,27.7082
3282.82,17.7044
3283.17,11.8984
3283.41,8.64301
3283.61,6.46885
3283.81,4.81761
3283.99,3.59502
3284.16,2.74292
3284.32,2.12283
3284.48,1.63056
3284.65,1.26678
3284.82,1.00022
3284.99,0.795236
3285.18,0.644211
3285.36,0.535407
3285.57,0.445833
3285.84,0.36463
3286.15,0.300307
3286.53,0.246508
3286.97,0.202062
3287.44,0.167512
3288.0,0.137184
3288.7,0.110224
3289.43,0.0900561
3290.33,0.0723252
3291.33,0.0583361
3292.34,0.0482491
3293.65,0.0387675
3294.97,0.032008
3296.6,0.0260217
3298.5,0.0211541
3300.73,0.0172084
3303.22,0.0141994
3305.71,0.012083
3309.26,0.0100224
3312.82,0.00866055
3317.47,0.00746041
3322.91,0.00658035
3329.44,0.00595237
3333.8,0.00570913
3345.77,0.00545714
3359.93,0.00572228
3370.82,0.00631551
3380.04,0.00716798
3386.77,0.00809718
3392.15,0.00924431
3396.86,0.0108035
3399.78,0.0122055
3402.47,0.0141891
3404.71,0.0167675
3406.49,0.0199017
3407.78,0.023384
3408.86,0.0276941
3409.84,0.0335791
3410.62,0.0406396
3411.18,0.0479059
3411.68,0.0571008
3412.07,0.0674363
3412.38,0.079681
3412.59,0.0921362
3412.8,0.109962
3412.98,0.132547
3413.13,0.1594
3413.28,0.197015
3413.44,0.249932
3413.56,0.309696
3413.69,0.391704
3413.82,0.50023
3413.95,0.642548
3414.08,0.827118
3414.22,1.09046
3414.37,1.46582
3414.53,1.95159
3414.7,2.6431
3414.89,3.61222
3415.1,4.9359
3415.36,7.04194
3416.14,14.2055
3416.47,16.3812
3416.78,17.1746
3416.8,17.1786
3417.08,16.6048
3417.36,14.9499
3417.8,11.0922
3418.28,6.67325
3418.53,4.75489
3418.74,3.46728
3418.92,2.56766
3419.09,1.89358
3419.24,1.42132
3419.38,1.09293
3419.52,0.829696
3419.65,0.645191
3419.78,0.502923
3419.91,0.394412
3420.04,0.312424
3420.18,0.246545
3420.32,0.199793
3420.47,0.162221
3420.62,0.135421
3420.8,0.112914
3421.01,0.0951978
3421.26,0.0812614
3421.54,0.0705511
3421.92,0.0607503
3422.49,0.0509209
3423.1,0.0438476
3423.96,0.0373022
3424.99,0.0324354
3426.25,0.0289243
3427.78,0.0266522
3429.62,0.0255012
3430.73,0.0253435
3434.26,0.0263689
3438.3,0.0297499
3441.94,0.034834
3445.07,0.0412569
3447.89,0.0494842
3450.1,0.0589247
3451.68,0.0685816
3453.05,0.0805966
3454.23,0.0960939
3455.04,0.112602
3455.62,0.130227
3456.03,0.14925
3456.31,0.170501
3456.55,0.196812
3456.73,0.228715
3456.91,0.273377
3457.05,0.323989
3457.21,0.403588
3457.35,0.50198
3457.5,0.635363
3457.64,0.814372
3457.78,1.05161
3457.93,1.38361
3458.09,1.83096
3458.24,2.40653
3458.42,3.24705
3458.6,4.33485
3458.82,5.95224
3459.12,8.68606
3459.86,16.3767
3460.18,18.6733
3460.49,19.5101
3460.5,19.511
3460.81,18.748
3461.13,16.5111
3461.67,10.8875
3462.06,7.04655
3462.31,4.976
3462.51,3.68735
3462.69,2.75716
3462.86,2.05682
3463.03,1.54702
3463.16,1.22031
3463.3,0.967216
3463.44,0.774157
3463.58,0.62897
3463.72,0.521178
3463.88,0.429002
3464.05,0.366216
3464.21,0.323853
3464.43,0.288238
3464.68,0.265764
3465.05,0.249217
3465.68,0.242541
3466.54,0.250518
3467.85,0.283482
3469.03,0.332998
3470.23,0.406724
3471.33,0.505896
3472.24,0.620895
3473.03,0.760085
3473.75,0.933536
3474.46,1.17252
3475.06,1.46306
3475.59,1.82116
3476.02,2.22875
3476.42,2.73717
3476.82,3.43961
3477.18,4.31751
3477.53,5.49267
3477.86,6.94566
3478.21,8.98199
3478.64,12.1633
3479.83,22.9095
3480.26,25.3524
3480.6,26.0121
3481.02,25.0063
3481.45,22.2741
3482.63,11.6375
3483.04,8.64996
3483.42,6.56786
3483.77,5.11325
3484.12,4.03693
3484.51,3.18514
3484.91,2.5528
3485.34,2.05458
3485.82,1.65582
3486.34,1.34915
3486.94,1.08938
3487.65,0.872716
3488.35,0.715789
3489.24,0.573435
3490.17,0.465149
3491.22,0.376105
3492.5,0.299675
3493.78,0.244386
3495.28,0.197781
3496.97,0.160044
3498.73,0.131548
3500.87,0.106861
3503.13,0.0886205
3505.78,0.0744152
3508.04,0.067066
3509.74,0.0645379
3510.31,0.0644018
3511.57,0.0658331
3512.83,0.0707421
3513.77,0.0783811
3514.56,0.0896063
3515.19,0.104663
3515.63,0.121762
3515.96,0.1422
3516.19,0.164716
3516.38,0.191062
3516.57,0.229291
3516.74,0.277485
3516.9,0.345962
3517.05,0.427444
3517.19,0.537121
3517.33,0.683625
3517.47,0.877345
3517.61,1.13032
3517.77,1.49241
3517.93,1.96111
3518.1,2.62986
3518.29,3.53969
3518.49,4.78843
3518.75,6.7846
3519.17,10.6814
3519.67,15.4089
3519.99,17.4297
3520.3,18.1608
3520.3,18.1608
3520.6,17.5082
3520.87,15.8355
3521.34,11.6392
3521.8,7.17505
3522.08,4.98283
3522.3,3.63038
3522.47,2.75236
3522.64,2.08619
3522.8,1.57255
3522.96,1.17767
3523.1,0.912885
3523.24,0.709261
3523.39,0.546526
3523.52,0.440488
3523.67,0.35177
3523.81,0.286295
3523.99,0.229975
3524.16,0.190619
3524.35,0.160374
3524.59,0.134297
3524.84,0.116518
3525.16,0.0999991
3525.6,0.0845973
3526.18,0.0707337
3526.87,0.0593281
3527.75,0.0494894
3528.8,0.0416158
3530.05,0.0352107
3531.53,0.0300314
3533.67,0.0250565
3536.24,0.0212082
3539.61,0.017735
3543.78,0.0148605
3548.65,0.0126302
3554.21,0.0107476
3561.17,0.00908911
3568.12,0.00791256
3576.46,0.00693032
3587.12,0.00613544
3595.99,0.00585602
3602.89,0.0060821
3605.79,0.00643555
3608.6,0.00716268
3610.47,0.00804741
3611.87,0.00913333
3613.0,0.0105156
3613.98,0.0123936
3614.8,0.0148125
3615.46,0.0177658
3615.95,0.0211045
3616.24,0.0240031
3616.54,0.0282265
3616.77,0.033207
3616.97,0.0395715
3617.13,0.0472583
3617.29,0.0582466
3617.44,0.0722284
3617.59,0.09168
3617.71,0.113521
3617.83,0.142042
3617.96,0.179026
3618.08,0.226572
3618.2,0.287092
3618.35,0.380661
3618.51,0.509552
3618.67,0.685387
3618.85,0.934567
3619.04,1.2736
3619.27,1.78234
3619.56,2.58238
3620.32,4.95333
3620.65,5.6981
3620.96,5.99574
3621.0,6.0006
3621.3,5.78804
3621.59,5.19603
3622.05,3.81317
3622.52,2.34042
3622.79,1.63436
3623.01,1.17171
3623.2,0.857359
3623.37,0.641966
3623.53,0.474251
3623.67,0.363459
3623.82,0.273994
3623.94,0.216262
3624.07,0.170991
3624.19,0.135832
3624.31,0.108752
3624.44,0.0868435
3624.59,0.0687353
3624.74,0.0557175
3624.9,0.0454722
3625.07,0.0382833
3625.26,0.0323003
3625.51,0.0273076
3625.81,0.0233532
3626.25,0.0194886
3626.74,0.0166157
3627.36,0.0140922
3628.18,0.0118478
3629.0,0.0103209
3630.28,0.00875601
3631.72,0.00765041
3633.78,0.00670151
3636.25,0.0060536
3640.29,0.00550254
3644.33,0.00525414
3649.37,0.00515821
3660.48,0.00542956
3671.08,0.00617496
3678.68,0.00712989
3685.01,0.00834515
3690.29,0.00982677
3695.57,0.0119779
3699.79,0.0144873
3703.48,0.0175993
3706.96,0.0217562
3709.92,0.0267994
3712.66,0.0334721
3714.88,0.041072
3716.88,0.0506244
3718.73,0.0629289
3720.42,0.0787808
3721.9,0.0983717
3723.16,0.121953
3724.27,0.150627
3725.22,0.184427
3726.17,0.231512
3726.91,0.282353
3727.58,0.345751
3728.21,0.427175
3728.73,0.519745
3729.21,0.638743
3729.62,0.781821
3729.95,0.939458
3730.26,1.15149
3730.56,1.43255
3730.81,1.77539
3731.05,2.20285
3731.28,2.77663
3731.49,3.48018
3731.7,4.39837
3731.93,5.71217
3732.18,7.572
3732.48,10.3612
3732.84,14.6025
3733.68,25.7555
3734.08,29.2384
3734.4,30.1858
3734.7,29.3293
3735.01,26.8788
3735.52,20.6128
3736.11,12.7477
3736.44,9.10369
3736.71,6.85593
3736.93,5.31727
3737.14,4.19427
3737.35,3.32322
3737.57,2.64292
3737.81,2.08843
3738.02,1.72247
3738.28,1.38579
3738.54,1.15126
3738.85,0.939125
3739.23,0.760151
3739.66,0.620074
3740.1,0.512586
3740.64,0.418594
3741.26,0.340549
3742.0,0.273506
3742.82,0.220459
3743.74,0.177522
3744.69,0.145454
3745.8,0.118104
3747.06,0.0955037
3748.54,0.0766407
3750.23,0.0613083
3752.02,0.0496546
3754.13,0.0398559
3756.56,0.0319
3759.09,0.025991
3761.84,0.0213589
3765.21,0.0172892
3769.12,0.0139704
3772.81,0.0117192
3777.24,0.00975631
3783.05,0.00794861
3788.85,0.00669317
3796.55,0.0055362
3805.72,0.00462761
3813.92,0.00408891
3824.86,0.00357612
3833.07,0.00330649
3844.01,0.00307002
3859.05,0.00291196
3863.15,0.00290209
3876.83,0.00304605
3883.66,0.00331315
3888.83,0.00371225
3892.55,0.00423871
3895.2,0.00488144
3897.22,0.0056398
3899.14,0.00673017
3900.73,0.00812009
3901.99,0.00978323
3903.08,0.0119111
3903.97,0.0144231
3904.71,0.0174379
3905.35,0.0210851
3905.89,0.02543
3906.3,0.0300284
3906.63,0.035169
3906.93,0.0421142
3907.16,0.049964
3907.36,0.0600518
3907.54,0.0725402
3907.68,0.0869959
3907.82,0.106025
3907.97,0.133543
3908.11,0.171389
3908.24,0.21338
3908.36,0.267585
3908.48,0.337046
3908.62,0.438688
3908.77,0.574737
3908.91,0.749741
3909.07,1.00727
3909.25,1.36993
3909.44,1.85573
3909.64,2.51372
3909.89,3.55349
3910.26,5.3753
3910.87,8.70645
3911.2,10.0666
3911.53,10.6814
3911.6,10.7025
3911.9,10.3503
3912.19,9.364
3912.65,7.02528
3913.18,4.15351
3913.46,2.88828
3913.69,2.07393
3913.87,1.54841
3914.06,1.13422
3914.22,0.845163
3914.37,0.649862
3914.51,0.496934
3914.65,0.378976
3914.8,0.289239
3914.93,0.226844
3915.05,0.181826
3915.2,0.141183
3915.35,0.111595
3915.5,0.0901083
3915.67,0.0723111
3915.85,0.0591688
3916.04,0.050038
3916.26,0.0424039
3916.55,0.0355214
3916.95,0.0293213
3917.49,0.0238385
3918.13,0.0193633
3918.83,0.0159351
3919.67,0.0130934
3920.64,0.0107986
3921.65,0.00913986
3922.95,0.00764413
3924.26,0.00659479
3926.07,0.00559158
3928.34,0.0047872
3930.61,0.00424645
3933.95,0.0037392
3936.37,0.00350062
3941.21,0.00319372
3948.48,0.00295676
3963.02,0.00281036
3965.44,0.00280771
3979.97,0.00285998
3999.35,0.00306929
4020.65,0.00349208
4036.63,0.00403157
4047.28,0.00457769
4055.26,0.00512893
4063.25,0.005976
4069.91,0.00708903
4073.9,0.00813293
4077.4,0.00950645
4080.39,0.0112979
4082.44,0.0131907
4084.36,0.0158652
4085.73,0.0187276
4086.93,0.0223952
4087.91,0.026738
4088.72,0.031928
4089.42,0.0383544
4089.96,0.0453262
4090.39,0.0530851
4090.75,0.0622511
4091.04,0.0729293
4091.29,0.0868306
4091.51,0.104702
4091.69,0.126457
4091.84,0.152347
4092.01,0.190407
4092.14,0.23362
4092.28,0.290817
4092.41,0.366156
4092.56,0.476072
4092.7,0.607163
4092.83,0.775222
4092.99,1.02863
4093.15,1.35694
4093.3,1.77444
4093.49,2.40407
4093.7,3.2838
4093.93,4.5771
4094.23,6.57763
4095.11,13.4321
4095.45,15.2939
4095.79,15.9888
4095.8,15.9899
4096.12,15.3869
4096.45,13.715
4096.95,9.86246
4097.42,6.18363
4097.71,4.31088
4097.93,3.17784
4098.14,2.30486
4098.32,1.71084
4098.48,1.29701
4098.64,0.974892
4098.79,0.746911
4098.94,0.571564
4099.09,0.438556
4099.22,0.346779
4099.36,0.276763
4099.5,0.223702
4099.66,0.176928
4099.8,0.146788
4099.98,0.119808
4100.16,0.101019
4100.38,0.0854636
4100.63,0.0732196
4100.92,0.0636834
4101.35,0.0540581
4101.89,0.0460357
4102.59,0.0391326
4103.37,0.0340311
4104.3,0.0300505
4105.54,0.0268745
4106.79,0.0251528
4108.62,0.0242368
4110.73,0.0247904
4113.37,0.0273918
4115.49,0.0310639
4117.6,0.036638
4119.45,0.0437855
4121.04,0.0524814
4122.62,0.0648963
4123.95,0.0797346
4125.08,0.0976167
4126.14,0.121157
4127.08,0.151176
4127.87,0.186987
4128.55,0.230048
4129.12,0.279794
4129.59,0.33651
4130.06,0.416002
4130.45,0.509563
4130.77,0.621536
4131.06,0.766353
4131.3,0.93642
4131.51,1.13775
4131.71,1.40943
4131.91,1.74597
4132.13,2.25984
4132.33,2.89938
4132.56,3.8389
4132.79,5.13815
4133.04,6.89344
4133.33,9.48028
4133.75,14.0562
4134.45,22.3001
4134.84,25.4219
4135.2,26.4716
4135.56,25.4176
4135.96,22.2158
4136.95,10.6335
4137.25,7.73205
4137.53,5.64975
4137.75,4.29282
4137.98,3.2438
4138.18,2.52314
4138.39,1.97502
4138.59,1.56345
4138.8,1.24942
4139.03,1.00347
4139.28,0.803446
4139.54,0.661932
4139.81,0.555146
4140.18,0.449102
4140.56,0.37456
4141.03,0.307483
4141.6,0.250109
4142.26,0.202566
4143.02,0.164014
4143.81,0.134947
4144.72,0.110873
4145.77,0.0906932
4146.91,0.0751278
4148.27,0.0617448
4149.85,0.0507886
4151.51,0.04272
4153.63,0.0356153
4155.72,0.0308634
4158.61,0.0264242
4162.08,0.0231752
4166.12,0.0211628
4171.33,0.0203277
4175.96,0.0207688
4181.74,0.0226954
4187.53,0.0263491
4192.16,0.0309708
4196.21,0.0368078
4199.97,0.0445842
4203.44,0.0548547
4206.41,0.0673158
4208.94,0.0821536
4211.11,0.0995934
4213.3,0.124065
4215.27,0.154918
4216.86,0.189718
4218.37,0.23524
4219.64,0.288446
4220.8,0.354766
4221.81,0.434159
4222.82,0.544394
4223.63,0.666818
4224.4,0.826403
4225.11,1.03303
4225.71,1.28146
4226.22,1.56692
4226.73,1.96258
4227.16,2.43411
4227.57,3.03633
4227.95,3.80777
4228.35,4.90664
4228.78,6.45826
4229.26,8.72824
4230.13,13.9717
4230.74,17.2971
4231.22,18.8867
4231.5,19.1439
4231.94,18.502
4232.37,16.7656
4233.79,8.49232
4234.23,6.39313
4234.62,4.97103
4235.03,3.85527
4235.43,3.03361
4235.82,2.45021
4236.28,1.95383
4236.79,1.55562
4237.35,1.24902
4237.95,1.01187
4238.66,0.811154
4239.48,0.645871
4240.41,0.514906
4241.36,0.418061
4242.52,0.333742
4243.72,0.270979
4245.04,0.22086
4246.54,0.179239
4248.28,0.144708
4250.3,0.115924
4252.62,0.0926645
4255.15,0.0747102
4257.82,0.0611337
4260.86,0.0500426
4264.48,0.0406751
4268.53,0.0333397
4273.16,0.0274913
4278.94,0.0225225
4284.73,0.0191896
4291.67,0.0165367
4298.61,0.0148447
4305.55,0.0138229
4314.81,0.0132896
4321.75,0.0135186
4328.7,0.0145611
4332.17,0.0157255
4335.0,0.0174197
4337.52,0.0200515
4339.2,0.0230366
4340.58,0.0271084
4341.49,0.0312152
4342.21,0.0359615
4342.84,0.0419732
4343.32,0.04855
4343.7,0.0564652
4343.99,0.0654551
4344.23,0.0767239
4344.42,0.0899394
4344.59,0.106533
4344.74,0.127116
4344.9,0.155255
4345.05,0.193746
4345.2,0.246226
4345.36,0.317293
4345.49,0.400288
4345.64,0.522749
4345.8,0.683205
4345.95,0.890429
4346.12,1.19655
4346.3,1.60144
4346.5,2.15469
4346.7,2.91416
4346.97,4.10267
4347.3,5.95495
4348.05,10.5822
4348.42,12.2529
4348.77,12.8628
4348.8,12.8669
4349.11,12.4359
4349.44,11.162
4349.95,8.15833
4350.48,4.93603
4350.76,3.47509
4351.0,2.51372
4351.21,1.83758
4351.4,1.35348
4351.56,1.03467
4351.72,0.796668
4351.87,0.610671
4352.02,0.467539
4352.17,0.362989
4352.32,0.280571
4352.46,0.224744
4352.61,0.178352
4352.76,0.144391
4352.92,0.119577
4353.1,0.0983962
4353.27,0.0842536
4353.51,0.0709864
4353.8,0.0606968
4354.19,0.0519654
4354.67,0.0449071
4355.3,0.0387601
4356.13,0.0333881
4357.18,0.029143
4358.48,0.0259533
4359.86,0.0239717
4362.63,0.0220429
4365.4,0.0214702
4369.94,0.0222229
4375.53,0.0251364
4378.63,0.0283589
4380.7,0.0320455
4382.25,0.0369445
4383.05,0.0411117
4383.78,0.0470494
4384.21,0.0530583
4384.5,0.0595418
4384.72,0.0669544
4384.94,0.0781272
4385.12,0.0923415
4385.28,0.109957
4385.44,0.134497
4385.6,0.168547
4385.77,0.215406
4385.93,0.279189
4386.09,0.364835
4386.25,0.4781
4386.42,0.63375
4386.59,0.83474
4386.78,1.12987
4386.97,1.50444
4387.2,2.05071
4387.48,2.89955
4387.93,4.55577
4388.5,6.68769
4388.85,7.56654
4389.2,7.88475
4389.2,7.88476
4389.52,7.60532
4389.87,6.76762
4390.42,4.74524
4390.88,3.0251
4391.17,2.14926
4391.39,1.58707
4391.6,1.16277
4391.79,0.867455
4391.96,0.664748
4392.13,0.501217
4392.3,0.381655
4392.46,0.291755
4392.61,0.230489
4392.76,0.18449
4392.91,0.150317
4393.06,0.125149
4393.24,0.103678
4393.42,0.0889539
4393.66,0.0761937
4393.9,0.0682739
4394.26,0.0612673
4394.74,0.0561754
4395.46,0.0521021
4396.9,0.0486593
4397.85,0.0480127
4400.25,0.0491224
4403.85,0.0544632
4407.44,0.0629346
4411.53,0.0768403
4415.11,0.0942814
4418.44,0.117151
4421.25,0.144281
4423.94,0.180559
4426.24,0.224197
4428.28,0.278162
4430.07,0.343455
4431.74,0.427329
4433.27,0.535438
4434.61,0.667707
4435.76,0.824269
4436.85,1.02813
4437.87,1.29614
4438.72,1.60306
4439.5,1.98904
4440.25,2.49353
4440.97,3.15125
4441.69,4.04035
4442.41,5.21443
4443.43,7.3593
4444.67,10.0362
4445.44,10.9908
4445.8,11.1059
4446.36,10.8204
4447.07,9.77125
4449.03,5.50905
4449.83,4.15008
4450.55,3.23251
4451.27,2.5529
4452.0,2.04148
4452.77,1.64811
4453.6,1.33389
4454.49,1.08441
4455.58,0.864251
4456.73,0.696425
4458.01,0.561312
4459.42,0.453558
4460.89,0.370994
4462.68,0.297817
4464.53,0.24289
4466.77,0.194726
4469.33,0.155505
4472.01,0.126004
4475.08,0.101699
4478.72,0.0811927
4482.53,0.0660409
4486.71,0.0539192
4491.83,0.0433597
4496.94,0.0358266
4503.33,0.0291136
4509.73,0.0243402
4517.4,0.0202518
4526.67,0.0168363
4537.86,0.014096
4550.64,0.0120864
4563.43,0.0108259
4578.77,0.00997107
4599.23,0.00959771
4619.68,0.00991777
4640.14,0.0109267
4655.48,0.0122621
4670.82,0.0142217
4683.61,0.0166556
4693.84,0.0193224
4703.43,0.0226498
4711.1,0.0262501
4719.73,0.0316419
4726.92,0.0380636
4732.94,0.0455277
4738.18,0.0548959
4742.17,0.0653505
4745.07,0.0765841
4747.37,0.0899745
4749.04,0.104936
4750.39,0.12397
4751.34,0.145302
4751.98,0.167289
4752.45,0.192826
4752.77,0.218903
4753.08,0.257308
4753.34,0.308494
4753.56,0.372218
4753.75,0.454204
4753.95,0.569339
4754.12,0.709435
4754.31,0.905931
4754.47,1.14192
4754.67,1.50235
4754.86,1.97413
4755.08,2.6472
4755.32,3.61046
4755.57,4.92953
4755.91,7.05278
4756.77,13.4257
4757.19,15.6883
4757.56,16.486
4757.6,16.4933
4757.96,15.8535
4758.31,14.1601
4758.91,9.85808
4759.41,6.26044
4759.73,4.40408
4759.98,3.23542
4760.21,2.39605
4760.41,1.82502
4760.61,1.39276
4760.8,1.06748
4760.98,0.848574
4761.18,0.669516
4761.38,0.541857
4761.58,0.451384
4761.78,0.386803
4762.03,0.335133
4762.36,0.293422
4762.68,0.269321
4763.18,0.249662
4763.83,0.237901
4764.51,0.234418
4765.56,0.239339
4766.96,0.259966
4768.37,0.295779
4769.77,0.351188
4770.9,0.417575
4771.87,0.499281
4772.71,0.601061
4773.44,0.724809
4774.05,0.869704
4774.61,1.06103
4775.1,1.29558
4775.5,1.57088
4775.88,1.93631
4776.25,2.42058
4776.6,3.07442
4776.95,3.97165
4777.31,5.17653
4777.68,6.83772
4778.12,9.33295
4779.19,16.2538
4779.62,18.2234
4780.03,19.0674
4780.1,19.0864
4780.49,18.5339
4780.91,16.8168
4781.66,12.0614
4782.28,8.17952
4782.68,6.12529
4783.05,4.68516
4783.4,3.6288
4783.72,2.91706
4784.05,2.36377
4784.39,1.95928
4784.72,1.66193
4785.13,1.3995
4785.65,1.17303
4786.26,0.992452
4786.87,0.871993
4787.64,0.772973
4788.41,0.710488
4789.43,0.663699
4790.73,0.644127
4792.02,0.656116
4793.97,0.72188
4795.59,0.820364
4797.34,0.981467
4799.02,1.20546
4800.58,1.50482
4801.95,1.86324
4803.36,2.36248
4804.86,3.06494
4808.24,4.98612
4809.34,5.36632
4810.09,5.44859
4810.97,5.3354
4812.39,4.75478
4815.56,2.92406
4817.09,2.2287
4818.46,1.76252
4819.82,1.41213
4821.42,1.10957
4823.06,0.885933
4824.77,0.715441
4826.68,0.575658
4828.72,0.466245
4831.18,0.371328
4833.84,0.297773
4836.7,0.24066
4840.05,0.192771
4843.87,0.153814
4847.89,0.124597
4852.67,0.0997694
4858.12,0.079777
4863.58,0.0655308
4870.4,0.0528896
4877.22,0.0440197
4884.45,0.0374445
4891.96,0.0331061
4898.1,0.0315617
4901.42,0.0322399
4903.64,0.0338256
4905.3,0.0362794
4906.96,0.040794
4908.24,0.0469517
4909.1,0.0536113
4909.84,0.0626875
4910.37,0.0729127
4910.69,0.0821896
4911.01,0.0962363
4911.28,0.114681
4911.49,0.137082
4911.68,0.165466
4911.87,0.205973
4912.03,0.254263
4912.18,0.314627
4912.34,0.400787
4912.5,0.515661
4912.66,0.66712
4912.81,0.864317
4912.99,1.14625
4913.17,1.51051
4913.36,2.01909
4913.57,2.74106
4913.82,3.80671
4914.09,5.26466
4914.5,7.97768
4915.16,12.6859
4915.58,14.9109
4915.95,15.7236
4916.0,15.7369
4916.35,15.1564
4916.7,13.5446
4917.25,9.8126
4917.78,6.06023
4918.09,4.2674
4918.33,3.13976
4918.55,2.3125
4918.74,1.73234
4918.94,1.28066
4919.11,0.975326
4919.28,0.739671
4919.43,0.583326
4919.57,0.461273
4919.72,0.366936
4919.87,0.29465
4920.01,0.239627
4920.19,0.190918
4920.35,0.158578
4920.52,0.13293
4920.74,0.110616
4921.01,0.0929564
4921.27,0.0812146
4921.71,0.0686832
4922.29,0.0582349
4922.95,0.0503655
4923.95,0.0426427
4925.07,0.0371099
4926.39,0.0329549
4927.98,0.0298469
4930.62,0.0271272
4933.44,0.025937
4934.15,0.0258624
4937.03,0.0265137
4939.91,0.0289485
4941.83,0.0321655
4943.43,0.0365558
4944.76,0.0422272
4945.82,0.0489728
4946.8,0.058039
4947.65,0.0697205
4948.36,0.0840283
4948.9,0.0994692
4949.34,0.117856
4949.7,0.139161
4950.0,0.165627
4950.25,0.197284
4950.46,0.235723
4950.67,0.289935
4950.85,0.352375
4951.03,0.436545
4951.21,0.55635
4951.4,0.718795
4951.59,0.936748
4951.77,1.22512
4951.97,1.6311
4952.17,2.158
4952.4,2.90953
4952.64,3.94126
4952.94,5.58098
4953.32,8.11388
4954.08,13.7158
4954.47,15.7513
4954.84,16.6146
4954.9,16.63
4955.26,16.0321
4955.61,14.3702
4956.18,10.391
4956.73,6.43943
4957.05,4.54039
4957.32,3.26263
4957.55,2.4062
4957.76,1.7803
4957.96,1.33907
4958.14,1.03678
4958.32,0.803889
4958.48,0.638505
4958.67,0.496712
4958.86,0.392487
4959.04,0.31624
4959.23,0.260444
4959.45,0.213655
4959.67,0.179823
4959.94,0.151249
4960.25,0.128127
4960.69,0.105779
4961.19,0.0887482
4961.83,0.0734873
4962.57,0.0610932
4963.53,0.0501591
4964.49,0.0426019
4965.74,0.0357941
4967.25,0.0302198
4968.75,0.0264006
4971.14,0.0224088
4974.07,0.0193622
4978.18,0.01684
4983.82,0.014911
4988.27,0.0139854
4997.19,0.0129279
5010.48,0.0123341
5014.91,0.0122683
5032.62,0.0126265
5052.55,0.0140187
5069.15,0.0161667
5082.44,0.0188463
5094.06,0.0222662
5105.13,0.0270017
5114.82,0.033107
5121.74,0.0393022
5128.66,0.0480278
5134.75,0.059162
5139.45,0.0715985
5143.33,0.0860923
5146.37,0.101907
5149.0,0.120592
5151.63,0.146822
5153.9,0.179528
5155.89,0.220976
5157.53,0.270615
5158.88,0.329199
5160.1,0.403981
5161.1,0.490347
5162.04,0.605705
5162.81,0.740502
5163.48,0.90222
5164.12,1.12175
5164.61,1.36339
5165.09,1.68474
5165.53,2.09281
5165.96,2.65976
5166.36,3.36055
5166.74,4.27209
5167.2,5.68167
5167.71,7.70391
5168.91,13.1692
5169.46,14.8419
5169.9,15.3068
5170.4,14.7233
5170.96,12.8612
5172.29,6.85063
5172.76,5.14963
5173.2,3.9314
5173.63,3.03781
5174.0,2.46037
5174.44,1.96536
5174.9,1.59484
5175.43,1.29098
5176.0,1.06478
5176.68,0.876937
5177.48,0.727756
5178.29,0.622449
5179.32,0.53348
5180.34,0.474622
5181.86,0.421778
5183.7,0.391736
5185.02,0.385563
5187.23,0.396163
5189.44,0.429701
5191.57,0.484299
5193.87,0.5728
5196.16,0.703185
5198.13,0.862916
5199.85,1.05504
5201.53,1.30888
5203.17,1.64225
5204.92,2.11883
5207.06,2.87804
5209.6,3.83749
5210.59,4.09717
5211.89,4.23329
5213.08,4.11808
5214.82,3.61454
5218.36,2.26839
5220.14,1.74271
5221.78,1.37632
5223.42,1.10142
5225.26,0.87296
5227.15,0.701937
5229.36,0.55608
5231.61,0.448575
5234.19,0.359127
5237.15,0.285841
5240.1,0.232794
5243.7,0.18585
5247.31,0.151887
5251.32,0.123995
5255.91,0.100716
5261.08,0.0817178
5266.98,0.0659728
5273.54,0.0533905
5281.41,0.042644
5290.26,0.0341405
5298.78,0.0282572
5308.62,0.0232944
5320.09,0.0190747
5333.21,0.0156244
5346.32,0.0131348
5362.71,0.0108969
5382.38,0.00905469
5402.06,0.00780715
5425.01,0.00687271
5447.96,0.00634075
5467.63,0.0061974
5487.3,0.00640507
5503.69,0.00700099
5516.81,0.00788417
5526.64,0.0090311
5534.84,0.0105513
5542.13,0.0125629
5548.06,0.0150219
5553.1,0.0180732
5557.6,0.0220385
5561.24,0.0266149
5564.67,0.0326897
5567.67,0.040255
5570.24,0.0494268
5572.6,0.0612747
5574.74,0.0765918
5576.46,0.0937686
5577.96,0.114365
5579.4,0.141759
5580.69,0.175755
5581.81,0.217262
5582.84,0.270352
5583.74,0.335502
5584.55,0.417155
5585.22,0.513013
5585.79,0.624175
5586.31,0.766047
5586.8,0.948508
5587.21,1.16956
5587.6,1.45194
5587.99,1.84382
5588.31,2.28583
5588.63,2.86509
5588.97,3.66986
5589.36,4.84457
5589.83,6.68855
5591.17,13.0345
5591.59,14.4444
5592.07,15.1089
5592.1,15.1118
5592.59,14.5054
5593.13,12.6338
5594.37,6.68488
5594.84,4.84199
5595.23,3.65375
5595.57,2.86371
5595.91,2.2597
5596.25,1.79896
5596.6,1.44675
5596.99,1.1691
5597.41,0.943371
5597.84,0.779627
5598.38,0.631404
5599.02,0.505752
5599.66,0.415667
5600.5,0.331613
5601.4,0.267475
5602.41,0.216075
5603.5,0.175871
5604.77,0.142067
5606.24,0.114242
5607.96,0.0912313
5609.72,0.0743322
5611.87,0.0597296
5614.17,0.0486076
5616.8,0.0395874
5619.63,0.0326461
5623.01,0.0267833
5627.03,0.0219233
5631.53,0.0181957
5636.67,0.0153046
5643.1,0.0129524
5649.53,0.0114905
5657.24,0.0105401
5664.1,0.0103085
5669.24,0.0105699
5674.38,0.0113767
5678.28,0.0125812
5681.54,0.0142848
5684.14,0.0164051
5686.34,0.0191618
5688.2,0.0226392
5689.75,0.0268516
5691.14,0.0323186
5692.34,0.0390738
5693.33,0.0470681
5694.26,0.057673
5695.06,0.0707048
5695.73,0.0861999
5696.28,0.104663
5696.72,0.125968
5697.07,0.149686
5697.38,0.180559
5697.65,0.219756
5697.88,0.267527
5698.1,0.331084
5698.32,0.4198
5698.52,0.525793
5698.71,0.667039
5698.9,0.853668
5699.11,1.12145
5699.33,1.4946
5699.56,1.98156
5699.8,2.67176
5700.06,3.63228
5700.37,5.01757
5700.79,7.36419
5701.61,12.3434
5702.04,14.2722
5702.44,15.0266
5702.5,15.0416
5702.91,14.4341
5703.33,12.67
5704.5,5.68357
5704.84,4.04031
5705.12,2.93575
5705.38,2.15257
5705.6,1.6278
5705.82,1.22276
5706.02,0.943748
5706.21,0.74094
5706.4,0.581569
5706.6,0.461562
5706.79,0.371764
5706.99,0.301466
5707.23,0.243859
5707.46,0.20273
5707.72,0.169216
5708.04,0.141357
5708.39,0.119719
5708.89,0.0982463
5709.48,0.0805481
5710.11,0.067401
5710.89,0.0554732
5711.89,0.0449469
5712.92,0.037279
5714.17,0.0307889
5715.66,0.025386
5717.32,0.0212633
5719.31,0.0178963
5721.46,0.0154369
5724.37,0.0132422
5727.27,0.0117805
5731.25,0.0104997
5736.22,0.00958066
5742.86,0.00891739
5753.47,0.00859608
5764.09,0.00875228
5780.01,0.00958966
5795.93,0.0111032
5809.2,0.0130326
5822.47,0.0158527
5833.08,0.0191079
5842.37,0.023094
5851.65,0.0286849
5859.61,0.0355607
5866.25,0.0436136
5872.75,0.0547332
5878.42,0.0685221
5883.36,0.0855548
5887.88,0.107582
5891.59,0.13302
5895.04,0.165819
5898.09,0.206107
5900.74,0.254492
5903.13,0.314156
5905.26,0.386441
5907.25,0.478856
5909.1,0.597323
5910.83,0.749084
5912.42,0.942336
5913.88,1.18503
5915.21,1.48227
5916.6,1.8992
5918.06,2.47425
5921.5,4.10394
5922.56,4.40575
5923.3,4.47154
5924.26,4.36153
5925.66,3.86809
5928.83,2.34357
5930.3,1.79611
5931.63,1.42109
5933.12,1.10893
5934.64,0.877573
5936.24,0.701782
5937.86,0.56976
5939.72,0.458754
5941.64,0.374226
5944.03,0.297929
5946.49,0.241396
5949.4,0.192942
5952.42,0.156855
5956.14,0.124971
5960.05,0.10117
5964.7,0.0810662
5969.34,0.0666944
5973.98,0.0561207
5980.62,0.0453328
5987.25,0.0378683
5995.61,0.0314863
6005.56,0.0267524
6013.52,0.0244458
6024.13,0.0230323
6026.79,0.0229459
6036.74,0.0237547
6045.36,0.0261061
6052.0,0.0295704
6057.3,0.0339496
6062.49,0.0402503
6066.73,0.0481788
6070.96,0.0598494
6073.89,0.0717709
6076.4,0.086135
6078.85,0.105957
6080.95,0.130176
6082.85,0.161699
6084.48,0.200523
6085.7,0.241341
6086.94,0.299329
6087.9,0.362761
6088.76,0.441313
6089.57,0.545909
6090.29,0.678628
6090.88,0.83376
6091.38,1.02119
6091.83,1.25493
6092.22,1.53773
6092.62,1.92338
6093.01,2.43992
6093.38,3.10783
6093.79,4.03651
6094.26,5.46917
6094.95,8.03297
6095.84,11.4853
6096.34,12.7617
6096.81,13.183
6097.26,12.7827
6097.76,11.53
6099.29,5.76299
6099.77,4.32789
6100.17,3.38818
6100.59,2.66876
6101.01,2.15717
6101.43,1.80512
6101.85,1.57059
6102.35,1.40033
6102.96,1.31104
6103.16,1.3041
6103.78,1.34964
6104.4,1.50713
6104.93,1.75607
6105.37,2.08205
6105.83,2.57234
6106.26,3.23216
6106.7,4.12193
6107.23,5.55324
6108.06,8.36002
6108.8,10.8834
6109.27,11.9774
6109.79,12.4425
6110.33,11.9523
6110.91,10.4995
6112.35,5.49397
6112.87,4.03461
6113.31,3.1013
6113.7,2.45495
6114.14,1.92083
6114.53,1.56381
6114.95,1.28328
6115.45,1.03773
6115.97,0.851251
6116.55,0.701716
6117.23,0.575423
6118.02,0.469843
6118.99,0.37797
6120.04,0.307452
6121.2,0.251582
6122.46,0.207711
6124.04,0.168276
6125.88,0.135954
6127.79,0.112042
6130.21,0.0904784
6132.77,0.0744255
6135.68,0.0614467
6139.28,0.0501942
6143.43,0.041288
6148.27,0.0342617
6152.61,0.0299057
6159.98,0.0250611
6166.72,0.0222845
6174.61,0.0203694
6184.25,0.0195379
6186.01,0.0195255
6196.53,0.0203056
6204.42,0.0219248
6213.63,0.0252652
6221.52,0.0299408
6228.09,0.0358361
6234.01,0.0435336
6239.23,0.0534009
6243.52,0.0649275
6247.21,0.07858
6250.8,0.0970776
6253.96,0.119759
6256.52,0.144995
6259.19,0.181205
6261.24,0.219575
6263.32,0.272893
6265.16,0.338299
6266.74,0.415172
6268.25,0.516231
6269.65,0.646406
6270.84,0.797514
6271.91,0.98327
6272.98,1.23691
6273.9,1.53166
6274.83,1.92528
6275.75,2.44723
6276.84,3.26239
6279.05,5.23687
6280.0,5.80967
6280.7,5.94892
6281.54,5.74783
6282.47,5.13522
6284.84,3.03004
6285.83,2.33348
6286.82,1.80826
6287.76,1.43628
6288.81,1.13211
6289.93,0.89887
6291.16,0.714606
6292.45,0.574502
6293.85,0.463964
6295.39,0.375784
6297.14,0.302613
6299.02,0.245566
6301.13,0.199156
6303.63,0.1595
6306.39,0.1283
6309.63,0.102246
6313.14,0.0823414
6317.0,0.0667473
6321.29,0.05435
6326.29,0.0441417
6331.2,0.0370076
6336.81,0.0310481
6343.39,0.0261058
6351.28,0.0220924
6360.49,0.019165
6368.38,0.017741
6378.02,0.0171328
6386.57,0.0177102
6394.68,0.0195198
6401.31,0.0224056
6406.79,0.0263825
6411.43,0.031662
6415.13,0.0379423
6418.29,0.0456827
6421.24,0.0559811
6423.88,0.0693168
6426.11,0.0854342
6428.04,0.105005
6429.67,0.12792
6431.15,0.156609
6432.42,0.190306
6433.69,0.236982
6434.74,0.29121
6435.77,0.365023
6436.61,0.45053
6437.37,0.557558
6438.0,0.681497
6438.58,0.836902
6439.15,1.05024
6439.62,1.30018
6440.1,1.64526
6440.54,2.08033
6440.96,2.64147
6441.41,3.4323
6441.94,4.63301
6442.65,6.66494
6443.65,9.65041
6444.17,10.7056
6444.7,11.1
6445.21,10.7382
6445.71,9.73788
6446.75,6.66129
6447.49,4.55347
6447.99,3.43009
6448.44,2.63972
6448.86,2.07888
6449.32,1.63125
6449.79,1.28989
6450.3,1.0293
6450.8,0.843199
6451.38,0.684983
6452.06,0.551119
6452.79,0.449708
6453.69,0.359056
6454.6,0.293988
6455.65,0.238706
6456.89,0.192171
6458.34,0.153556
6459.98,0.122735
6461.78,0.0990042
6463.71,0.0807214
6465.82,0.0662173
6468.39,0.0536104
6471.41,0.0432283
6474.73,0.0352641
6478.42,0.0290453
6482.8,0.0239375
6487.55,0.0201099
6492.98,0.0170856
6499.02,0.0148116
6505.06,0.0132829
6512.83,0.0120527
6521.29,0.0113795
6527.16,0.0112339
6535.97,0.0114738
6544.77,0.0123004
6553.58,0.0138724
6560.92,0.0159819
6568.26,0.0192543
6574.13,0.0231869
6579.27,0.0281675
6583.67,0.0342402
6587.83,0.0423946
6591.25,0.0518751
6594.39,0.0638954
6597.13,0.0785681
6599.47,0.0959284
6601.82,0.1201
6603.88,0.14997
6605.64,0.185725
6607.18,0.228901
6608.53,0.28095
6609.83,0.349839
6611.02,0.438586
6612.07,0.548371
6612.99,0.684144
6613.76,0.840462
6614.53,1.05684
6615.24,1.33658
6615.84,1.66155
6616.45,2.11075
6617.04,2.68863
6617.68,3.5099
6618.53,4.93449
6619.93,7.44768
6620.59,8.21017
6621.1,8.40074
6621.61,8.20871
6622.27,7.44476
6624.28,3.87941
6624.95,2.9312
6625.53,2.30673
6626.12,1.82318
6626.7,1.46255
6627.39,1.1553
6628.11,0.923112
6628.88,0.744198
6629.69,0.607376
6630.67,0.486999
6631.79,0.388362
6632.99,0.313209
6634.24,0.256206
6635.78,0.205148
6637.54,0.163607
6639.5,0.130819
6641.45,0.107104
6643.68,0.0873169
6646.22,0.0708723
6648.99,0.0579234
6652.41,0.0463586
6656.21,0.0372703
6660.49,0.0300039
6664.89,0.0246441
6670.03,0.0201291
6675.9,0.0164447
6681.77,0.0137805
6689.11,0.0113866
6697.92,0.00936699
6708.19,0.00776289
6719.93,0.00654727
6731.68,0.00575757
6746.35,0.00518487
6758.1,0.00500568
6762.01,0.00498978
6773.75,0.00514249
6785.5,0.00562837
6796.06,0.00653437
6802.89,0.00754643
6809.52,0.00906262
6814.77,0.0108919
6819.37,0.0132584
6823.4,0.0162888
6826.85,0.0200509
6829.72,0.0245066
6832.19,0.0298196
6834.49,0.0367108
6836.54,0.0453612
6838.27,0.0554613
6839.95,0.0692307
6841.39,0.0857774
6842.62,0.105475
6843.73,0.129969
6844.71,0.159821
6845.61,0.19828
6846.41,0.246638
6847.1,0.305335
6847.69,0.376583
6848.19,0.460247
6848.63,0.566133
6849.01,0.691938
6849.34,0.840815
6849.67,1.04172
6850.0,1.31779
6850.32,1.67537
6850.63,2.13395
6850.99,2.81692
6851.38,3.79359
6851.83,5.25248
6853.2,10.5003
6853.7,11.8502
6854.2,12.3376
6854.59,12.03
6855.02,11.0646
6855.71,8.58656
6856.55,5.29378
6857.0,3.85621
6857.37,2.91174
6857.73,2.19586
6858.08,1.6802
6858.42,1.29786
6858.76,1.02417
6859.05,0.844877
6859.42,0.67905
6859.8,0.556692
6860.21,0.45997
6860.71,0.376303
6861.23,0.311827
6861.92,0.251142
6862.61,0.207483
6863.53,0.165655
6864.45,0.135712
6865.54,0.110055
6866.85,0.0878668
6868.16,0.0719373
6869.81,0.0576202
6871.61,0.046457
6873.58,0.037754
6875.68,0.0310731
6878.27,0.0251379
6880.98,0.0206904
6884.43,0.0166964
6888.37,0.0135591
6892.97,0.0110717
6897.57,0.00936856
6902.83,0.0080315
6909.4,0.00693511
6917.28,0.00617747
6923.85,0.00588146
6927.8,0.00582273
6934.19,0.00591905
6940.59,0.00627967
6947.55,0.00706623
6953.12,0.00813571
6958.0,0.00957157
6962.18,0.0113877
6965.8,0.0136614
6969.21,0.0167416
6972.07,0.0204259
6974.5,0.0248278
6976.73,0.0304229
6978.68,0.0372066
6980.56,0.0463839
6982.23,0.0579946
6983.66,0.07201
6984.88,0.0886905
6985.92,0.10836
6986.97,0.135804
6987.8,0.166576
6988.6,0.207571
6989.28,0.257855
6989.87,0.319706
6990.31,0.38622
6990.73,0.473388
6991.1,0.583934
6991.47,0.73419
6991.78,0.914583
6992.09,1.15996
6992.41,1.49176
6992.69,1.88981
6993.01,2.46184
6993.37,3.31028
6993.78,4.52033
6994.35,6.6685
6995.24,10.2768
6995.77,11.8432
6996.26,12.4967
6996.35,12.5155
6996.78,12.1659
6997.33,10.8646
6997.9,8.93521
6998.0,8.58897
6998.0,0.499941
8000.0,0.462131
9564.24,0.418586
10000.0,0.406455
11955.3,0.368751
12500.0,0.358248
14944.1,0.324174
15000.0,0.323395
17932.9,0.295257
20000.0,0.275427
23910.6,0.250525
25000.0,0.243588
29888.2,0.221416
30000.0,0.22091
35000.0,0.204063
40000.0,0.191194
47821.2,0.177145
50000.0,0.173231
59776.5,0.161985
60000.0,0.161728
73844.0,0.151779
73844.0,0.136848
80000.0,0.113701
90000.0,0.0952554
100000.0,0.0846235
120000.0,0.071153
150000.0,0.0590163
200000.0,0.0514323
300000.0,0.0432101
400000.0,0.0395437
500000.0,0.0387151
650000.0,0.0407545
800000.0,0.0427074
900000.0,0.0416191
1000000.0,0.0386574
1100000.0,0.0311785
1200000.0,0.0276984
1300000.0,0.0256354
1500000.0,0.0237717
1600000.0,0.0239958
1700000.0,0.0239907
1900000.0,0.0214603
2048880.0,0.0204354
3000000.0,0.00988279
3500000.0,0.00630136
4000000.0,0.0039918
5000000.0,0.00164501
6000000.0,8.00308E-4
7000000.0,5.22943E-4
7600000.0,5.09722E-4
8000000.0,5.1811E-4
9000000.0,6.17866E-4
1.075E7,9.14269E-4
1.1E7,9.59148E-4
1.2E7,0.00101109
1.3E7,9.73704E-4
1.4375E7,7.86444E-4
1.6125E7,4.88506E-4
1.7E7,3.67609E-4
1.8E7,2.71547E-4
1.9E7,2.01994E-4
2.0E7,1.56234E-4

