48-Cd-114(n,total) ENDF/B-VII.1
1.0E-5,46.5304
1.31241E-5,40.737
1.70876E-5,35.8348
2.2426E-5,31.4368
2.91987E-5,27.7238
3.83206E-5,24.4023
4.98935E-5,21.6086
6.54808E-5,19.1212
8.52562E-5,17.0415
1.11891E-4,15.2032
1.45682E-4,13.6797
2.08223E-4,11.9739
2.97611E-4,10.6177
4.25373E-4,9.55233
6.07982E-4,8.72397
9.53941E-4,7.94234
0.00163006,7.28967
0.00303344,6.78332
0.00619694,6.40857
0.0166146,6.10262
0.0234661,6.03162
0.0253,6.0177
0.126231,5.82708
2.62841,5.70165
53.9923,5.35181
55.6734,5.45849
55.8568,5.62353
55.9668,6.01142
56.0383,6.65354
56.0919,7.51267
56.1501,8.93275
56.2296,11.6787
56.3209,15.0985
56.3781,16.5456
56.4241,16.9383
56.4818,16.3278
56.5551,14.1345
56.6723,9.75208
56.7394,7.88585
56.793,6.89477
56.8467,6.27326
56.9191,5.82467
57.0291,5.55944
57.3546,5.3931
64.4314,5.24475
90.8163,4.82835
102.092,4.40886
107.73,3.98603
111.488,3.49306
114.147,2.94911
115.809,2.55632
116.585,2.47178
117.028,2.54908
117.36,2.74627
117.61,3.03689
117.852,3.51856
118.053,4.15963
118.226,4.99262
118.361,5.91557
118.501,7.25264
118.631,9.00303
118.752,11.3152
118.856,14.0974
118.953,17.7349
119.036,22.1241
119.109,27.5398
119.171,34.1097
119.223,41.7798
119.27,51.3365
119.316,64.6858
119.358,81.2078
119.399,103.979
119.437,131.492
119.475,169.199
119.513,219.232
119.553,288.202
119.594,382.551
119.636,504.138
119.681,673.845
119.736,930.332
119.809,1356.75
119.98,2503.64
120.058,2869.16
120.131,3002.86
120.135,3003.41
120.205,2898.13
120.271,2619.39
120.383,1915.83
120.49,1226.08
120.551,901.03
120.601,686.05
120.651,516.625
120.698,392.643
120.742,307.102
120.786,242.853
120.829,195.218
120.875,158.466
120.926,129.461
120.984,106.432
121.043,90.3781
121.113,76.6473
121.196,65.3053
121.3,55.3116
121.435,46.2542
121.591,38.9868
121.778,32.9001
122.0,27.8882
122.29,23.4082
122.581,20.3242
122.955,17.5596
123.509,14.8713
124.139,12.9224
124.963,11.2883
126.113,9.89012
127.442,8.9014
129.642,7.94546
133.123,7.14723
139.214,6.48749
149.656,5.99105
174.021,5.51879
221.784,5.05172
224.342,5.10949
225.219,5.26443
225.639,5.58184
225.804,6.02623
225.913,6.71905
225.996,7.67841
226.069,9.05309
226.137,10.984
226.206,13.7372
226.274,17.5006
226.354,23.3411
226.452,32.6433
226.701,60.3174
226.8,67.9533
226.9,70.785
226.993,68.2962
227.105,59.7008
227.375,29.7816
227.457,22.3791
227.529,17.2715
227.601,13.4137
227.663,10.9818
227.727,9.15851
227.795,7.81536
227.864,6.93033
227.955,6.21848
228.069,5.75725
228.252,5.44145
228.8,5.16564
230.554,4.99375
291.177,4.18133
317.207,3.62132
334.06,3.06659
346.948,2.45067
355.87,1.86766
363.305,1.25447
370.74,0.574384
372.599,0.43359
373.714,0.370099
374.582,0.337717
375.449,0.326252
376.27,0.341332
376.898,0.375111
377.525,0.433506
378.175,0.526731
378.826,0.661736
379.461,0.844771
380.081,1.08587
380.716,1.41648
381.335,1.84193
381.955,2.39827
382.575,3.12767
383.194,4.08709
383.814,5.35647
384.371,6.85773
384.929,8.82003
385.487,11.403
385.982,14.4236
386.497,18.5914
386.998,24.1001
387.445,30.7139
387.841,38.5428
388.238,49.0143
388.622,62.8285
388.956,79.1911
389.254,98.7239
389.551,125.214
389.805,155.999
390.053,196.908
390.27,245.89
390.468,306.865
390.642,379.01
390.818,479.065
390.97,596.101
391.125,757.478
391.274,966.588
391.422,1244.42
391.59,1655.67
391.794,2305.78
392.203,3810.46
392.372,4267.9
392.556,4484.75
392.577,4487.19
392.728,4370.42
392.897,3994.99
393.294,2630.39
393.517,1920.1
393.699,1466.14
393.873,1142.47
394.037,915.63
394.211,739.251
394.396,601.615
394.613,486.29
394.83,403.034
395.09,330.421
395.394,269.822
395.71,224.325
396.082,185.435
396.515,152.812
397.036,125.021
397.556,105.074
398.263,85.7997
399.043,70.9792
399.954,58.9019
401.038,48.8565
402.402,40.2376
403.703,34.5099
405.438,29.1312
407.42,24.8878
409.899,21.2595
413.368,17.9034
417.334,15.4262
421.299,13.7458
427.743,11.9409
436.169,10.4735
448.066,9.22937
465.91,8.15908
491.422,7.30014
542.595,6.34583
564.763,6.04344
566.286,6.12447
566.558,6.31976
566.767,6.7317
566.944,7.43446
567.121,8.61825
567.325,10.6676
567.719,15.5546
567.908,17.058
568.027,17.3461
568.196,16.7683
568.412,14.6643
568.794,9.9293
568.953,8.44332
569.116,7.38005
569.333,6.57486
569.624,6.1534
570.349,5.98456
615.282,5.13261
631.898,4.60236
643.06,4.01139
649.978,3.42525
654.589,2.8484
658.22,2.21932
661.16,1.55862
663.524,0.985043
664.316,0.840073
664.864,0.788383
665.001,0.785443
665.397,0.809188
665.757,0.88744
666.074,1.0208
666.364,1.21717
666.643,1.49914
666.881,1.83698
667.126,2.31257
667.357,2.91994
667.587,3.73973
667.789,4.69589
667.985,5.91882
668.193,7.65608
668.377,9.74675
668.538,12.1879
668.7,15.466
668.838,19.2549
668.977,24.3907
669.092,30.1739
669.207,37.9334
669.322,48.4975
669.426,61.3456
669.524,77.4082
669.628,99.8863
669.729,128.657
669.83,165.947
669.945,221.235
670.062,293.311
670.199,400.686
670.357,555.663
670.838,1112.75
671.006,1255.35
671.191,1328.78
671.222,1330.85
671.365,1302.14
671.547,1183.82
671.836,882.581
672.115,578.511
672.297,419.326
672.448,317.033
672.591,244.303
672.72,195.008
672.85,158.379
672.988,129.815
673.127,109.064
673.3,90.5735
673.501,75.658
673.746,63.2354
674.04,53.0092
674.36,45.2108
674.793,37.8575
675.311,31.8357
676.003,26.4715
676.868,22.1148
677.877,18.8046
679.101,16.1664
680.816,13.7986
682.834,12.041
685.946,10.3825
689.405,9.25993
695.63,8.05732
705.314,6.98794
727.592,5.19206
734.541,4.35186
738.753,3.59143
741.648,2.86181
744.017,2.08347
746.406,1.20221
746.899,1.06505
747.294,0.998973
747.492,0.989067
747.814,1.0222
748.038,1.09514
748.284,1.2432
748.49,1.44068
748.679,1.70323
748.887,2.11149
749.071,2.61869
749.251,3.29694
749.426,4.19555
749.576,5.23026
749.724,6.58424
749.871,8.42015
749.997,10.5523
750.124,13.4405
750.229,16.674
750.345,21.4711
750.45,27.4111
750.555,35.4418
750.65,45.0755
750.745,57.7004
750.84,74.1446
750.934,95.3619
751.045,127.541
751.158,170.447
751.277,227.878
751.421,317.156
751.598,453.721
752.093,899.87
752.272,1014.04
752.448,1064.72
752.491,1066.3
752.657,1033.1
752.851,925.328
753.419,453.174
753.601,331.501
753.743,257.057
753.885,199.839
754.019,159.316
754.146,130.801
754.304,105.046
754.462,87.0893
754.646,72.5959
754.883,60.1509
755.146,50.93
755.472,43.1427
755.893,36.3438
756.315,31.6218
756.915,26.9435
757.704,22.8705
758.757,19.3988
759.705,17.3173
761.126,15.1934
763.074,13.3398
765.706,11.8023
769.918,10.3897
776.024,9.28502
784.735,8.44638
801.11,7.66729
830.49,7.02541
898.29,6.37901
956.381,6.04767
959.23,6.0841
960.116,6.2577
960.405,6.57437
960.597,7.05219
960.771,7.81661
960.925,8.89075
961.079,10.4553
961.252,12.9136
961.454,16.7499
962.018,29.6431
962.245,32.8087
962.388,33.3999
962.58,32.315
962.819,28.3936
963.355,16.0216
963.536,12.6991
963.716,10.2126
963.897,8.50898
964.053,7.54572
964.198,6.97023
964.39,6.51952
964.775,6.17215
966.085,6.02263
1043.26,5.36091
1064.66,4.94578
1075.51,4.52398
1082.58,4.02305
1087.3,3.44462
1090.17,2.89563
1092.38,2.29504
1094.4,1.5686
1095.47,1.17233
1095.82,1.07668
1096.17,1.03131
1096.4,1.05011
1096.64,1.13386
1096.8,1.2553
1096.97,1.45555
1097.11,1.71152
1097.22,2.0261
1097.35,2.50806
1097.46,3.07331
1097.57,3.84582
1097.66,4.74133
1097.75,5.93252
1097.86,7.68742
1097.95,9.81776
1098.05,12.6141
1098.14,16.2647
1098.24,21.3451
1098.34,28.4304
1098.45,37.6937
1098.56,50.1763
1098.68,67.5435
1098.81,92.368
1098.96,127.202
1099.13,180.475
1099.36,265.672
1099.82,447.491
1100.06,514.063
1100.28,537.871
1100.29,538.006
1100.51,518.72
1100.73,463.582
1101.39,224.43
1101.6,162.59
1101.77,124.119
1101.92,97.2895
1102.09,75.8988
1102.24,61.4203
1102.42,49.7067
1102.57,42.4826
1102.78,35.6797
1103.02,30.6701
1103.32,26.2651
1103.71,22.6537
1104.27,19.2411
1105.05,16.3107
1105.92,14.2209
1106.97,12.5817
1108.64,10.9522
1111.01,9.63171
1114.45,8.57066
1118.95,7.81227
1127.57,7.08183
1142.17,6.52504
1175.75,5.98963
1300.86,4.85212
1321.53,4.60397
1324.19,4.71277
1324.7,4.91155
1324.98,5.2561
1325.21,5.85415
1325.38,6.64634
1325.55,7.89605
1325.69,9.41831
1325.84,11.792
1326.01,15.182
1326.19,20.1747
1326.41,27.9038
1327.02,52.6053
1327.25,59.2782
1327.48,61.6317
1327.72,59.2018
1327.98,51.41
1328.62,25.4961
1328.81,18.9606
1328.98,14.559
1329.12,11.7236
1329.26,9.56551
1329.41,7.97893
1329.57,6.66854
1329.71,5.9455
1329.9,5.35682
1330.1,4.98247
1330.37,4.73691
1330.91,4.56348
1333.31,4.39058
1359.76,3.65138
1374.64,3.03322
1384.87,2.42876
1392.31,1.84909
1399.0,1.20261
1405.91,0.460826
1407.5,0.316483
1408.51,0.242473
1409.21,0.204562
1409.8,0.183445
1410.39,0.174901
1410.43,0.174849
1410.91,0.180251
1411.32,0.194794
1411.81,0.226119
1412.29,0.275178
1412.77,0.345736
1413.24,0.43801
1413.76,0.576388
1414.28,0.759499
1414.81,0.997974
1415.33,1.30525
1415.91,1.74846
1416.47,2.30288
1417.03,3.02132
1417.58,3.95443
1418.14,5.17207
1418.7,6.77218
1419.26,8.89468
1419.75,11.3397
1420.26,14.7202
1420.72,18.8107
1421.19,24.2831
1421.6,30.6869
1421.98,38.7027
1422.35,49.1097
1422.71,62.7992
1423.04,79.6469
1423.35,101.823
1423.63,128.594
1423.91,164.789
1424.15,206.973
1424.43,269.499
1424.69,348.249
1424.98,460.919
1425.33,631.381
1426.12,1076.51
1426.42,1200.87
1426.78,1265.81
1426.82,1266.84
1427.15,1225.44
1427.58,1062.87
1428.45,624.516
1428.81,480.46
1429.14,380.582
1429.45,308.078
1429.82,246.295
1430.21,199.661
1430.62,164.888
1431.08,136.397
1431.6,113.461
1432.21,94.3501
1433.0,77.1921
1433.84,64.4633
1434.95,52.7602
1436.21,43.8403
1437.46,37.5887
1439.28,31.3415
1441.37,26.5144
1443.46,23.1503
1446.72,19.5997
1450.79,16.7554
1454.85,14.8705
1460.2,13.1982
1466.94,11.8111
1471.36,11.2246
1472.76,11.217
1473.36,11.7051
1473.6,12.3634
1473.82,13.533
1474.03,15.3824
1474.24,18.2746
1474.45,22.4883
1474.67,28.5356
1474.99,39.8461
1475.46,57.644
1475.74,64.3676
1475.94,65.9352
1476.18,63.7534
1476.47,55.9575
1477.13,31.0544
1477.38,23.4218
1477.59,18.8105
1477.8,15.5734
1478.01,13.4521
1478.17,12.4109
1478.4,11.4605
1478.63,10.953
1479.09,10.5398
1482.07,10.0771
1483.0,10.0492
1483.64,10.346
1484.01,11.0489
1484.32,12.309
1484.6,14.1946
1484.98,17.8402
1485.46,22.9013
1485.78,25.0343
1485.95,25.3288
1486.23,24.478
1486.61,21.1748
1487.21,14.7382
1487.5,12.526
1487.77,11.1918
1487.96,10.5698
1488.35,9.91354
1489.01,9.59556
1504.5,8.72671
1535.78,7.84854
1591.42,7.11317
1598.82,7.07092
1601.96,7.17459
1602.49,7.42063
1602.77,7.82145
1602.99,8.42305
1603.21,9.4498
1603.43,11.0982
1603.65,13.6439
1603.88,17.3103
1604.17,23.5649
1604.75,37.6375
1605.06,42.538
1605.28,43.7506
1605.53,42.3369
1605.77,38.5146
1606.3,25.789
1606.63,18.4333
1606.87,14.2377
1607.09,11.5557
1607.28,9.92271
1607.5,8.69817
1607.69,8.0499
1607.95,7.53104
1608.34,7.20933
1610.7,6.99204
1633.95,6.80852
1635.75,6.91513
1636.15,7.1533
1636.56,7.80297
1636.83,8.65874
1637.16,10.2293
1637.65,13.6981
1638.09,16.7355
1638.42,17.8784
1638.51,17.9456
1638.82,17.2759
1639.18,15.161
1639.82,10.5514
1640.14,8.84559
1640.41,7.93655
1640.71,7.31941
1641.12,6.94985
1642.58,6.76183
1685.9,6.52558
1688.68,6.60795
1689.21,6.87937
1689.51,7.30499
1689.8,8.13274
1690.08,9.44649
1690.36,11.4034
1690.73,14.9988
1691.22,19.9535
1691.55,22.0956
1691.74,22.4246
1692.04,21.5544
1692.38,18.7672
1693.04,12.0727
1693.35,9.67545
1693.62,8.31265
1693.87,7.51226
1694.16,6.97103
1694.62,6.6353
1695.68,6.50406
1840.1,5.73584
1874.87,5.2884
1888.55,4.91621
1898.09,4.44791
1903.81,3.97275
1907.9,3.44712
1911.0,2.85836
1913.31,2.2455
1915.44,1.51563
1916.74,1.05514
1917.16,0.945464
1917.5,0.902866
1917.57,0.901991
1917.84,0.936839
1918.05,1.02038
1918.22,1.14753
1918.39,1.36151
1918.54,1.62129
1918.68,1.9855
1918.81,2.44014
1918.93,3.05538
1919.05,3.83407
1919.19,4.9638
1919.32,6.4839
1919.45,8.51535
1919.58,11.2085
1919.71,14.7443
1919.85,19.4702
1919.99,26.0051
1920.13,34.4295
1920.29,46.8209
1920.46,62.9966
1920.65,85.8862
1920.87,119.103
1921.18,177.934
1921.81,306.291
1922.09,347.873
1922.38,367.978
1922.46,368.729
1922.69,359.142
1922.95,330.313
1923.39,253.352
1923.9,161.263
1924.18,119.973
1924.42,92.0488
1924.66,71.9549
1924.87,58.406
1925.12,47.2768
1925.36,39.5285
1925.67,33.0266
1926.02,28.0762
1926.44,24.3054
1927.04,20.8094
1927.86,17.7743
1928.88,15.3787
1930.24,13.3764
1931.98,11.7975
1934.29,10.5072
1937.6,9.41986
1942.09,8.57431
1947.4,7.98918
1957.74,7.3828
1960.99,7.29488
1962.53,7.44477
1962.97,7.83849
1963.31,8.62168
1963.59,9.88691
1963.81,11.4966
1964.08,14.2884
1964.37,18.5869
1965.19,33.6784
1965.52,37.7672
1965.76,38.6671
1966.06,37.1156
1966.38,32.7375
1967.14,18.5509
1967.43,14.2635
1967.69,11.4867
1967.91,9.83438
1968.14,8.73145
1968.36,8.03502
1968.7,7.47767
1969.38,7.13064
1976.18,6.85615
2021.47,6.31818
2091.38,5.6889
2109.36,5.25336
2118.03,4.7585
2122.19,4.29975
2125.11,3.76592
2127.07,3.2106
2128.66,2.56075
2129.86,2.0004
2130.2,1.95266
2130.36,2.00617
2130.53,2.15513
2130.69,2.42899
2130.81,2.78412
2130.94,3.30621
2131.06,4.04954
2131.19,5.08143
2131.31,6.48263
2131.44,8.34837
2131.57,10.9022
2131.71,14.4683
2131.85,19.4211
2132.01,26.0377
2132.17,35.1144
2132.35,47.0692
2132.57,65.5779
2132.9,98.9355
2133.48,163.215
2133.81,189.244
2134.1,198.551
2134.16,198.707
2134.46,190.375
2134.78,167.899
2135.6,87.9723
2135.89,64.7955
2136.14,49.6
2136.37,38.7391
2136.61,30.9236
2136.85,25.4651
2137.13,21.2103
2137.36,18.776
2137.68,16.6232
2138.2,14.452
2138.82,12.9016
2139.78,11.4423
2141.28,10.1149
2143.7,8.97023
2147.2,8.12912
2152.7,7.48043
2163.86,6.91569
2185.55,6.50428
2251.76,6.10227
2260.28,6.08096
2264.54,6.1329
2265.28,6.35735
2265.75,6.90388
2266.06,7.65291
2266.37,8.87899
2266.72,10.9676
2267.24,15.1893
2267.74,19.3407
2268.12,21.0931
2268.29,21.2895
2268.6,20.5983
2268.97,18.3491
2269.81,11.2168
2270.15,9.09576
2270.41,7.96255
2270.72,7.07264
2271.11,6.4744
2271.67,6.1636
2274.07,6.04831
2276.05,6.04272
2281.05,6.15863
2281.72,6.38492
2282.07,6.76598
2282.4,7.541
2282.66,8.68893
2282.89,10.2803
2283.09,12.2203
2283.34,15.5499
2283.61,20.4846
2283.98,29.1352
2284.53,43.3102
2284.85,49.2173
2285.17,51.6449
2285.2,51.663
2285.5,49.7635
2285.8,44.5315
2286.69,22.5097
2286.98,16.8106
2287.22,13.2734
2287.45,10.6977
2287.64,9.26296
2287.83,8.16759
2288.03,7.4229
2288.29,6.81127
2288.55,6.47571
2289.26,6.15939
2292.52,6.00766
2505.43,5.29084
2509.91,5.3912
2510.59,5.66034
2510.93,6.08361
2511.25,6.83898
2511.49,7.85973
2511.74,9.40245
2512.0,11.7305
2512.25,14.7117
2512.6,20.0874
2513.34,33.0637
2513.67,37.0943
2514.0,38.5613
2514.28,37.413
2514.59,33.9295
2515.13,24.7361
2515.6,16.693
2515.89,12.7903
2516.13,10.3621
2516.35,8.68916
2516.6,7.37049
2516.78,6.69374
2517.03,6.09683
2517.28,5.74124
2517.78,5.42172
2519.27,5.25797
2584.86,4.68249
2586.42,4.74199
2586.94,4.89963
2587.32,5.22777
2587.57,5.63832
2587.87,6.51583
2588.12,7.63134
2588.4,9.43568
2588.66,11.8315
2589.04,16.2126
2589.76,25.8822
2590.14,29.2656
2590.43,30.108
2590.77,28.9183
2591.13,25.4959
2592.02,13.7055
2592.34,10.3734
2592.6,8.42369
2592.88,6.8895
2593.16,5.89702
2593.4,5.35288
2593.79,4.8988
2594.36,4.65053
2598.1,4.47426
2625.6,3.83228
2631.62,3.69592
2632.88,3.77737
2633.38,3.96775
2633.73,4.31015
2633.99,4.79891
2634.25,5.6168
2634.47,6.661
2634.69,8.14247
2634.91,10.2323
2635.16,13.3549
2635.46,18.1306
2636.03,29.5506
2636.49,37.9971
2636.83,41.7324
2637.05,42.4565
2637.37,40.8694
2637.69,36.5211
2638.36,23.1987
2638.73,16.377
2639.0,12.2297
2639.25,9.31522
2639.45,7.59073
2639.67,6.19692
2639.88,5.20967
2640.14,4.42724
2640.44,3.88949
2640.7,3.62649
2641.19,3.37753
2642.01,3.21636
2653.48,2.20033
2658.46,1.62484
2662.96,0.984968
2665.99,0.533023
2667.16,0.387353
2667.84,0.323782
2668.34,0.293324
2668.84,0.281478
2669.23,0.289274
2669.6,0.314496
2669.95,0.358364
2670.27,0.417443
2670.58,0.499593
2670.93,0.625824
2671.28,0.796498
2671.63,1.02313
2671.99,1.3207
2672.34,1.70906
2672.69,2.21483
2673.04,2.87456
2673.39,3.73938
2673.74,4.88277
2674.06,6.21951
2674.37,7.97366
2674.68,10.3117
2674.96,13.0307
2675.23,16.6335
2675.5,21.4729
2675.74,27.1082
2675.98,34.5135
2676.22,44.2547
2676.46,57.0204
2676.71,74.7519
2676.98,98.758
2677.27,133.28
2677.58,180.039
2678.02,261.93
2678.91,443.152
2679.35,503.159
2679.7,521.336
2679.77,521.355
2680.19,497.075
2680.7,424.148
2681.69,246.282
2682.13,184.127
2682.5,144.464
2682.89,113.856
2683.23,94.413
2683.67,76.5833
2684.11,64.171
2684.61,54.2201
2685.2,45.9516
2686.02,38.0247
2686.92,32.1481
2688.09,26.9539
2689.26,23.3844
2691.12,19.5896
2693.35,16.6699
2696.18,14.295
2700.09,12.2638
2705.36,10.6235
2712.4,9.33205
2721.78,8.31841
2736.63,7.39276
2780.37,5.69111
2788.38,5.123
2792.59,4.61709
2795.5,4.06896
2797.76,3.42001
2799.36,2.75439
2800.56,2.17798
2800.94,2.09925
2801.16,2.15342
2801.39,2.35599
2801.58,2.70828
2801.74,3.21508
2801.89,3.91274
2802.04,4.90226
2802.19,6.26745
2802.34,8.1056
2802.49,10.5265
2802.64,13.6481
2802.82,18.3374
2803.01,25.0057
2803.22,34.1211
2803.47,47.9925
2803.78,69.6243
2804.62,136.274
2805.0,157.401
2805.35,165.036
2805.38,165.09
2805.74,158.265
2806.12,138.827
2807.04,75.3567
2807.39,55.5923
2807.69,42.6896
2807.94,34.5294
2808.2,28.4474
2808.46,24.072
2808.76,20.4568
2809.12,17.7244
2809.56,15.6629
2810.18,13.8598
2811.19,12.178
2812.39,10.9693
2814.29,9.82893
2817.45,8.8049
2821.96,8.0501
2828.88,7.45618
2841.41,6.93768
2845.63,6.85812
2846.7,6.94273
2847.21,7.187
2847.55,7.58082
2847.95,8.48828
2848.29,9.85224
2848.63,11.9173
2849.06,15.5116
2849.9,23.7079
2850.31,26.1223
2850.54,26.4942
2850.87,25.7167
2851.31,22.5492
2852.24,13.528
2852.62,10.719
2852.96,9.00386
2853.25,8.06579
2853.55,7.43229
2854.13,6.88734
2854.91,6.69782
2874.8,6.33598
2949.71,5.71191
2952.75,5.82044
2953.38,6.13358
2953.76,6.65428
2954.1,7.57742
2954.39,8.85322
2954.68,10.7438
2954.99,13.593
2955.35,17.9605
2956.23,30.0578
2956.61,33.3712
2956.89,34.1311
2957.26,32.7724
2957.68,28.3648
2958.57,16.093
2958.91,12.3323
2959.18,10.0947
2959.47,8.38783
2959.7,7.44372
2960.04,6.55305
2960.39,6.08237
2960.85,5.80363
2961.77,5.65921
3021.31,5.1063
3023.8,5.1722
3024.48,5.36001
3024.94,5.7763
3025.3,6.50138
3025.55,7.39369
3025.8,8.73809
3026.06,10.666
3026.34,13.5921
3026.64,17.8167
3027.09,25.7299
3027.75,37.6463
3028.12,41.9538
3028.42,43.164
3028.77,41.6057
3029.14,36.8957
3030.14,18.6922
3030.46,14.1058
3030.74,10.9727
3031.0,8.94138
3031.21,7.69273
3031.44,6.75578
3031.67,6.12202
3031.97,5.60549
3032.28,5.32525
3032.89,5.09875
3034.72,4.97234
3080.14,4.19902
3104.82,3.53883
3119.94,2.93878
3131.28,2.32506
3140.1,1.70349
3150.54,0.822187
3151.35,0.788493
3151.75,0.816879
3152.02,0.880827
3152.22,0.970324
3152.42,1.11307
3152.63,1.33377
3152.83,1.65734
3153.04,2.11424
3153.22,2.67602
3153.43,3.47638
3153.66,4.65855
3153.92,6.34725
3154.29,9.28591
3155.05,15.9271
3155.41,18.1596
3155.77,18.9832
3155.78,18.9846
3156.1,18.3382
3156.48,16.1663
3157.04,11.2399
3157.5,7.19797
3157.81,5.00998
3158.03,3.72024
3158.24,2.72473
3158.43,2.04334
3158.59,1.58328
3158.75,1.22138
3158.91,0.94589
3159.08,0.723532
3159.23,0.580265
3159.4,0.456245
3159.57,0.367783
3159.74,0.30565
3159.9,0.262694
3160.1,0.230263
3160.34,0.206589
3160.63,0.19383
3160.84,0.191515
3161.26,0.198584
3161.77,0.223619
3162.3,0.267198
3162.8,0.327343
3163.38,0.421846
3163.97,0.548239
3164.55,0.712799
3165.19,0.950096
3165.84,1.25814
3166.48,1.65465
3167.15,2.18152
3167.84,2.88499
3168.5,3.76714
3169.21,4.99377
3169.86,6.45245
3170.51,8.35267
3171.15,10.8539
3171.8,14.1899
3172.38,18.1931
3172.96,23.5395
3173.47,29.8844
3173.99,38.3617
3174.49,49.331
3174.97,63.9061
3175.4,81.3251
3175.83,104.46
3176.26,135.072
3176.69,175.005
3177.17,232.838
3177.81,329.577
3179.02,534.304
3179.64,605.975
3180.18,624.814
3180.68,604.249
3181.37,527.838
3182.77,326.36
3183.46,248.882
3184.06,198.471
3184.65,161.97
3185.33,131.729
3186.12,106.807
3186.98,88.0281
3187.95,73.1636
3188.92,62.4614
3190.21,52.2262
3191.72,43.8915
3193.52,36.9497
3195.89,30.7926
3198.47,26.2687
3201.91,22.23
3206.39,18.8486
3211.94,16.1714
3219.47,13.9143
3228.07,12.3083
3238.4,11.0752
3253.89,9.92345
3279.71,8.84919
3300.26,8.38649
3302.49,8.49632
3303.18,8.91447
3303.62,9.67879
3303.99,10.9799
3304.33,12.947
3304.66,15.8928
3305.01,20.1105
3305.6,29.1086
3306.15,37.5518
3306.53,41.4036
3306.84,42.4134
3307.2,40.9955
3307.62,36.3697
3308.62,20.5831
3308.96,16.2992
3309.3,13.176
3309.64,11.0599
3309.92,9.9165
3310.25,9.07925
3310.7,8.52632
3311.6,8.21037
3325.09,7.96059
3329.6,8.10091
3330.68,8.4655
3331.09,8.94157
3331.48,9.90455
3331.77,11.2238
3332.07,13.3545
3332.31,15.9879
3332.56,19.7995
3332.83,25.2524
3333.16,33.8347
3333.61,48.92
3334.33,74.1959
3334.73,83.5901
3335.05,86.0629
3335.41,83.0913
3335.82,73.2448
3336.84,37.3184
3337.19,27.3284
3337.46,21.3483
3337.75,16.7673
3337.99,13.8951
3338.27,11.6436
3338.56,10.1828
3338.78,9.4707
3339.21,8.66668
3339.86,8.20397
3342.67,7.83814
3368.65,7.43543
3484.01,6.75831
3566.78,6.45023
3569.11,6.55393
3570.36,6.98529
3571.73,7.53148
3571.89,7.53988
3572.88,7.25694
3574.16,6.66496
3575.4,6.44975
3693.2,5.92457
3695.71,6.02908
3696.44,6.405
3696.93,7.10319
3697.33,8.20143
3697.73,9.90183
3698.14,12.3683
3699.26,21.0082
3699.74,23.284
3700.01,23.6689
3700.4,22.9075
3700.85,20.4132
3701.95,11.9422
3702.33,9.67945
3702.73,8.04274
3703.12,7.01409
3703.52,6.42977
3704.05,6.065
3705.37,5.86879
3755.79,5.27685
3768.4,5.03311
3769.55,5.14895
3770.21,5.45719
3770.87,6.13157
3772.32,8.47431
3772.9,8.86702
3772.93,8.86781
3773.46,8.56055
3774.36,7.10883
3775.07,5.93416
3775.53,5.42623
3776.3,4.96511
3777.33,4.77864
3789.92,4.17307
3797.48,3.60068
3802.99,2.97076
3806.84,2.3485
3809.87,1.70909
3813.69,0.761887
3814.48,0.610412
3814.98,0.552672
3815.23,0.542698
3815.49,0.550308
3815.79,0.589504
3816.01,0.64716
3816.25,0.744301
3816.51,0.903851
3816.75,1.11464
3816.97,1.38721
3817.19,1.75742
3817.41,2.25806
3817.63,2.93374
3817.82,3.73372
3818.04,4.87346
3818.25,6.38965
3818.46,8.39951
3818.67,11.0501
3818.89,14.5198
3819.1,19.0183
3819.34,25.5112
3819.57,33.9134
3819.83,45.7716
3820.11,62.2774
3820.44,85.9627
3820.87,125.515
3821.95,238.074
3822.44,272.601
3822.85,284.089
3822.92,284.187
3823.38,271.936
3823.92,234.63
3825.06,133.609
3825.53,100.38
3825.9,80.4336
3826.25,65.9037
3826.68,53.237
3827.06,45.2351
3827.53,38.1728
3828.12,32.2362
3828.87,27.3123
3829.81,23.2658
3830.91,20.1488
3832.34,17.4768
3834.19,15.2186
3836.41,13.4619
3839.75,11.8104
3844.07,10.5294
3851.63,9.28826
3859.19,8.59427
3875.56,7.79504
3903.9,7.17175
3965.63,6.60478
4048.17,6.18246
4050.25,6.30221
4050.97,6.61783
4051.69,7.38597
4052.53,8.97885
4053.31,10.5672
4053.93,11.1631
4054.01,11.1725
4054.52,10.8345
4055.25,9.49418
4056.23,7.51879
4056.89,6.71426
4057.58,6.32125
4058.73,6.14872
4128.33,5.68751
4130.01,5.7841
4131.12,6.12408
4132.69,6.80811
4133.02,6.84023
4133.88,6.62989
4135.5,5.87067
4137.0,5.62871
4181.23,5.01843
4203.83,4.4383
4217.28,3.85859
4226.69,3.23984
4233.42,2.60936
4238.8,1.93085
4243.1,1.25056
4246.98,0.589487
4248.08,0.432544
4248.75,0.359316
4249.32,0.318817
4249.8,0.305539
4249.83,0.305511
4250.2,0.314521
4250.58,0.344005
4250.9,0.388282
4251.21,0.452727
4251.56,0.556301
4251.9,0.696954
4252.26,0.898803
4252.62,1.16967
4252.99,1.52923
4253.35,2.00405
4253.71,2.63061
4254.08,3.4599
4254.4,4.4252
4254.72,5.67929
4255.05,7.32213
4255.37,9.49336
4255.69,12.3866
4255.97,15.7166
4256.26,20.0328
4256.54,25.6249
4256.82,32.8423
4257.12,42.5844
4257.45,56.983
4257.79,75.5906
4258.19,104.192
4258.65,145.004
4260.02,290.975
4260.58,333.616
4261.07,349.103
4261.18,349.319
4261.6,339.673
4262.22,299.82
4263.65,171.711
4264.21,132.626
4264.74,103.945
4265.28,83.2961
4265.75,70.2342
4266.38,57.7746
4267.11,48.064
4267.96,40.3903
4269.1,33.5124
4270.47,28.123
4272.15,23.7972
4274.31,20.213
4276.59,17.7067
4279.96,15.2979
4283.99,13.4694
4289.37,11.9394
4297.44,10.5767
4308.2,9.53751
4324.34,8.67762
4343.83,8.12021
4345.51,8.32793
4346.36,8.96272
4347.03,10.0283
4348.39,12.9533
4349.05,13.555
4349.08,13.556
4349.66,13.1046
4350.81,10.6481
4351.63,9.09411
4352.32,8.37069
4353.02,8.05793
4356.28,7.86345
4408.5,7.2933
4412.44,7.28404
4415.47,7.437
4416.23,7.89884
4416.74,8.74772
4417.11,9.93399
4417.49,11.8124
4417.87,14.5545
4418.32,18.9863
4419.54,33.7232
4420.03,37.3045
4420.33,37.9297
4420.73,36.74
4421.2,32.7893
4422.39,18.3635
4422.78,14.5232
4423.16,11.778
4423.54,9.89548
4423.92,8.70444
4424.42,7.84863
4425.18,7.37623
4427.95,7.1876
4509.4,6.81537
4511.53,6.89305
4512.28,7.12855
4512.78,7.52536
4513.38,8.44926
4513.94,9.96201
4515.39,15.3151
4515.95,16.4085
4516.13,16.4758
4516.65,15.8584
4517.29,13.8413
4518.24,10.1735
4518.81,8.58136
4519.24,7.79348
4519.85,7.17396
4520.67,6.87268
4524.83,6.76069
4534.44,6.72803
4537.36,6.81994
4538.44,7.21236
4539.55,8.2264
4540.67,9.29696
4541.13,9.42937
4541.84,9.12756
4543.21,7.68985
4544.21,6.99822
4545.71,6.71953
4565.58,6.65233
4576.74,6.77781
4579.06,7.05175
4579.84,7.42823
4580.42,8.16282
4580.81,9.13816
4581.1,10.2977
4581.43,12.2801
4581.74,14.8817
4582.09,18.9907
4582.48,25.2256
4582.93,34.3961
4583.84,54.934
4584.31,62.7324
4584.76,65.7221
4584.8,65.7436
4585.22,63.5248
4585.73,55.5771
4586.94,28.6325
4587.34,21.5559
4587.7,16.6835
4588.01,13.4924
4588.34,11.1417
4588.63,9.7187
4589.02,8.50006
4589.41,7.79512
4589.97,7.2761
4591.08,6.91733
4594.25,6.67451
4625.02,6.40642
4636.92,6.35558
4641.85,6.46445
4642.63,6.68141
4643.14,7.10367
4643.58,7.88448
4643.95,9.05713
4644.27,10.6635
4644.6,12.9838
4644.93,16.2615
4645.31,21.3137
4645.9,30.9757
4646.64,43.916
4647.09,49.2992
4647.52,51.1738
4647.94,49.4797
4648.32,45.1943
4649.0,33.8445
4649.67,22.268
4650.07,16.8297
4650.42,13.2348
4650.77,10.656
4651.12,8.92015
4651.51,7.71966
4651.82,7.15935
4652.42,6.59875
4653.68,6.30425
4675.22,5.60508
4680.25,5.24309
4683.79,4.78905
4686.39,4.20238
4688.75,3.41969
4688.86,3.40787
4689.21,3.45956
4689.56,3.73124
4689.85,4.2439
4690.08,4.93536
4690.32,5.96749
4690.54,7.38454
4690.77,9.35021
4691.03,12.2647
4691.31,16.4836
4691.61,22.1867
4691.96,30.5591
4693.18,64.5296
4693.67,73.6062
4694.11,76.3913
4694.55,73.5959
4695.08,64.4182
4696.27,36.0646
4696.69,28.1669
4697.09,22.3592
4697.5,18.238
4697.85,15.7831
4698.32,13.6169
4698.88,12.0684
4699.71,10.8092
4701.02,9.7982
4703.35,8.87393
4706.89,8.18278
4714.71,7.53507
4731.76,7.06431
4781.92,6.70809
4844.96,6.56403
4851.84,6.65096
4852.53,6.81354
4853.21,7.30632
4853.71,8.13702
4854.12,9.3406
4854.56,11.3082
4855.06,14.5073
4856.32,24.7848
4856.85,27.6429
4857.21,28.252
4857.67,27.2616
4858.13,24.6188
4859.44,13.9747
4859.89,11.1785
4860.34,9.21515
4860.7,8.17666
4861.24,7.27287
4861.79,6.85675
4862.87,6.61402
4911.26,6.45773
5036.49,6.32044
5042.36,6.41426
5043.24,6.72222
5043.9,7.38855
5044.37,8.2624
5044.86,9.65005
5045.59,12.551
5046.38,15.8122
5046.95,17.2767
5047.26,17.5064
5047.73,16.9948
5048.39,14.8739
5049.54,10.0719
5050.03,8.5601
5050.4,7.74948
5050.84,7.09936
5051.28,6.71668
5052.16,6.40591
5055.96,6.30384
5118.16,6.22586
5124.42,6.32147
5125.22,6.58116
5125.75,7.01085
5126.25,7.7581
5126.85,9.22306
5127.62,11.9605
5128.5,15.1735
5129.07,16.2855
5129.28,16.3749
5129.84,15.738
5130.5,13.65
5131.51,9.82608
5132.12,8.14884
5132.57,7.31137
5133.22,6.64625
5134.09,6.31864
5138.44,6.20303
5162.03,6.16837
5167.14,6.24489
5168.06,6.52596
5168.76,7.18846
5169.25,8.10875
5169.76,9.63623
5170.43,12.482
5171.36,16.8972
5171.96,18.6949
5172.29,18.98
5172.78,18.3524
5173.35,16.3552
5174.56,10.6387
5175.07,8.80404
5175.59,7.57176
5176.05,6.90122
5176.52,6.52458
5177.44,6.23761
5188.21,6.12413
5289.45,5.81613
5291.86,5.93285
5292.95,6.26857
5294.88,7.20502
5295.31,7.25821
5296.26,7.00873
5297.88,6.15428
5299.12,5.83177
5304.66,5.70223
5329.2,5.34641
5340.96,4.92776
5346.17,4.56814
5350.58,4.04195
5353.25,3.50818
5355.09,2.96139
5356.42,2.50284
5356.89,2.4316
5357.24,2.49791
5357.48,2.64564
5357.71,2.91946
5357.94,3.36892
5358.17,4.02059
5358.38,4.90562
5358.59,6.11259
5358.83,7.94253
5359.08,10.3715
5359.32,13.4971
5359.6,18.2538
5359.93,25.119
5360.35,36.0158
5361.61,74.5221
5362.12,85.0007
5362.57,88.7988
5362.64,88.8469
5363.08,85.91
5363.62,76.1297
5364.95,41.9052
5365.41,32.4917
5365.81,26.1403
5366.24,21.1107
5366.66,17.7495
5367.08,15.4508
5367.58,13.6313
5368.08,12.4438
5369.15,10.9506
5370.35,9.99292
5371.95,9.19587
5374.63,8.40596
5377.3,7.92946
5384.78,7.23195
5397.6,6.7279
5433.99,6.16931
5477.04,5.55144
5478.67,5.68121
5479.29,5.96005
5479.91,6.61259
5480.47,7.70588
5480.99,9.26056
5482.55,15.3798
5483.13,16.61
5483.36,16.7225
5483.92,16.0506
5484.57,13.9099
5485.73,9.14163
5486.3,7.41287
5486.85,6.33653
5487.49,5.65672
5488.12,5.34436
5489.79,5.11385
5498.97,4.48937
5503.82,3.92079
5507.21,3.29894
5509.61,2.65847
5512.44,1.66903
5512.97,1.57059
5513.33,1.60818
5513.54,1.69979
5513.8,1.92465
5514.01,2.2271
5514.2,2.65088
5514.41,3.28366
5514.62,4.16106
5514.83,5.34613
5515.05,7.00051
5515.27,9.16485
5515.5,12.0842
5515.74,16.0613
5516.01,21.5151
5516.32,29.592
5516.7,41.7102
5517.23,62.7719
5518.21,104.361
5518.75,120.634
5519.26,126.826
5519.3,126.891
5519.78,123.068
5520.3,110.533
5521.74,60.3467
5522.28,45.3007
5522.75,35.6183
5523.22,28.7058
5523.64,24.3904
5524.18,20.5943
5524.85,17.6789
5525.68,15.4741
5527.04,13.3881
5528.6,11.9595
5530.69,10.7798
5534.03,9.67447
5539.45,8.72026
5545.71,8.13251
5557.4,7.56733
5584.11,7.0448
5652.04,6.64639
5669.27,6.61524
5682.01,6.73778
5683.92,6.91322
5684.83,7.228
5685.37,7.7161
5685.77,8.41892
5686.18,9.62323
5686.52,11.2017
5686.88,13.6915
5687.24,17.1849
5687.64,22.4745
5688.11,30.682
5689.4,58.2875
5689.92,66.1995
5690.42,68.903
5690.92,66.1768
5691.44,58.247
5692.78,29.5567
5693.24,21.8315
5693.6,17.1443
5693.96,13.6534
5694.32,11.1651
5694.66,9.58738
5695.06,8.38319
5695.47,7.68004
5696.01,7.19106
5696.92,6.87434
5698.83,6.69367
5714.74,6.51089
5897.18,6.30674
5921.7,6.41104
5925.39,6.62932
5926.45,6.89856
5927.05,7.30285
5927.55,7.99502
5927.92,8.9083
5928.29,10.3569
5928.67,12.5686
5929.01,15.525
5929.37,19.6601
5929.77,25.8031
5930.26,35.4291
5931.46,62.6835
5932.02,71.3598
5932.48,73.681
5932.95,71.09
5933.47,63.1422
5934.88,31.6463
5935.31,23.6588
5935.68,18.4047
5936.03,14.574
5936.34,12.1055
5936.7,10.1069
5937.04,8.80462
5937.38,7.9754
5937.89,7.25553
5938.56,6.81742
5939.57,6.5773
5942.69,6.38399
5976.72,6.23814
5996.57,6.22894
6010.63,6.27379
6013.09,6.47014
6013.83,6.84777
6014.44,7.61579
6014.92,8.7151
6015.35,10.2926
6015.79,12.5091
6016.39,16.5168
6017.52,25.0244
6018.1,27.8472
6018.49,28.4394
6018.98,27.5351
6019.59,24.2012
6020.91,14.1948
6021.44,11.1261
6021.91,9.14314
6022.35,7.92235
6022.79,7.16089
6023.14,6.78793
6023.84,6.41882
6025.25,6.25342
6027.27,6.232
6036.83,6.34804
6039.55,6.54019
6041.18,6.93522
6041.79,7.35774
6042.35,8.16604
6042.71,9.08169
6043.07,10.5044
6043.42,12.6571
6043.72,15.1982
6044.07,19.2203
6044.45,25.1395
6044.86,33.7928
6045.38,47.3813
6046.43,77.8997
6046.96,89.4463
6047.47,94.1185
6047.54,94.2015
6048.03,90.7883
6048.51,81.6418
6049.4,56.367
6050.04,38.4192
6050.5,28.0438
6050.87,21.5091
6051.23,16.9108
6051.59,13.5313
6051.94,11.1926
6052.24,9.84612
6052.6,8.75047
6053.08,7.87283
6053.69,7.2932
6054.7,6.87835
6056.33,6.61595
6060.15,6.38991
6081.02,6.1975
6217.66,6.02362
6220.17,6.09756
6221.58,6.46995
6224.04,7.99536
6224.56,8.08646
6225.53,7.77324
6227.21,6.62982
6228.5,6.15636
6230.95,6.0085
6330.6,5.69405
6363.71,5.35208
6375.97,5.0778
6386.49,4.64923
6392.84,4.18345
6396.78,3.72226
6399.85,3.19037
6402.31,2.57665
6405.05,1.69595
6405.46,1.62039
6405.61,1.61272
6405.89,1.6413
6406.18,1.75456
6406.39,1.92004
6406.63,2.21336
6406.84,2.62412
6407.06,3.20767
6407.28,4.01019
6407.49,5.02401
6407.72,6.49227
6407.97,8.61812
6408.23,11.411
6408.5,15.144
6408.8,20.3841
6409.16,28.3095
6409.58,40.0328
6410.35,65.5657
6411.1,90.4239
6411.67,103.349
6412.21,108.28
6412.3,108.292
6412.86,103.446
6413.47,90.3192
6414.83,52.6645
6415.39,40.2918
6415.88,32.0349
6416.32,26.6189
6416.86,21.8772
6417.32,19.1642
6418.03,16.4513
6418.73,14.7406
6419.78,13.1082
6421.34,11.6332
6422.9,10.6997
6424.76,10.1157
6425.58,10.2715
6426.4,11.0318
6427.22,12.6285
6428.79,16.6925
6429.53,17.452
6429.55,17.4525
6430.15,16.947
6430.92,15.0991
6432.25,11.1271
6433.04,9.56872
6433.85,8.69634
6435.06,8.19527
6437.48,7.91858
6449.99,7.30288
6471.43,6.87074
6531.03,6.48747
6537.21,6.46952
6540.75,6.60981
6542.15,7.09228
6544.06,8.10696
6544.63,8.1979
6545.8,7.84714
6547.89,6.75042
6549.52,6.47397
6613.2,6.32354
6616.0,6.36678
6617.36,6.66102
6618.21,7.27792
6618.87,8.16655
6619.95,10.356
6620.95,12.264
6621.65,12.7518
6622.35,12.2646
6623.35,10.357
6624.43,8.16596
6625.09,7.27539
6625.94,6.65535
6627.38,6.35077
6668.58,6.25878
6672.04,6.34227
6673.13,6.60517
6674.16,7.19463
6675.98,8.63274
6676.67,8.81963
6677.51,8.53965
6679.57,6.91574
6680.5,6.497
6681.43,6.32056
6700.82,6.22903
6739.44,6.20445
6741.82,6.26932
6742.98,6.51226
6744.08,7.12435
6745.95,8.68505
6746.68,8.90573
6747.54,8.60844
6749.61,6.89252
6750.55,6.4534
6751.48,6.26975
6762.32,6.18581
6817.34,6.15697
6823.87,6.2055
6825.14,6.45352
6825.78,6.82107
6826.58,7.72212
6827.42,9.33144
6828.81,12.449
6829.53,13.2552
6829.7,13.289
6830.27,12.9339
6831.08,11.4619
6832.35,8.53991
6833.06,7.38525
6833.72,6.7357
6834.6,6.33136
6836.52,6.15963
6850.79,6.13924
6860.78,6.23601
6861.86,6.55761
6862.56,7.17328
6863.08,8.01424
6863.66,9.53738
6864.33,12.0475
6865.66,18.0513
6866.26,19.8424
6866.71,20.2903
6867.26,19.6448
6867.87,17.653
6869.37,10.9293
6869.99,8.86753
6870.58,7.58418
6871.21,6.81235
6871.96,6.3841
6872.46,6.26138
6876.45,6.1371
7012.3,6.0624
7025.76,6.13562
7026.64,6.29633
7027.53,6.79104
7028.2,7.60466
7028.84,8.90219
7029.73,11.5381
7030.86,15.0844
7031.54,16.1474
7031.75,16.2157
7032.33,15.7052
7033.0,14.058
7034.42,9.51235
7034.97,8.17065
7035.6,7.15114
7036.22,6.56653
7037.06,6.21618
7039.14,6.06163
7049.81,6.04633
7063.22,6.12556
7064.37,6.34393
7065.05,6.76217
7065.62,7.47836
7066.14,8.58436
7066.67,10.2889
7067.28,13.0685
7068.64,20.5516
7069.21,22.7559
7069.76,23.5369
7070.34,22.6776
7070.92,20.3277
7072.38,12.3191
7073.0,9.73191
7073.52,8.19696
7074.07,7.19075
7074.68,6.56612
7075.67,6.18022
7079.61,6.04208
7140.16,6.00816
7186.85,6.11086
7196.62,6.39889
7200.29,6.82467
7202.21,7.40767
7203.24,8.10437
7203.85,8.90037
7204.36,10.029
7204.77,11.458
7205.18,13.6153
7205.58,16.6833
7205.97,21.0483
7206.36,27.0909
7206.76,35.1395
7207.19,46.6695
7207.74,64.8996
7209.0,112.584
7209.61,129.531
7210.17,135.952
7210.24,136.034
7210.8,130.86
7211.41,114.91
7212.96,56.9295
7213.45,41.9722
7213.87,31.9504
7214.24,24.9861
7214.61,19.7464
7214.97,16.0267
7215.37,13.1782
7215.76,11.2375
7216.25,9.67636
7216.74,8.71889
7217.53,7.85543
7218.79,7.18884
7221.41,6.62026
7226.65,6.24413
7236.77,6.05371
7274.34,5.94624
7276.46,6.05475
7277.47,6.39646
7278.23,7.02862
7278.99,8.1542
7280.86,12.2191
7281.6,13.0954
7281.83,13.147
7282.4,12.804
7283.23,11.3382
7284.54,8.39777
7285.28,7.2258
7285.96,6.56164
7286.87,6.14353
7288.71,5.96172
7349.16,5.8903
7354.83,6.01232
7355.9,6.35422
7356.71,6.9342
7357.74,8.15578
7359.05,9.8179
7359.83,10.1793
7360.56,9.86024
7361.78,8.35776
7362.87,7.00496
7363.85,6.29643
7364.84,6.00063
7370.51,5.87984
7371.48,5.87976
7388.43,5.99942
7390.32,6.20541
7391.24,6.64682
7391.81,7.32231
7392.23,8.22655
7392.66,9.65751
7393.09,11.8135
7393.47,14.496
7393.86,18.1696
7394.34,23.7902
7395.22,36.7452
7395.96,47.4626
7396.58,53.2533
7397.02,54.5748
7397.58,52.5199
7398.16,46.5341
7399.74,23.4261
7400.22,17.8898
7400.61,14.2876
7401.03,11.4596
7401.43,9.51934
7401.77,8.38944
7402.17,7.47296
7402.57,6.89712
7403.16,6.43669
7404.1,6.14084
7407.9,5.93593
7457.02,5.816
7481.59,5.89844
7489.61,6.17433
7492.0,6.4484
7493.62,6.8398
7494.9,7.53296
7495.54,8.25672
7496.07,9.30987
7496.5,10.6713
7496.88,12.5113
7497.27,15.2191
7497.66,19.0803
7498.05,24.4228
7498.46,32.0004
7498.92,43.1941
7499.46,59.7606
7500.89,111.137
7501.5,126.409
7502.07,131.471
7502.58,127.528
7503.23,112.228
7504.88,53.8942
7505.4,39.3217
7505.82,29.8482
7506.16,23.9645
7506.54,19.0515
7506.91,15.4603
7507.28,12.9025
7507.73,10.8292
7508.25,9.32717
7508.77,8.43749
7509.41,7.77009
7510.26,7.25835
7511.97,6.73248
7514.87,6.33126
7521.18,6.01646
7542.25,5.78956
7544.66,5.85721
7545.92,6.18697
7546.83,6.79954
7548.2,8.38562
7549.22,9.46814
7549.91,9.72452
7550.66,9.42017
7551.96,7.94636
7552.98,6.82026
7553.78,6.26199
7554.84,5.91306
7560.35,5.753
7647.44,5.56396
7655.55,5.62628
7658.0,5.792
7658.75,5.98681
7659.51,6.47432
7660.08,7.27542
7660.49,8.24123
7660.91,9.79619
7661.33,12.0942
7661.75,15.3224
7662.2,19.9545
7662.77,27.4
7664.23,50.1607
7664.82,56.3819
7665.36,58.3668
7665.92,56.2127
7666.51,49.8733
7668.11,25.2632
7668.6,19.0991
7669.02,15.0148
7669.45,11.964
7669.82,10.0307
7670.24,8.49353
7670.6,7.61442
7671.14,6.79862
7671.67,6.35623
7672.75,5.97837
7676.49,5.6852
7697.33,5.44926
7756.63,5.05355
7782.04,4.70964
7797.96,4.32749
7809.04,3.93673
7810.19,4.0659
7811.04,4.42726
7811.76,5.02904
7812.62,6.15576
7814.0,8.2146
7814.71,8.75065
7814.91,8.77953
7815.59,8.46183
7816.42,7.36066
7817.84,5.03247
7818.58,4.17256
7819.31,3.62996
7820.04,3.32161
7821.02,3.10455
7827.25,2.27608
7830.71,1.6628
7834.87,0.786721
7835.6,0.666466
7836.16,0.614004
7836.39,0.6079
7836.73,0.624156
7837.08,0.682389
7837.39,0.784817
7837.64,0.913303
7837.92,1.12362
7838.18,1.40717
7838.43,1.76712
7838.67,2.23235
7838.92,2.87612
7839.16,3.6422
7839.42,4.73554
7839.71,6.32049
7839.99,8.34023
7840.26,10.863
7840.59,14.6211
7840.91,19.4088
7841.25,25.6068
7841.65,34.9314
7842.11,48.1288
7842.8,72.3375
7843.97,116.712
7844.68,136.66
7845.31,144.777
7845.5,145.189
7846.13,139.901
7846.89,122.882
7848.57,72.167
7849.31,54.7223
7849.95,43.4576
7850.51,36.397
7851.2,30.1351
7852.03,25.1655
7852.95,21.5824
7854.11,18.6563
7855.72,16.0359
7857.94,13.8118
7860.89,12.0141
7865.09,10.5093
7870.86,9.33389
7878.24,8.47961
7885.62,7.9568
7900.39,7.34932
7929.92,6.78143
7990.8,6.32264
8000.0,8.51866
8000.0,6.28443
9564.24,8.33451
10000.0,8.28321
11955.3,8.12465
12000.0,8.12102
14000.0,8.00362
16737.4,7.8906
17000.0,7.87976
20000.0,7.79531
23910.6,7.72518
25000.0,7.70564
29888.2,7.65417
30000.0,7.65299
35865.9,7.62015
37500.0,7.611
44832.4,7.59313
45000.0,7.59272
53798.9,7.58789
56250.0,7.58654
67248.6,7.59169
67500.0,7.5918
80698.3,7.60325
83750.0,7.6059
100000.0,7.6209
100000.0,7.62039
200000.0,7.715
813695.0,7.10302
2500000.0,4.986
3000000.0,4.539
3500000.0,4.259
4250000.0,4.081
4500000.0,4.055
6500000.0,4.2175
1.0E7,4.6
1.2E7,4.64
2.0E7,4.024

