48-Cd-110(n,total) ENDF/B-VII.1
1.0E-5,580.146
1.31241E-5,506.498
1.70876E-5,443.983
2.2426E-5,387.669
2.91987E-5,339.873
3.83206E-5,296.822
4.98935E-5,260.293
6.54808E-5,227.399
8.52562E-5,199.498
1.11891E-4,174.381
1.45682E-4,153.085
1.91195E-4,133.928
2.48937E-4,117.692
3.26707E-4,103.09
4.25373E-4,90.7244
5.58264E-4,79.6084
7.26861E-4,70.1979
9.53941E-4,61.7366
0.00124203,54.5681
0.00163006,48.1238
0.00212234,42.6602
0.00278538,37.7459
0.00362657,33.5787
0.00475955,29.8332
0.00619694,26.6512
0.00813293,23.8023
0.0116243,20.605
0.0151349,18.5478
0.0216322,16.2176
0.0234661,15.7387
0.0253,15.3119
0.0361611,13.4638
0.0516848,11.9119
0.0738726,10.6375
0.105586,9.56358
0.150913,8.63796
0.236786,7.67042
0.368577,6.90261
0.578306,6.25386
0.900182,5.71047
1.46496,5.20228
2.55642,4.71177
4.6322,4.25809
8.51537,3.87647
16.6149,3.52828
50.1688,2.74663
61.7152,2.32365
69.2633,1.90075
77.0474,1.33894
78.4626,1.27324
79.1703,1.26284
80.2317,1.29756
80.9246,1.37353
81.6028,1.51299
82.1262,1.68607
82.738,1.99541
83.2171,2.35412
83.7147,2.88453
84.1827,3.59624
84.5955,4.47676
84.9936,5.6492
85.34,7.03728
85.6717,8.82296
86.0034,11.253
86.2983,14.219
86.571,17.9467
86.8364,22.9088
87.0723,28.957
87.2787,36.1194
87.4703,45.0641
87.6472,56.1838
87.8182,70.7946
87.9715,88.7458
88.1042,109.879
88.2281,136.667
88.3342,167.752
88.4433,211.66
88.5318,260.989
88.6158,325.876
88.688,403.812
88.75,496.148
88.806,610.513
88.8591,758.514
88.9121,961.69
88.9637,1232.56
89.0153,1599.96
89.0632,2050.21
89.1163,2694.74
89.1775,3645.84
89.263,5315.32
89.4075,8350.7
89.4747,9347.54
89.5485,9789.23
89.5532,9790.66
89.6233,9432.14
89.7023,8293.39
89.9043,4179.04
89.9736,3046.16
90.0311,2315.87
90.0827,1812.06
90.1365,1415.65
90.1844,1151.17
90.2419,916.637
90.2935,762.377
90.3598,617.847
90.4262,513.98
90.5102,419.486
90.5987,348.228
90.7048,286.394
90.8228,236.778
90.9643,193.905
91.1294,158.313
91.3152,129.838
91.5422,105.255
91.8046,85.4327
92.1142,69.2364
92.4385,57.3559
92.8513,46.7861
93.3231,38.4907
93.8538,32.0183
94.3845,27.3935
95.1512,22.7104
95.9767,19.2604
97.0087,16.2999
98.2766,13.8582
99.9277,11.7609
102.051,10.0436
104.174,8.91552
107.004,7.90935
110.709,7.05898
116.232,6.28342
124.517,5.62207
138.324,5.05295
163.178,4.58376
223.249,4.03109
228.879,3.82161
229.511,3.9262
229.703,4.11999
229.823,4.44284
229.895,4.81899
229.967,5.44995
230.027,6.2839
230.087,7.53576
230.147,9.37644
230.203,11.8189
230.253,14.769
230.303,18.5928
230.364,24.5387
230.424,32.1573
230.494,43.2971
230.591,62.2101
230.819,113.21
230.921,129.748
231.022,136.818
231.038,136.922
231.128,132.378
231.214,120.662
231.363,89.8761
231.517,56.6747
231.604,41.3397
231.675,31.3788
231.739,24.4606
231.802,19.1426
231.862,15.4206
231.922,12.6918
231.982,10.7298
232.042,9.33787
232.114,8.19739
232.219,7.18018
232.301,6.70201
232.464,6.12918
232.79,5.55378
233.365,5.08076
234.324,4.74025
236.42,4.46913
242.575,4.26366
278.574,4.0571
336.213,3.8886
338.415,3.9574
338.693,4.12138
338.882,4.47779
339.031,5.06459
339.155,5.85498
339.306,7.23542
339.632,10.8158
339.784,11.8255
339.863,11.9684
339.995,11.5765
340.169,10.0656
340.469,6.74627
340.62,5.51349
340.757,4.77967
340.856,4.44139
341.054,4.08909
341.411,3.92248
347.253,3.82064
359.565,3.65169
364.25,3.45659
367.293,3.25039
367.605,3.29919
367.911,3.4937
368.064,3.77333
368.166,4.14081
368.251,4.6578
368.336,5.49342
368.404,6.51135
368.472,7.97673
368.539,10.0538
368.599,12.53
368.667,16.3214
368.735,21.3814
368.807,28.4549
368.885,38.3591
368.971,52.2507
369.077,73.6587
369.248,116.057
369.445,164.727
369.578,187.005
369.701,194.146
369.828,186.315
369.971,161.81
370.314,79.1108
370.424,57.4933
370.516,43.2239
370.599,33.2453
370.676,26.1123
370.752,20.7991
370.829,16.8927
370.913,13.8117
370.998,11.6924
371.083,10.2375
371.202,8.91295
371.355,7.89681
371.559,7.10521
371.864,6.40644
372.374,5.74604
373.053,5.26449
374.439,4.78818
376.531,4.48015
381.386,4.21905
395.361,4.0254
484.808,3.81326
497.583,3.79862
501.729,3.84745
502.127,3.96963
502.322,4.17677
502.516,4.63536
502.67,5.29625
502.82,6.26605
503.019,8.0717
503.379,11.732
503.546,12.7204
503.642,12.8803
503.801,12.4355
504.009,10.7731
504.369,7.05136
504.544,5.70164
504.668,5.02215
504.83,4.44801
505.017,4.09656
505.316,3.88974
506.791,3.79772
646.13,3.53973
650.054,3.59151
650.459,3.66444
650.742,3.85545
650.904,4.11652
651.066,4.59567
651.187,5.17145
651.334,6.20344
651.485,7.73899
651.662,10.1587
652.093,17.3011
652.275,19.4043
652.44,20.0798
652.607,19.3951
652.789,17.2852
653.271,9.39006
653.422,7.43789
653.574,5.98766
653.695,5.16414
653.857,4.44162
653.979,4.10836
654.221,3.7665
654.626,3.60254
656.487,3.52262
721.612,3.18986
747.91,2.89393
758.18,2.74051
759.659,2.80726
760.082,2.95266
760.293,3.17749
760.428,3.45601
760.563,3.91941
760.675,4.51674
760.787,5.38127
760.899,6.59335
761.025,8.45913
761.157,11.1059
761.302,14.8852
761.508,21.6268
761.844,33.5788
762.051,38.8081
762.231,40.4661
762.236,40.4674
762.419,38.8534
762.626,33.66
763.103,16.9065
763.262,12.3724
763.394,9.40953
763.505,7.48705
763.611,6.08728
763.716,5.0442
763.843,4.1671
763.97,3.59356
764.097,3.22963
764.255,2.96172
764.519,2.75373
764.942,2.63517
766.463,2.49708
776.46,1.99316
781.609,1.61921
785.664,1.21974
790.507,0.642017
791.496,0.553965
792.238,0.523142
792.321,0.522681
792.824,0.538014
793.282,0.58812
793.644,0.662358
794.014,0.782152
794.352,0.944137
794.69,1.17457
795.02,1.48971
795.302,1.85469
795.607,2.38811
795.897,3.07504
796.154,3.89227
796.412,4.98196
796.658,6.38461
796.875,8.0415
797.081,10.1379
797.261,12.5812
797.442,15.8662
797.596,19.6766
797.75,24.8664
797.879,30.7376
798.008,38.6417
798.124,48.182
798.24,60.8667
798.355,77.7431
798.471,100.091
798.587,129.388
798.718,172.636
798.848,228.871
798.999,312.579
799.163,426.567
799.437,659.194
799.759,937.7
799.97,1065.58
800.155,1111.76
800.181,1112.56
800.34,1086.75
800.518,1001.68
800.782,801.896
801.165,484.411
801.358,355.246
801.527,267.274
801.672,209.591
801.825,163.828
801.953,135.002
802.114,108.438
802.275,89.5031
802.442,75.3449
802.668,62.0194
802.938,51.2274
803.26,42.5242
803.646,35.3901
804.109,29.5234
804.714,24.3558
805.39,20.4739
806.243,17.1754
807.305,14.4614
808.544,12.3734
810.056,10.6809
811.794,9.38089
814.175,8.21042
817.393,7.2173
820.381,6.62042
822.282,6.37822
822.684,6.44233
823.006,6.7392
823.237,7.26857
823.458,8.16928
823.72,9.81167
824.233,13.7606
824.478,14.8016
824.57,14.8898
824.8,14.3339
825.111,12.2196
825.53,8.89425
825.781,7.47869
826.053,6.57632
826.324,6.13916
826.907,5.85662
832.514,5.39049
843.597,4.89747
866.544,4.39047
901.515,3.8632
908.983,3.63323
914.574,3.32806
915.163,3.39971
915.438,3.61673
915.644,4.03822
915.801,4.65507
915.934,5.49273
916.066,6.73824
916.199,8.51386
916.332,10.9352
916.469,14.217
916.641,19.443
916.943,30.8511
917.217,40.9378
917.421,45.9463
917.596,47.4007
917.775,45.8463
917.991,40.3513
918.554,19.1633
918.715,14.3234
918.848,11.2591
918.958,9.42588
919.05,8.40658
919.124,7.93593
919.198,7.7862
919.271,7.97746
919.363,8.73955
919.458,10.2111
919.538,12.0554
919.638,15.2642
919.737,19.6265
919.847,25.9506
919.966,34.8847
920.098,47.369
920.267,67.2715
920.805,143.17
921.008,163.198
921.206,170.94
921.225,170.978
921.42,164.26
921.618,145.924
922.192,69.9502
922.36,51.7158
922.508,39.0938
922.639,30.4248
922.777,23.5792
922.894,19.3025
923.035,15.6104
923.176,13.0831
923.316,11.3659
923.503,9.88554
923.77,8.6602
924.126,7.74885
924.75,6.86139
925.752,6.09593
926.576,5.72389
928.3,5.26195
931.533,4.84322
938.449,4.48753
955.178,4.20321
1009.35,3.91669
1091.67,3.59733
1103.84,3.45165
1110.53,3.21732
1112.88,3.00905
1114.72,2.73719
1114.92,2.76751
1115.12,2.89618
1115.29,3.18067
1115.44,3.63462
1115.55,4.21716
1115.67,5.07374
1115.79,6.29314
1115.9,7.97618
1116.02,10.3823
1116.16,13.8007
1116.29,18.4347
1116.45,25.3788
1116.66,36.6011
1117.15,65.379
1117.38,75.1133
1117.59,78.8586
1117.61,78.8906
1117.83,75.8752
1118.08,66.1458
1118.66,33.645
1118.86,24.8199
1119.03,18.7868
1119.18,14.6867
1119.32,11.9682
1119.45,9.96706
1119.62,8.24166
1119.79,7.12982
1120.0,6.3121
1120.27,5.70744
1120.73,5.20754
1121.72,4.73327
1123.68,4.33244
1126.94,4.07083
1132.43,3.91958
1133.42,3.97618
1133.77,4.12597
1134.08,4.50374
1134.29,5.01231
1134.5,5.84009
1134.71,7.14887
1134.96,9.23495
1135.57,15.4399
1135.83,17.0473
1135.98,17.3193
1136.21,16.7
1136.48,14.6737
1137.06,8.62112
1137.28,6.89104
1137.47,5.79551
1137.67,4.96271
1137.88,4.44848
1138.19,4.06143
1138.58,3.89123
1140.6,3.7878
1186.52,3.51064
1238.33,3.23564
1239.76,3.30782
1240.13,3.47441
1240.43,3.82919
1240.69,4.3973
1240.94,5.3099
1241.2,6.59343
1241.79,10.1794
1242.06,11.2148
1242.24,11.4341
1242.48,11.077
1242.76,9.81698
1243.4,6.01637
1243.66,4.83745
1243.89,4.13006
1244.1,3.73486
1244.4,3.41138
1244.61,3.30663
1245.22,3.20278
1283.01,2.71766
1298.51,2.3755
1310.73,1.96085
1315.18,1.80989
1315.93,1.8609
1316.18,1.94464
1316.42,2.13688
1316.61,2.41783
1316.77,2.84318
1316.9,3.34565
1317.04,4.04279
1317.17,4.98277
1317.33,6.49699
1317.49,8.49338
1317.68,11.6175
1317.93,16.6564
1318.41,26.9946
1318.66,30.7548
1318.89,31.9538
1319.12,30.7144
1319.34,27.4896
1319.73,19.2554
1320.04,12.7072
1320.24,9.18007
1320.41,6.87783
1320.55,5.31511
1320.7,4.12998
1320.83,3.31065
1320.98,2.67479
1321.13,2.23804
1321.3,1.90688
1321.5,1.68124
1321.74,1.5284
1322.14,1.41309
1323.3,1.26241
1332.08,0.457106
1333.53,0.349173
1334.37,0.305193
1335.05,0.286174
1335.27,0.284241
1335.77,0.289942
1336.25,0.311658
1336.69,0.349091
1337.17,0.41465
1337.63,0.506516
1338.06,0.630713
1338.5,0.799792
1338.93,1.02679
1339.37,1.32926
1339.77,1.70078
1340.19,2.20343
1340.61,2.8565
1341.02,3.72288
1341.38,4.71945
1341.74,6.02118
1342.09,7.67433
1342.44,9.877
1342.75,12.4913
1343.06,16.0031
1343.33,20.1518
1343.6,25.8004
1343.83,32.2066
1344.05,40.9048
1344.26,51.9711
1344.46,66.6469
1344.66,85.6762
1344.84,109.423
1345.02,140.007
1345.22,186.051
1345.43,249.273
1345.66,337.525
1345.97,484.432
1346.59,803.495
1346.89,914.09
1347.18,950.802
1347.42,925.518
1347.71,834.672
1348.58,422.657
1348.86,317.285
1349.12,242.168
1349.35,190.444
1349.59,153.341
1349.82,126.095
1350.07,104.564
1350.36,86.7401
1350.71,71.7053
1351.13,59.0121
1351.6,49.3758
1352.19,40.8028
1352.84,34.3203
1353.61,28.8625
1354.54,24.3129
1355.78,20.2017
1357.02,17.39
1358.72,14.7421
1360.66,12.7204
1363.37,10.8586
1366.46,9.48054
1370.33,8.35186
1376.53,7.24299
1384.78,6.39171
1394.59,5.79594
1411.62,5.21696
1442.19,4.71041
1493.2,4.32852
1617.08,3.92034
1681.16,3.78019
1683.13,3.79056
1684.2,3.9204
1684.63,4.2048
1684.93,4.64056
1685.25,5.41013
1685.62,6.76575
1686.3,9.71123
1686.63,10.5962
1686.81,10.7291
1687.14,10.298
1687.51,8.94287
1688.14,6.19733
1688.44,5.21035
1688.69,4.62223
1689.02,4.1735
1689.34,3.94543
1689.55,3.86722
1691.09,3.76437
1796.41,3.51139
1804.95,3.54824
1807.13,3.66065
1807.68,3.87811
1807.97,4.20143
1808.2,4.65918
1808.43,5.40348
1808.65,6.54649
1808.89,8.2414
1809.13,10.594
1809.46,14.8557
1810.04,22.7658
1810.35,25.5514
1810.58,26.208
1810.86,25.2333
1811.19,21.8893
1811.92,11.8232
1812.18,8.97486
1812.41,7.06111
1812.61,5.82971
1812.82,4.95284
1813.05,4.34508
1813.34,3.92207
1813.68,3.69501
1814.4,3.57918
1814.99,3.5713
1818.28,3.66424
1821.2,3.93737
1822.41,4.19934
1823.52,4.66581
1824.16,5.16507
1824.55,5.65853
1824.93,6.49749
1825.14,7.22812
1825.36,8.47994
1825.55,10.1016
1825.7,11.9787
1825.85,14.5871
1826.0,18.1836
1826.15,23.0799
1826.3,29.6368
1826.45,38.2443
1826.62,50.8621
1826.81,69.0755
1827.01,93.8075
1827.26,130.38
1828.0,260.022
1828.29,294.614
1828.56,305.462
1828.83,293.632
1829.14,257.332
1829.94,118.135
1830.16,85.4289
1830.37,62.5575
1830.55,46.48
1830.7,35.6166
1830.86,27.312
1831.02,21.1137
1831.16,16.9519
1831.31,13.7205
1831.47,11.3815
1831.65,9.35671
1831.84,8.01095
1832.07,6.95846
1832.37,6.10708
1832.72,5.49033
1833.3,4.90702
1834.01,4.47823
1835.25,4.06844
1837.24,3.75445
1841.4,3.5036
1850.18,3.34062
1920.71,2.8081
1944.97,2.48153
1959.0,2.14905
1966.44,1.85018
1970.77,1.58195
1974.01,1.29046
1976.48,0.986036
1978.44,0.707738
1978.92,0.657686
1979.34,0.639695
1979.63,0.658176
1979.87,0.709438
1980.05,0.784513
1980.22,0.901954
1980.37,1.058
1980.51,1.28823
1980.64,1.57561
1980.76,1.94454
1980.88,2.44544
1981.01,3.16592
1981.12,4.01828
1981.24,5.19319
1981.36,6.75556
1981.48,8.78
1981.61,11.6076
1981.74,15.0428
1981.88,19.7827
1982.03,26.6326
1982.2,36.4287
1982.39,50.0841
1982.62,70.2381
1982.93,104.382
1983.51,172.748
1983.8,198.082
1984.1,209.663
1984.17,210.019
1984.45,202.079
1984.73,181.701
1985.26,124.533
1985.65,83.1137
1985.9,61.1858
1986.12,46.5528
1986.31,36.346
1986.51,28.4419
1986.72,22.4182
1986.93,18.1377
1987.14,15.1262
1987.34,13.0032
1987.61,11.1617
1987.88,9.86788
1988.31,8.50232
1988.85,7.40597
1989.67,6.33743
1990.84,5.40085
1992.4,4.64349
1994.13,4.11397
1996.93,3.57713
2001.22,3.08289
2008.36,2.56705
2029.91,1.37919
2038.55,0.811722
2044.61,0.392464
2046.6,0.27772
2047.87,0.222942
2048.67,0.199648
2049.31,0.189815
2049.63,0.188482
2050.31,0.195028
2050.78,0.208629
2051.35,0.236707
2051.96,0.284649
2052.57,0.355159
2053.19,0.45379
2053.8,0.587647
2054.41,0.765911
2055.02,1.00052
2055.61,1.29329
2056.2,1.67085
2056.79,2.15791
2057.38,2.78796
2057.96,3.60721
2058.55,4.68041
2059.14,6.10033
2059.65,7.73318
2060.16,9.81256
2060.65,12.4827
2061.14,16.0501
2061.56,20.2236
2061.99,25.8207
2062.4,33.004
2062.74,41.2212
2063.1,52.7405
2063.4,65.8885
2063.71,84.294
2064.0,107.67
2064.3,138.908
2064.59,180.203
2064.91,239.929
2065.28,327.266
2065.83,489.799
2066.52,699.513
2066.93,781.408
2067.26,803.45
2067.6,783.034
2068.06,696.606
2069.18,384.974
2069.61,290.918
2069.97,230.413
2070.36,182.342
2070.76,146.098
2071.19,118.78
2071.65,97.9639
2072.2,80.3266
2072.85,65.9857
2073.62,54.0822
2074.5,44.6877
2075.58,36.787
2076.75,30.8329
2078.12,25.9792
2079.84,21.796
2081.82,18.4913
2084.3,15.6786
2087.73,13.1272
2091.65,11.2493
2096.2,9.81482
2098.48,9.36383
2099.1,9.52937
2099.59,10.1223
2100.07,11.4458
2101.17,16.237
2101.6,17.0712
2101.64,17.0784
2102.05,16.4156
2102.59,14.0445
2103.22,10.9993
2103.65,9.61649
2104.11,8.76489
2104.87,8.24358
2110.51,7.47358
2121.48,6.58727
2135.68,5.8873
2159.19,5.19247
2196.52,4.55463
2282.11,3.46048
2307.63,2.9597
2324.25,2.47352
2335.79,1.98139
2344.2,1.49385
2350.35,1.06823
2350.73,1.05888
2351.12,1.08214
2351.4,1.14676
2351.69,1.28669
2351.9,1.46517
2352.12,1.7314
2352.35,2.16277
2352.58,2.72662
2352.84,3.53924
2353.22,5.05753
2353.78,7.36584
2354.1,8.24548
2354.4,8.54751
2354.7,8.25002
2355.01,7.37699
2355.53,5.19182
2355.94,3.42886
2356.21,2.50401
2356.42,1.92166
2356.64,1.4645
2356.82,1.16789
2357.01,0.945025
2357.19,0.781464
2357.41,0.647339
2357.65,0.546274
2357.96,0.46808
2358.39,0.403605
2359.13,0.335086
2360.23,0.260113
2361.15,0.215648
2361.8,0.196104
2362.32,0.189831
2362.78,0.192758
2363.29,0.207051
2363.79,0.234839
2364.26,0.27594
2364.73,0.335341
2365.23,0.422677
2365.76,0.546303
2366.3,0.717987
2366.85,0.950286
2367.36,1.2263
2367.87,1.59033
2368.39,2.05984
2368.91,2.66629
2369.42,3.45261
2369.94,4.47859
2370.46,5.82953
2370.95,7.53229
2371.44,9.80478
2371.88,12.5391
2372.32,16.2119
2372.72,20.612
2373.1,26.3594
2373.44,33.3701
2373.79,42.8886
2374.09,54.1447
2374.39,69.2181
2374.68,88.9958
2374.98,115.293
2375.27,149.79
2375.6,199.219
2375.97,270.802
2376.5,400.031
2377.22,580.302
2377.61,650.356
2378.03,681.148
2378.08,681.308
2378.38,667.384
2378.84,601.978
2380.09,323.339
2380.54,245.714
2380.92,194.011
2381.31,155.496
2381.74,124.981
2382.17,102.881
2382.63,85.8476
2383.18,71.2602
2383.82,59.272
2384.56,49.6159
2385.45,41.4693
2386.4,35.2225
2387.73,29.2136
2389.28,24.4815
2391.2,20.5515
2393.41,17.512
2396.11,15.0061
2399.55,12.8972
2403.48,11.3069
2408.08,10.1374
2408.43,10.1319
2409.14,10.518
2409.53,11.3028
2409.82,12.3997
2410.18,14.5403
2410.59,18.247
2411.44,27.4115
2411.83,29.9561
2412.04,30.3273
2412.36,29.3984
2412.77,26.0753
2413.64,16.3279
2413.99,13.3314
2414.35,11.2637
2414.71,10.0263
2415.19,9.2149
2415.91,8.79676
2421.45,8.06125
2432.77,7.19613
2451.43,6.39313
2472.19,5.93868
2474.07,6.00361
2474.72,6.21777
2475.13,6.65236
2475.47,7.44792
2475.73,8.54159
2475.98,10.0822
2476.26,12.5943
2476.53,16.0502
2476.89,21.942
2477.61,35.2917
2477.96,39.7848
2478.29,41.2807
2478.6,39.8476
2478.99,34.8007
2479.86,18.6654
2480.18,14.054
2480.44,11.228
2480.67,9.39333
2480.93,8.00531
2481.2,7.04949
2481.47,6.48445
2481.88,6.06523
2482.69,5.82442
2487.7,5.6784
2489.56,5.76096
2490.11,5.99974
2490.49,6.48093
2490.82,7.30139
2491.07,8.36479
2491.3,9.7922
2491.59,12.3049
2491.91,16.067
2492.51,25.0096
2492.96,31.2155
2493.31,34.0473
2493.5,34.4347
2493.79,33.4043
2494.12,30.2631
2495.1,15.7209
2495.43,11.9456
2495.71,9.6451
2495.94,8.26782
2496.2,7.20333
2496.52,6.40535
2496.91,5.93139
2497.69,5.63934
2503.96,5.44769
2563.94,4.97391
2705.0,4.46436
2718.04,4.43868
2720.87,4.47652
2721.66,4.65307
2722.16,5.03591
2722.48,5.51952
2722.81,6.26355
2723.27,7.79158
2724.19,11.6275
2724.61,12.6768
2724.83,12.8346
2725.17,12.4919
2725.62,11.0956
2726.49,7.43906
2726.86,6.24369
2727.19,5.50017
2727.62,4.90276
2728.21,4.55867
2729.19,4.43383
2732.21,4.4113
2736.63,4.46544
2737.54,4.64378
2738.0,4.99995
2738.34,5.58088
2738.61,6.38671
2738.88,7.63372
2739.13,9.31951
2739.38,11.5898
2739.69,15.1128
2740.23,22.9503
2740.74,30.1381
2741.11,33.2789
2741.34,33.8611
2741.69,32.5933
2742.09,28.3943
2742.98,15.3977
2743.3,11.6281
2743.59,9.08132
2743.85,7.44707
2744.11,6.27663
2744.41,5.4542
2744.78,4.89763
2745.22,4.60608
2746.15,4.44594
2758.69,4.32706
2897.19,3.8539
2947.37,3.50381
2975.43,3.13702
2994.14,2.71033
3005.83,2.27852
3013.92,1.83764
3019.81,1.39837
3024.64,0.941206
3029.58,0.419782
3030.8,0.314781
3031.58,0.266071
3032.2,0.244052
3032.51,0.24066
3032.92,0.246053
3033.38,0.269387
3033.76,0.304808
3034.15,0.361034
3034.51,0.437103
3034.91,0.552123
3035.3,0.704312
3035.69,0.907264
3036.08,1.17548
3036.46,1.51845
3036.85,1.97998
3037.24,2.58992
3037.63,3.40243
3037.98,4.37277
3038.33,5.66004
3038.65,7.17674
3038.96,9.18885
3039.23,11.5179
3039.5,14.5867
3039.78,18.6778
3040.04,23.9516
3040.28,30.2514
3040.52,38.4292
3040.79,50.7216
3041.06,66.9533
3041.36,89.6603
3041.68,121.94
3042.05,169.043
3042.63,260.728
3043.3,366.914
3043.73,414.776
3044.14,433.615
3044.21,433.786
3044.62,417.903
3045.04,375.639
3046.27,201.866
3046.71,152.4
3047.09,119.147
3047.48,94.1689
3047.9,75.1901
3048.34,61.1713
3048.82,50.5191
3049.4,41.7236
3050.1,34.6197
3050.92,29.0071
3051.98,24.1473
3053.03,20.8098
3054.4,17.7757
3056.11,15.2184
3058.15,13.143
3060.78,11.363
3064.68,9.69269
3069.85,8.35289
3075.21,7.46617
3084.56,6.46195
3097.48,5.28928
3101.04,4.69775
3103.22,4.08601
3103.44,4.06438
3103.86,4.18803
3104.17,4.57573
3104.43,5.25212
3104.64,6.14005
3104.85,7.42053
3105.07,9.29862
3105.28,11.8367
3105.53,15.6535
3105.81,21.3068
3106.2,30.9746
3106.94,50.797
3107.35,58.4145
3107.72,60.8622
3108.08,58.7227
3108.43,52.9964
3109.49,28.3121
3109.82,21.9551
3110.13,17.5054
3110.44,14.2834
3110.75,12.1032
3111.1,10.4574
3111.45,9.44364
3112.04,8.51245
3113.05,7.76408
3114.68,7.17119
3118.09,6.57253
3123.83,6.11247
3137.5,5.63438
3148.87,5.46676
3150.78,5.61206
3151.3,5.90941
3151.73,6.53369
3152.06,7.45683
3152.35,8.74004
3152.64,10.6099
3152.96,13.5348
3153.36,18.2878
3154.24,30.6105
3154.67,34.6165
3154.99,35.6105
3155.37,34.2192
3155.81,29.7834
3156.77,16.367
3157.09,12.7451
3157.42,10.0136
3157.71,8.29552
3158.0,7.13169
3158.28,6.38698
3158.57,5.934
3159.06,5.55617
3160.05,5.35452
3173.8,5.12623
3180.3,5.08313
3181.88,5.18927
3182.45,5.45214
3182.86,5.88723
3183.31,6.74022
3183.73,7.97448
3184.42,10.7794
3184.91,12.7863
3185.37,13.9263
3185.61,14.0963
3186.04,13.5676
3186.53,11.9267
3187.41,8.24307
3187.81,6.94997
3188.26,5.99417
3188.69,5.47853
3189.3,5.15391
3190.11,5.03535
3250.71,4.6783
3332.47,4.28663
3353.23,4.0092
3362.27,3.69533
3366.15,3.42436
3369.46,3.01024
3372.36,2.40329
3372.5,2.39768
3372.79,2.43977
3373.03,2.56996
3373.28,2.86214
3373.48,3.27204
3373.68,3.90703
3373.86,4.70948
3374.04,5.80739
3374.21,7.26988
3374.42,9.4808
3374.63,12.5404
3374.86,16.8206
3375.11,22.8247
3375.45,32.6248
3376.46,68.2638
3376.87,78.2334
3377.23,81.9748
3377.31,82.0384
3377.64,79.4334
3378.09,69.8106
3379.07,40.8328
3379.45,32.3169
3379.76,27.5948
3380.06,24.5841
3380.45,22.6394
3381.61,20.1835
3382.09,18.0396
3383.18,11.5763
3383.64,9.47185
3384.05,8.15887
3384.4,7.41292
3385.04,6.67016
3386.1,6.19386
3388.44,5.76843
3393.34,5.33415
3401.01,5.02762
3419.33,4.74181
3477.48,4.47336
3485.08,4.46406
3491.61,4.50747
3493.51,4.62062
3494.19,4.81849
3494.65,5.17166
3495.03,5.78951
3495.35,6.67562
3495.63,7.85931
3495.9,9.53806
3496.2,11.9621
3496.54,15.6391
3497.05,22.6359
3497.76,32.7463
3498.17,36.4443
3498.5,37.4225
3498.89,36.0167
3499.33,31.486
3500.39,16.4435
3500.72,12.6994
3501.0,10.1754
3501.28,8.28324
3501.57,6.93807
3501.85,6.02723
3502.19,5.34793
3502.53,4.96392
3503.21,4.64018
3505.39,4.46686
3537.84,4.32019
3625.91,4.11895
3631.74,4.15569
3633.79,4.30959
3634.36,4.55235
3634.74,4.92887
3635.1,5.60417
3635.4,6.54015
3635.7,7.96376
3636.0,10.0169
3636.3,12.8114
3636.63,16.8271
3637.21,25.4811
3637.79,34.4107
3638.22,38.8714
3638.58,40.1136
3638.98,38.5777
3639.39,34.1717
3640.49,17.3611
3640.85,12.8677
3641.17,9.93572
3641.45,7.97693
3641.74,6.59248
3642.02,5.66009
3642.31,5.05897
3642.69,4.59732
3643.18,4.31983
3644.17,4.15478
3648.62,4.04708
3661.41,3.9864
3664.96,4.04922
3665.78,4.22379
3666.32,4.61251
3666.69,5.15646
3666.96,5.80779
3667.29,6.98567
3667.59,8.47165
3667.94,10.8579
3668.45,15.3057
3669.24,22.6259
3669.67,25.1741
3670.0,25.8072
3670.42,24.774
3670.85,21.908
3671.93,11.8853
3672.33,8.9658
3672.66,7.17762
3672.98,5.96578
3673.3,5.15664
3673.57,4.70491
3673.93,4.34069
3674.41,4.1089
3675.35,3.96531
3684.9,3.82097
3696.45,3.74602
3699.24,3.836
3699.85,3.99219
3700.26,4.25403
3700.57,4.62263
3700.88,5.2362
3701.19,6.21277
3701.46,7.47267
3701.72,9.20626
3702.03,11.8562
3702.36,15.562
3702.93,23.3669
3703.55,32.0023
3703.97,35.8413
3704.32,36.9404
3704.68,35.7829
3705.12,31.5935
3706.26,15.7786
3706.62,11.7584
3706.9,9.26479
3707.19,7.39223
3707.48,6.05682
3707.76,5.14842
3708.03,4.58995
3708.34,4.18281
3708.75,3.88535
3709.57,3.66206
3712.52,3.48856
3724.45,3.05455
3730.58,2.66522
3734.23,2.29024
3737.01,1.86945
3739.31,1.38938
3740.59,1.10774
3741.1,1.0506
3741.43,1.0769
3741.67,1.16162
3741.88,1.30169
3742.08,1.53606
3742.27,1.86124
3742.44,2.29423
3742.6,2.86705
3742.77,3.63769
3742.92,4.60002
3743.1,5.98766
3743.27,7.84617
3743.46,10.3775
3743.66,13.9381
3743.88,18.7602
3744.09,24.8919
3744.35,34.2676
3744.66,47.9046
3745.1,71.7474
3745.89,118.01
3746.35,137.503
3746.75,144.683
3746.83,144.842
3747.2,140.175
3747.67,123.494
3748.84,63.6683
3749.25,46.9378
3749.57,36.5973
3749.9,28.8439
3750.2,23.7796
3750.55,19.4563
3750.89,16.5366
3751.24,14.5245
3751.79,12.44
3752.49,10.8612
3753.58,9.37147
3755.04,8.19599
3756.72,7.3633
3759.35,6.57251
3763.59,5.87001
3769.28,5.36847
3777.61,4.97658
3792.4,4.62652
3799.95,4.54026
3801.79,4.59886
3802.49,4.81129
3802.89,5.13842
3803.29,5.79605
3803.61,6.69991
3803.93,8.0767
3804.26,10.0859
3804.63,13.1773
3805.14,18.6251
3805.89,27.1991
3806.35,30.5341
3806.68,31.3386
3807.1,30.1169
3807.58,26.1239
3808.61,14.374
3809.0,10.8456
3809.3,8.75926
3809.61,7.19952
3809.92,6.12715
3810.32,5.28706
3810.59,4.94919
3811.13,4.60875
3812.22,4.43531
3829.42,4.20661
3838.92,4.13279
3840.26,4.21515
3840.96,4.39594
3842.02,4.98772
3843.09,5.60953
3843.48,5.67039
3844.2,5.4631
3845.6,4.54708
3846.58,4.18565
3848.05,4.05513
3891.0,3.55808
3910.55,3.13809
3921.33,2.74892
3929.42,2.29855
3934.9,1.8553
3939.2,1.38484
3942.9,0.873906
3945.43,0.50965
3946.28,0.411918
3946.95,0.358792
3947.45,0.343558
3947.89,0.356155
3948.24,0.389694
3948.55,0.443882
3948.87,0.530497
3949.16,0.642641
3949.44,0.797575
3949.71,0.990906
3949.97,1.24709
3950.25,1.60512
3950.52,2.07066
3950.79,2.69611
3951.03,3.42211
3951.25,4.33506
3951.47,5.42622
3951.68,6.82563
3951.9,8.78648
3952.14,11.4611
3952.38,14.9817
3952.61,19.5822
3952.85,25.5316
3953.09,33.2752
3953.35,44.1876
3953.66,60.1484
3954.01,83.9174
3954.41,117.72
3955.64,236.127
3956.1,267.109
3956.56,279.035
3956.63,279.035
3957.09,267.159
3957.67,229.549
3958.83,130.242
3959.29,98.5517
3959.74,75.5149
3960.11,60.8898
3960.53,49.1857
3960.94,41.1011
3961.44,34.0721
3962.05,28.4508
3962.72,24.2701
3963.56,20.7263
3964.74,17.4525
3966.03,15.1035
3967.95,12.8093
3969.87,11.3115
3972.4,9.99185
3976.61,8.6411
3979.03,8.21446
3979.84,8.37708
3980.51,9.00128
3981.08,10.1069
3981.85,12.4868
3982.69,15.0259
3983.25,15.6716
3983.26,15.6716
3983.75,15.175
3984.39,13.3136
3985.41,9.78118
3986.01,8.38223
3986.51,7.67166
3987.19,7.20469
3988.55,6.91651
3997.75,6.29231
4015.96,5.67127
4026.4,5.50038
4027.4,5.6421
4027.98,5.93338
4028.59,6.58863
4029.27,7.85847
4030.3,10.2965
4030.88,11.1024
4031.11,11.1832
4031.65,10.7693
4032.41,9.16502
4033.28,7.14223
4033.83,6.25943
4034.5,5.68101
4035.39,5.40604
4045.95,5.20863
4093.11,4.90432
4096.71,5.00144
4097.45,5.25425
4097.96,5.71736
4098.38,6.45301
4098.76,7.51314
4099.2,9.33591
4099.72,12.308
4100.61,17.8843
4101.12,19.9993
4101.46,20.4218
4101.89,19.7123
4102.4,17.332
4103.53,10.2598
4103.97,8.1748
4104.39,6.77131
4104.81,5.88325
4105.23,5.37303
4105.94,5.00305
4107.12,4.86717
4154.33,4.68538
4158.99,4.73925
4159.91,4.94373
4160.37,5.24991
4160.83,5.84736
4161.22,6.67949
4161.62,7.9861
4162.16,10.3655
4163.13,15.5181
4163.62,17.2373
4163.99,17.6715
4164.41,17.1128
4164.89,15.3111
4166.08,9.11918
4166.55,7.25892
4166.88,6.35021
4167.27,5.60583
4167.67,5.14423
4168.21,4.83466
4169.57,4.66151
4172.29,4.64504
4177.31,4.71095
4178.45,4.89273
4178.9,5.12769
4179.33,5.61375
4179.67,6.26349
4180.0,7.28355
4180.34,8.86157
4180.64,10.8066
4181.0,13.8841
4181.49,19.2206
4182.36,29.4488
4182.82,33.0561
4183.21,34.1108
4183.64,32.8383
4184.14,28.5897
4185.23,15.7971
4185.66,11.8175
4186.02,9.27583
4186.37,7.55882
4186.64,6.60934
4186.97,5.84157
4187.3,5.36559
4187.74,5.01655
4188.53,4.77811
4192.54,4.62772
4221.64,4.54281
4234.61,4.60943
4238.36,4.78939
4239.61,5.00947
4240.14,5.24457
4240.67,5.75813
4241.06,6.54551
4241.4,7.68926
4241.66,9.09663
4241.92,11.0772
4242.19,13.9617
4242.47,17.8717
4242.78,23.8032
4243.14,32.6887
4243.63,48.0198
4244.48,76.5672
4244.96,87.1217
4245.35,90.0323
4245.73,87.1195
4246.18,77.2729
4246.97,51.2877
4247.49,34.4702
4247.84,25.3886
4248.15,19.0859
4248.43,14.8826
4248.67,12.06
4248.92,9.85925
4249.18,8.27924
4249.48,6.99649
4249.78,6.18267
4250.09,5.67523
4250.56,5.24157
4251.34,4.93358
4252.58,4.74804
4256.33,4.56787
4275.63,4.42773
4292.87,4.39336
4301.16,4.48382
4302.46,4.69558
4302.98,5.00412
4303.42,5.56409
4303.78,6.39512
4304.1,7.53804
4304.42,9.20185
4304.75,11.6656
4305.14,15.4983
4305.66,22.0962
4306.54,34.1864
4307.01,38.3574
4307.38,39.4788
4307.83,37.9145
4308.34,32.8556
4309.43,17.864
4309.79,13.7677
4310.12,10.8812
4310.44,8.71577
4310.77,7.18085
4311.09,6.14759
4311.48,5.38391
4311.74,5.07185
4312.26,4.72656
4312.77,4.57467
4315.26,4.40396
4369.18,3.98435
4382.22,3.71562
4389.53,3.38756
4393.18,3.08744
4395.92,2.72406
4397.94,2.30927
4399.46,1.9445
4399.72,1.92352
4400.1,1.98307
4400.35,2.1307
4400.55,2.34917
4400.78,2.7482
4400.97,3.24838
4401.16,3.94812
4401.35,4.89887
4401.54,6.15813
4401.75,7.96007
4401.97,10.4773
4402.23,14.1416
4402.5,19.3595
4402.84,27.2029
4403.27,39.8711
4404.21,69.4078
4404.7,79.8711
4405.1,83.2317
4405.15,83.2649
4405.56,80.495
4406.08,70.2552
4407.28,37.276
4407.69,28.3029
4408.06,22.1671
4408.42,17.6509
4408.78,14.4726
4409.1,12.562
4409.45,11.0338
4409.96,9.65252
4410.72,8.4908
4411.71,7.65808
4413.16,6.94705
4415.08,6.3837
4418.43,5.83821
4424.21,5.37636
4434.41,5.02016
4459.59,4.71389
4472.88,4.65751
4477.25,4.73692
4478.15,4.98185
4478.61,5.35766
4479.03,6.01137
4479.36,6.87538
4479.69,8.15635
4480.04,10.0543
4480.43,12.9909
4481.0,18.3854
4481.81,26.6881
4482.32,30.0613
4482.69,30.8688
4483.15,29.6525
4483.6,26.3651
4484.82,14.0353
4485.24,10.6811
4485.6,8.59098
4485.9,7.26377
4486.23,6.26215
4486.56,5.60834
4487.06,5.06446
4487.73,4.77388
4489.71,4.62487
4517.1,4.50958
4518.94,4.61975
4519.88,4.87846
4521.75,5.69229
4522.16,5.73807
4523.01,5.5455
4524.6,4.81021
4525.91,4.5407
4539.68,4.46295
4541.97,4.50955
4543.04,4.72814
4543.85,5.17356
4545.54,6.56989
4546.11,6.73095
4546.68,6.56924
4548.64,4.98673
4549.46,4.63351
4550.55,4.47678
4649.79,4.32578
4657.23,4.34603
4659.16,4.46473
4659.8,4.70419
4660.34,5.19667
4660.74,5.87819
4661.12,6.90537
4661.51,8.38605
4661.98,10.895
4663.24,19.1366
4663.73,21.2354
4664.1,21.726
4664.5,21.1119
4664.93,19.2679
4666.26,10.6214
4666.72,8.25161
4667.1,6.81097
4667.51,5.77068
4667.81,5.26434
4668.21,4.83817
4668.81,4.53119
4669.86,4.388
4670.71,4.37164
4672.75,4.46459
4673.53,4.74534
4674.02,5.20364
4674.39,5.84061
4674.81,6.97241
4675.14,8.29305
4675.56,10.5338
4676.13,14.5951
4676.97,21.1111
4677.47,23.8065
4677.91,24.6344
4678.35,23.7842
4678.84,21.1247
4680.07,11.7307
4680.48,9.23041
4680.87,7.48195
4681.21,6.35879
4681.6,5.50165
4682.09,4.88976
4682.56,4.59808
4683.38,4.40695
4688.85,4.29631
4733.65,4.22809
4744.18,4.31306
4745.4,4.48686
4745.88,4.72091
4746.34,5.17511
4746.65,5.72365
4747.02,6.73314
4747.33,8.02816
4747.65,9.82206
4748.03,12.7356
4748.47,17.1932
4749.68,31.6605
4750.17,35.4172
4750.55,36.3854
4750.99,35.1018
4751.46,31.1969
4752.72,16.2069
4753.15,12.0833
4753.52,9.37214
4753.85,7.6207
4754.18,6.39379
4754.49,5.63128
4754.82,5.08903
4755.15,4.75518
4755.81,4.43788
4757.54,4.26422
4772.93,4.1639
4776.29,4.22448
4777.08,4.40154
4777.61,4.73912
4778.03,5.25282
4778.39,6.00011
4778.76,7.10957
4779.17,8.85983
4779.71,11.8892
4780.78,18.9039
4781.27,20.985
4781.65,21.5309
4782.13,20.7153
4782.59,18.5602
4783.88,10.2459
4784.32,8.02742
4784.69,6.66033
4785.02,5.76147
4785.41,5.0838
4785.79,4.6708
4786.37,4.35849
4787.51,4.18585
4837.07,3.83983
4838.65,3.92906
4839.41,4.15971
4840.18,4.65979
4841.85,6.31002
4842.52,6.56562
4843.1,6.36571
4844.09,5.39907
4845.09,4.39602
4845.78,3.98296
4846.46,3.77038
4847.79,3.63017
4854.52,3.31533
4858.08,2.99721
4860.63,2.59483
4861.96,2.35422
4862.11,2.34726
4862.56,2.41129
4862.86,2.57658
4863.11,2.84993
4863.38,3.32463
4863.59,3.89406
4863.83,4.79744
4864.07,6.04797
4864.3,7.71934
4864.57,10.1528
4864.87,13.7686
4865.19,18.5376
4865.65,27.1134
4866.64,47.2528
4867.13,54.3534
4867.6,57.0225
4867.64,57.0416
4868.11,54.7649
4868.6,48.5071
4869.86,26.0798
4870.29,20.0021
4870.68,15.8603
4871.06,12.8285
4871.47,10.5683
4871.9,9.06007
4872.43,7.91485
4873.06,7.13825
4874.12,6.45464
4876.25,5.78762
4879.3,5.31997
4884.39,4.94666
4894.07,4.64398
4917.01,4.39073
4924.18,4.35717
4926.57,4.43205
4927.35,4.65854
4927.9,5.06209
4928.35,5.6318
4928.79,6.48637
4929.41,8.15679
4930.49,11.5424
4931.06,12.602
4931.36,12.7545
4931.89,12.2699
4932.52,10.6953
4933.58,7.35149
4934.07,6.15527
4934.61,5.26494
4935.11,4.78772
4935.7,4.49675
4936.68,4.33903
4976.41,4.15926
4978.43,4.2388
4979.37,4.46176
4980.51,5.07792
4981.67,5.77554
4982.26,5.89489
4983.02,5.69476
4984.77,4.60876
4985.58,4.31133
4986.66,4.16078
5062.68,3.74836
5080.89,3.52144
5093.02,3.24785
5101.52,2.90922
5107.57,2.50203
5109.99,2.32988
5110.74,2.41607
5111.19,2.60276
5111.64,2.96869
5112.02,3.46208
5112.39,4.16001
5112.92,5.48209
5114.0,8.71619
5114.48,9.74308
5114.94,10.1046
5115.38,9.7739
5115.89,8.64408
5116.82,5.54698
5117.37,3.79453
5117.74,2.86558
5118.04,2.27597
5118.3,1.9071
5118.52,1.68939
5118.74,1.5666
5118.89,1.54119
5119.11,1.59733
5119.33,1.78445
5119.52,2.06102
5119.7,2.47118
5119.89,3.04375
5120.07,3.81399
5120.27,4.91619
5120.48,6.43998
5120.7,8.56318
5120.93,11.4408
5121.19,15.4835
5121.46,21.0
5121.76,28.7206
5122.11,40.0811
5122.6,59.254
5123.67,105.202
5124.15,119.956
5124.63,126.346
5124.74,126.486
5125.14,122.887
5125.67,109.606
5127.07,57.9589
5127.51,44.5467
5127.96,34.1677
5128.35,27.3401
5128.74,22.3855
5129.14,18.8663
5129.63,15.8803
5130.17,13.7408
5130.75,12.2379
5131.67,10.6871
5133.06,9.27407
5134.61,8.2935
5136.77,7.42201
5139.82,6.67476
5143.75,6.09765
5150.84,5.52379
5162.25,5.06613
5182.71,4.68318
5250.84,3.99155
5267.07,3.64945
5272.59,3.50619
5273.48,3.602
5274.01,3.81921
5274.43,4.19111
5274.83,4.81171
5275.15,5.582
5275.47,6.66848
5275.84,8.41222
5276.24,10.8976
5276.81,15.48
5277.68,22.9338
5278.18,25.9715
5278.67,27.0366
5279.16,25.9427
5279.68,22.7376
5280.98,11.4913
5281.4,8.56522
5281.79,6.52509
5282.13,5.17179
5282.48,4.20657
5282.86,3.48594
5283.25,3.02619
5283.74,2.67268
5284.52,2.36301
5287.67,1.54213
5288.11,1.4652
5288.34,1.45407
5288.68,1.50125
5288.94,1.62294
5289.16,1.81824
5289.39,2.13237
5289.61,2.60798
5289.8,3.16548
5290.01,4.03757
5290.21,5.10071
5290.43,6.69785
5290.66,8.78359
5290.88,11.4425
5291.15,15.4995
5291.45,21.2331
5291.81,29.8895
5292.26,43.1865
5293.37,79.594
5293.88,91.4081
5294.32,96.0001
5294.44,96.1704
5294.89,92.8972
5295.46,81.3837
5296.77,44.454
5297.27,33.0029
5297.65,26.4783
5298.02,21.5234
5298.42,17.681
5298.86,14.7829
5299.3,12.8471
5299.83,11.3255
5300.35,10.3202
5301.47,9.01895
5302.7,8.1593
5305.1,7.1842
5308.84,6.39059
5314.23,5.81463
5323.8,5.3325
5340.86,4.9709
5363.94,4.78619
5366.65,4.82432
5367.78,4.98323
5368.46,5.36021
5368.91,5.92744
5369.25,6.64175
5369.62,7.84208
5370.02,9.70058
5370.41,12.2905
5370.9,16.6092
5372.18,30.17
5372.71,33.929
5373.12,34.8793
5373.57,33.7691
5374.01,30.6763
5374.84,21.9486
5375.49,15.264
5375.94,11.5305
5376.27,9.46074
5376.6,7.90627
5376.98,6.65308
5377.37,5.85203
5377.75,5.36709
5378.13,5.08681
5378.93,4.83828
5381.33,4.71511
5434.26,4.51412
5436.14,4.61366
5437.05,4.88689
5437.83,5.40525
5439.6,7.20656
5440.36,7.52237
5440.36,7.52235
5440.93,7.34384
5441.97,6.34608
5442.89,5.40135
5443.67,4.87921
5444.72,4.58094
5445.76,4.50501
5541.75,4.35261
5544.2,4.3777
5545.56,4.5639
5546.59,5.0297
5548.47,6.45665
5549.15,6.64737
5549.84,6.45045
5551.84,4.94501
5552.52,4.62379
5553.46,4.41769
5558.8,4.33303
5602.03,4.28916
5605.16,4.34485
5606.54,4.57467
5608.67,5.16391
5609.03,5.18456
5610.05,5.02592
5612.01,4.45673
5613.84,4.29133
5672.33,4.22898
5687.11,4.27872
5690.89,4.43176
5691.84,4.64561
5692.42,5.00847
5692.81,5.4959
5693.2,6.32703
5693.53,7.4146
5693.86,8.99936
5694.19,11.2209
5694.55,14.5508
5694.91,18.9108
5695.36,25.8028
5696.65,48.5283
5697.19,54.7351
5697.62,56.3953
5698.08,54.455
5698.56,48.782
5699.39,34.2774
5700.05,22.8528
5700.46,17.0889
5700.84,12.9076
5701.18,10.1393
5701.52,8.14221
5701.87,6.74219
5702.13,6.01138
5702.53,5.29136
5702.92,4.87418
5703.45,4.58732
5704.43,4.42038
5704.58,4.41847
5705.45,4.53751
5706.2,4.95047
5706.73,5.53247
5707.29,6.50429
5708.13,8.5362
5708.93,10.5207
5709.57,11.4465
5709.85,11.5447
5710.42,11.1322
5711.11,9.71859
5712.29,6.75015
5712.92,5.60123
5713.49,4.92963
5713.94,4.61497
5714.85,4.32766
5717.42,4.21265
5786.74,4.08944
5797.04,4.13204
5799.55,4.22599
5800.54,4.38987
5801.2,4.70775
5801.73,5.26827
5802.12,6.01362
5802.52,7.18293
5802.87,8.67087
5803.24,10.8568
5803.65,14.0901
5804.19,19.5192
5805.38,33.5198
5805.98,38.3045
5806.47,39.6913
5806.93,38.5832
5807.51,34.2712
5809.04,17.1468
5809.52,12.9266
5809.91,10.204
5810.27,8.27638
5810.68,6.76009
5811.07,5.77066
5811.56,5.01118
5812.15,4.53867
5812.93,4.27872
5815.28,4.11603
5839.95,3.97126
5867.3,3.88402
5870.27,3.95743
5871.29,4.18133
5872.22,4.63162
5873.89,5.6552
5874.51,5.78192
5875.23,5.61285
5877.33,4.32304
5878.05,4.05759
5879.52,3.86111
5927.1,3.47469
5945.14,3.15724
5957.16,2.76276
5964.23,2.37031
5968.96,1.97507
5972.64,1.54413
5975.54,1.10137
5978.21,0.646257
5978.96,0.550017
5979.47,0.518959
5979.53,0.518339
5979.89,0.534222
5980.19,0.582427
5980.46,0.66591
5980.69,0.77601
5980.91,0.935961
5981.12,1.1445
5981.33,1.42756
5981.55,1.82625
5981.75,2.30857
5981.96,2.96622
5982.17,3.81924
5982.38,4.91485
5982.63,6.53417
5982.88,8.78389
5983.13,11.6034
5983.38,15.1701
5983.65,20.0518
5983.96,27.2313
5984.32,37.5745
5984.77,53.7428
5985.48,84.7226
5986.32,122.299
5986.86,139.828
5987.38,147.624
5987.5,147.993
5988.01,143.634
5988.58,128.883
5990.17,68.5687
5990.71,52.0897
5991.18,41.1716
5991.63,33.2611
5992.08,27.4906
5992.53,23.3404
5993.04,20.0172
5993.76,16.9316
5994.47,14.8988
5995.38,13.1309
5996.73,11.3941
5998.42,9.99461
6000.45,8.89807
6003.46,7.86838
6007.97,6.96026
6012.48,6.41081
6018.49,5.94589
6030.52,5.42773
6048.55,5.05013
6071.16,4.86261
6080.5,4.98456
6083.72,5.23485
6085.47,5.63119
6086.34,6.13364
6086.93,6.83897
6087.37,7.79192
6087.73,9.06558
6088.1,11.0046
6088.42,13.5488
6088.77,17.2424
6089.1,22.2583
6089.44,28.8447
6089.82,38.3035
6090.32,53.6029
6091.58,98.7876
6092.16,113.099
6092.65,117.243
6093.17,112.743
6093.74,98.4981
6095.19,47.0771
6095.64,34.3529
6096.02,25.7099
6096.35,20.0155
6096.68,15.7088
6097.0,12.5572
6097.33,10.3156
6097.66,8.757
6098.01,7.63279
6098.38,6.86319
6098.96,6.14123
6099.84,5.61796
6101.3,5.23614
6104.8,4.88847
6110.41,4.70153
6134.05,4.50228
6233.23,4.22545
6238.27,4.27366
6239.38,4.45037
6240.08,4.83644
6240.59,5.44125
6241.05,6.38319
6241.51,7.8389
6241.97,9.90743
6242.58,13.4971
6243.68,21.073
6244.29,24.015
6244.79,24.867
6245.28,24.0912
6245.88,21.2324
6247.31,11.6426
6247.77,9.1684
6248.23,7.32032
6248.7,6.05601
6249.15,5.27048
6249.51,4.87959
6250.23,4.48122
6250.71,4.37113
6252.77,4.27655
6256.11,4.3918
6257.16,4.67138
6257.68,5.04242
6258.12,5.60582
6258.57,6.59121
6258.98,7.99478
6259.4,10.0308
6259.82,12.9063
6260.35,17.5706
6261.67,31.5779
6262.24,35.8216
6262.75,37.1665
6263.25,35.8998
6263.8,31.9917
6265.27,16.4929
6265.74,12.5325
6266.15,9.81841
6266.52,8.02409
6266.88,6.73175
6267.32,5.70157
6267.82,5.01901
6268.48,4.56902
6269.47,4.32222
6272.74,4.15394
6313.02,3.69519
6324.17,3.4019
6330.67,3.0755
6335.32,2.66083
6338.03,2.26859
6340.89,1.68011
6341.51,1.62073
6341.82,1.65428
6342.13,1.7678
6342.37,1.9318
6342.64,2.24542
6342.87,2.6556
6343.1,3.23735
6343.33,4.0364
6343.59,5.228
6343.84,6.76411
6344.11,9.02689
6344.4,12.0346
6344.71,16.1239
6345.1,22.6642
6345.6,33.0833
6346.87,62.7008
6347.45,71.9506
6347.98,75.0333
6348.45,73.0763
6349.04,65.285
6350.61,34.3476
6351.11,26.3531
6351.58,20.7649
6352.04,16.7035
6352.53,13.7783
6353.01,11.8204
6353.59,10.3044
6354.37,9.08596
6355.6,7.99708
6357.0,7.28015
6358.86,6.67772
6361.95,6.07988
6367.22,5.54267
6373.72,5.19856
6385.52,4.90914
6387.22,5.03371
6388.04,5.392
6388.63,5.9902
6389.13,6.83788
6389.68,8.26724
6390.36,10.7104
6391.53,15.3477
6392.17,16.8428
6392.5,17.0502
6393.0,16.5707
6393.65,14.6931
6395.06,9.06855
6395.67,7.24465
6396.21,6.13523
6396.74,5.46943
6397.38,5.0437
6398.44,4.7913
6400.99,4.69903
6445.91,4.42605
6460.4,4.39176
6466.27,4.48051
6466.99,4.61149
6467.7,4.97987
6468.2,5.54169
6468.59,6.30234
6468.99,7.45798
6469.37,9.02291
6469.77,11.2441
6470.24,14.7156
6471.15,23.0936
6471.86,29.2086
6472.43,32.2196
6472.78,32.7663
6473.33,31.4712
6473.96,27.2605
6475.32,14.7799
6475.8,11.3051
6476.19,9.07864
6476.57,7.50765
6476.97,6.34532
6477.36,5.57813
6477.86,5.00907
6478.47,4.66542
6479.7,4.46134
6482.41,4.41472
6484.89,4.50955
6485.87,4.77382
6486.36,5.10689
6486.85,5.71179
6487.3,6.63611
6487.75,8.05173
6488.2,10.0736
6488.67,12.9127
6489.44,18.7328
6490.26,25.0051
6490.82,27.8653
6491.29,28.6859
6491.84,27.5988
6492.48,23.9727
6493.86,13.3528
6494.35,10.3343
6494.82,8.14908
6495.21,6.85665
6495.6,5.95464
6496.0,5.35432
6496.49,4.90026
6497.3,4.55619
6498.61,4.39854
6508.75,4.2648
6511.4,4.33301
6512.35,4.5859
6512.85,4.91347
6513.37,5.53623
6513.9,6.56347
6514.45,8.18474
6515.13,10.9086
6516.18,15.5564
6516.78,17.3656
6517.26,17.8439
6517.82,17.2016
6518.46,15.0864
6519.83,9.07334
6520.36,7.27746
6520.88,6.03096
6521.31,5.31767
6521.84,4.78909
6522.57,4.43271
6524.04,4.2494
6568.76,3.90002
6581.65,3.66914
6589.07,3.39351
6593.53,3.084
6596.38,2.74764
6599.35,2.2051
6599.98,2.1696
6600.45,2.28573
6600.81,2.53684
6601.11,2.92141
6601.36,3.41087
6601.61,4.0998
6601.86,5.03613
6602.11,6.27007
6602.41,8.21253
6602.72,10.8622
6603.06,14.5303
6603.5,20.3312
6604.23,32.2682
6605.07,45.9377
6605.63,52.0112
6606.18,54.0365
6606.73,51.8566
6607.37,45.0386
6608.77,25.2385
6609.27,19.6517
6609.77,15.424
6610.2,12.8001
6610.63,10.9285
6611.06,9.62525
6611.69,8.40337
6612.37,7.61706
6613.4,6.93732
6615.23,6.28009
6618.65,5.66075
6623.45,5.24223
6630.84,4.95287
6632.17,5.06154
6632.93,5.335
6633.74,5.99728
6634.55,7.17706
6636.11,10.1327
6636.84,10.823
6637.02,10.8521
6637.61,10.5308
6638.44,9.21771
6639.75,6.67117
6640.48,5.69834
6641.16,5.16566
6642.07,4.84102
6644.2,4.68611
6673.41,4.44643
6728.97,4.26906
6730.6,4.34041
6732.15,4.6747
6734.21,5.44389
6734.83,5.51567
6735.84,5.33199
6737.76,4.58206
6738.93,4.33574
6740.69,4.24028
6830.24,3.92151
6864.79,3.63842
6866.59,3.75546
6867.35,4.00438
6868.0,4.45275
6868.7,5.2573
6869.59,6.77588
6870.64,8.60503
6871.33,9.24011
6871.55,9.28281
6872.17,8.96365
6872.93,7.85792
6874.26,5.40962
6874.94,4.51456
6875.49,4.035
6876.11,3.71238
6876.86,3.51917
6878.88,3.38078
6890.75,2.97798
6896.91,2.62592
6901.53,2.22283
6904.91,1.79481
6907.69,1.32538
6909.64,0.969361
6910.35,0.895191
6910.51,0.892268
6910.84,0.914039
6911.17,0.989679
6911.42,1.09884
6911.69,1.29621
6911.92,1.54597
6912.15,1.89743
6912.38,2.38013
6912.61,3.02987
6912.86,3.96596
6913.12,5.23132
6913.36,6.83469
6913.63,9.10387
6913.92,12.2519
6914.23,16.5637
6914.56,22.2952
6914.96,30.9431
6915.45,44.1895
6916.97,91.4799
6917.59,104.484
6918.1,108.929
6918.19,109.026
6918.78,104.806
6919.38,93.2378
6920.97,51.3723
6921.58,38.5616
6922.1,30.265
6922.62,24.2431
6923.09,20.42
6923.6,17.465
6924.28,14.8064
6924.96,13.0773
6925.85,11.5846
6927.22,10.1225
6928.93,8.97799
6930.99,8.09999
6934.27,7.28828
6935.09,7.22235
6935.91,7.36977
6936.6,7.90483
6937.15,8.87339
6937.56,10.0909
6938.05,12.2822
6938.54,15.4018
6939.18,20.8333
6940.37,32.0795
6940.93,35.6913
6941.45,36.9155
6942.03,35.452
6942.64,31.2307
6944.1,17.1981
6944.62,13.2987
6945.05,10.8101
6945.48,9.01115
6945.91,7.78733
6946.41,6.90904
6946.97,6.36156
6947.81,5.99798
6950.62,5.69722
6959.54,5.34371
6983.1,4.93296
6991.55,4.85144
7000.0,8.23113
7000.0,4.79114
8368.71,8.09159
10000.0,7.92529
11955.3,7.82065
14000.0,7.71123
16737.4,7.62524
17000.0,7.61699
20000.0,7.55308
23910.6,7.50037
25000.0,7.48569
29888.2,7.4474
30000.0,7.44652
33750.0,7.42808
40349.1,7.41316
45000.0,7.40265
53798.9,7.39948
56250.0,7.3986
67248.6,7.40253
67500.0,7.40262
80698.3,7.41065
83750.0,7.41251
100000.0,7.5999
100000.0,7.42193
200000.0,7.691
787447.0,7.04976
2391060.0,5.03401
3000000.0,4.474
3750000.0,4.118
4500000.0,3.985
6500000.0,4.141
1.0E7,4.495
1.2E7,4.543
2.0E7,3.98

