48-Cd-111(n,total) ENDF/B-VII.1
1.0E-5,377.309
1.31241E-5,329.47
1.70876E-5,288.872
2.2426E-5,252.309
2.91987E-5,221.288
3.83206E-5,193.358
4.98935E-5,169.672
6.54808E-5,148.359
8.52562E-5,130.297
1.11891E-4,114.055
1.45682E-4,100.302
1.91195E-4,87.951
2.48937E-4,77.5034
3.26707E-4,68.1283
4.25373E-4,60.2086
5.58264E-4,53.1081
7.26861E-4,47.1133
9.53941E-4,41.7375
0.00124203,37.1946
0.00163006,33.1199
0.00232983,28.562
0.00333,24.7664
0.00475955,21.6056
0.00680278,18.9673
0.00972316,16.7867
0.0138972,14.9359
0.0198632,13.4128
0.0234661,12.7895
0.0253,12.523
0.0396964,11.1046
0.0617907,10.0025
0.0969512,9.10642
0.165666,8.25993
0.283085,7.61967
0.526803,7.0373
1.07619,6.52851
2.52552,6.05821
3.82953,5.88954
4.20444,5.98961
4.32669,6.22294
4.38781,6.54856
4.44894,7.25428
4.53533,8.71941
4.56288,8.87229
4.5989,8.61215
4.69752,6.95653
4.75864,6.3927
4.84014,6.06946
5.03574,5.83237
6.26824,5.64077
6.66149,5.75347
6.76874,6.02869
6.84024,6.58572
6.92747,7.53918
6.95421,7.62655
7.00612,7.31688
7.10122,6.26473
7.19059,5.82505
7.35504,5.62094
9.09965,5.41638
19.5453,5.03297
20.3614,5.02771
22.9456,5.13726
24.1697,5.42818
24.7818,5.79159
25.1898,6.23762
25.5638,6.94255
25.8188,7.73847
26.0739,9.02177
26.2524,10.4424
26.4011,12.2051
26.5202,14.2364
26.6307,16.9208
26.7276,20.2961
26.8185,24.8898
26.8899,30.0675
26.9511,36.2786
27.0056,43.9836
27.0566,54.2245
27.0991,66.3914
27.1373,81.9161
27.1671,98.5908
27.1968,121.181
27.2261,151.591
27.2542,190.982
27.2814,241.698
27.312,317.012
27.3447,422.367
27.3804,567.567
27.4952,1122.34
27.5333,1244.68
27.5704,1287.8
27.6026,1256.5
27.6428,1137.33
27.7077,833.202
27.7689,541.726
27.8076,395.059
27.8382,304.77
27.8675,238.068
27.8973,187.109
27.9279,148.509
27.9576,121.019
27.9933,97.269
28.0307,79.6936
28.0732,65.5414
28.1242,53.6289
28.1821,44.1837
28.2535,36.0676
28.3223,30.5223
28.4116,25.387
28.5187,21.1167
28.6411,17.7551
28.7941,14.8953
28.9471,12.9326
29.1681,11.0212
29.4232,9.59343
29.7887,8.3205
30.1202,7.58815
30.8003,6.69688
31.5143,6.18433
33.0105,5.64602
36.0027,5.22762
43.6098,4.89099
67.1167,4.53085
68.4184,4.59181
68.835,4.78972
68.9977,5.14295
69.0628,5.47883
69.1344,6.13233
69.2027,7.19081
69.2694,8.76687
69.3557,11.5966
69.4761,15.9245
69.5451,17.513
69.5926,17.8576
69.657,17.2362
69.7365,15.0633
69.891,9.62225
69.9602,7.81091
70.0228,6.67448
70.0912,5.88562
70.1888,5.28725
70.319,4.9489
70.6021,4.70561
71.3474,4.55017
81.6476,4.32311
83.4826,4.40029
84.2833,4.63234
84.6169,4.89575
84.9205,5.40157
85.1257,6.10575
85.2625,6.97792
85.3643,8.11685
85.431,9.34033
85.4894,10.9895
85.5394,13.1127
85.5811,15.6406
85.6253,19.3923
85.6666,24.2399
85.7079,30.7664
85.7513,39.8458
85.798,52.5869
85.8514,71.1792
85.9256,103.379
86.0549,163.43
86.1263,185.952
86.1877,192.74
86.2504,185.985
86.3185,164.999
86.5036,81.7087
86.5616,60.3278
86.6112,45.8992
86.6579,35.4766
86.7013,28.1854
86.7447,22.7691
86.788,18.8101
86.8385,15.5489
86.894,13.1112
86.9574,11.258
87.0366,9.75619
87.1275,8.64003
87.2777,7.49639
87.5029,6.52714
87.8198,5.80069
88.3203,5.23551
88.9875,4.87795
90.4555,4.54923
93.7242,4.30474
94.5892,4.29059
96.0309,4.39867
96.8419,4.70445
97.3285,5.17587
97.5988,5.66824
97.8691,6.50663
98.0763,7.59991
98.2385,8.97738
98.3737,10.7739
98.4818,12.9911
98.5683,15.6838
98.6404,19.0588
98.6981,23.0333
98.7449,27.5936
98.7936,34.2333
98.8368,42.4717
98.8801,53.769
98.922,68.5989
98.9666,89.8072
99.0112,117.939
99.0594,157.544
99.1098,210.269
99.1792,301.065
99.3468,554.715
99.4189,632.814
99.49,663.479
99.4958,663.621
99.5573,643.037
99.628,575.414
99.746,403.994
99.8411,266.473
99.9037,193.341
99.9541,146.979
100.001,113.237
100.046,88.9372
100.091,70.6387
100.138,56.3644
100.188,45.464
100.239,37.7268
100.302,31.0166
100.367,26.2924
100.446,22.3035
100.545,18.9029
100.68,15.8165
100.825,13.6135
101.005,11.7467
101.221,10.257
101.495,9.04326
101.874,8.1082
102.084,7.9204
102.248,8.09441
102.336,8.48889
102.425,9.37687
102.498,10.8148
102.557,12.6911
102.616,15.4506
102.681,19.7418
102.758,26.5298
102.949,46.685
103.02,51.6047
103.085,53.1659
103.161,50.9852
103.244,44.4414
103.432,24.637
103.502,18.8455
103.567,14.8724
103.624,12.3238
103.689,10.3271
103.755,9.03505
103.83,8.10875
103.958,7.25956
104.129,6.70233
104.456,6.17769
104.784,5.89172
105.701,5.47189
107.947,5.04576
112.474,4.73435
112.969,4.72734
113.91,4.85385
114.133,5.13565
114.265,5.62913
114.362,6.31597
114.476,7.57099
114.703,10.6504
114.803,11.2994
114.826,11.3227
114.926,10.8703
115.062,9.18381
115.21,7.12576
115.305,6.15774
115.404,5.50444
115.536,5.04951
115.784,4.76394
116.725,4.58836
133.842,4.09927
135.341,4.1906
136.004,4.41909
136.44,4.82956
136.701,5.35628
136.876,5.98292
137.015,6.82221
137.12,7.85871
137.207,9.26128
137.274,10.9567
137.333,13.2018
137.385,16.0455
137.437,20.0739
137.482,24.808
137.528,31.3595
137.575,40.1681
137.627,53.0079
137.685,71.4143
137.747,96.9693
137.838,142.948
137.999,231.574
138.089,266.661
138.171,277.964
138.247,268.542
138.319,243.569
138.444,179.072
138.564,115.398
138.633,85.0062
138.698,62.8918
138.755,47.8827
138.808,37.6015
138.863,29.6219
138.918,23.8799
138.972,19.7896
139.027,16.8754
139.105,14.083
139.182,12.2635
139.275,10.7948
139.429,9.24914
139.606,8.16619
139.767,7.5264
139.982,7.02074
140.131,6.93898
140.279,7.25734
140.391,7.91797
140.527,9.29559
140.734,11.733
140.849,12.3512
140.865,12.3592
140.953,12.0433
141.056,11.018
141.297,7.74507
141.402,6.69731
141.514,5.97695
141.625,5.55906
141.865,5.1653
142.443,4.85379
143.847,4.54102
147.48,4.1842
158.182,3.50579
158.378,3.50457
159.6,3.59453
160.333,3.82705
160.847,4.18477
161.275,4.73126
161.617,5.47425
161.874,6.34362
162.088,7.40399
162.301,8.95497
162.485,10.9108
162.631,13.1415
162.754,15.7069
162.87,19.0689
162.98,23.5829
163.072,28.971
163.145,35.0189
163.218,43.5335
163.284,54.4652
163.343,68.088
163.398,85.6405
163.453,109.557
163.502,137.858
163.553,176.647
163.604,226.8
163.661,297.15
163.727,402.958
163.805,562.034
163.922,855.548
164.059,1206.39
164.151,1377.21
164.238,1447.01
164.254,1448.61
164.343,1392.28
164.441,1221.42
164.689,606.395
164.769,445.318
164.842,329.364
164.9,257.057
164.961,199.349
165.022,156.406
165.084,124.939
165.145,102.02
165.213,83.579
165.282,70.385
165.367,58.6846
165.467,49.1653
165.59,41.1219
165.736,34.4311
165.92,28.6625
166.14,23.9317
166.396,20.1614
166.702,17.0993
167.069,14.6093
167.497,12.6461
168.108,10.81
168.841,9.41663
169.917,8.1725
171.09,7.35247
172.851,6.61085
175.197,6.04282
179.873,5.46069
188.191,4.98321
201.591,4.58867
202.491,4.65815
202.731,4.80762
202.896,5.10413
203.02,5.54211
203.175,6.45186
203.491,8.92949
203.633,9.45129
203.654,9.46143
203.771,9.18349
203.928,8.12479
204.164,6.23371
204.319,5.39006
204.436,5.00938
204.61,4.72521
204.895,4.57029
206.809,4.44738
207.635,4.55819
207.883,4.85334
208.032,5.3179
208.18,6.15505
208.527,9.07217
208.669,9.71912
208.708,9.752
208.821,9.47403
208.973,8.38926
209.238,6.11291
209.386,5.26681
209.535,4.79152
209.783,4.47658
210.692,4.29167
221.081,3.70036
221.935,3.77781
222.463,3.96668
222.829,4.25774
223.134,4.71871
223.357,5.30802
223.52,5.9881
223.642,6.74465
223.764,7.87726
223.866,9.33791
223.947,11.1057
224.018,13.3742
224.079,16.1372
224.14,19.9978
224.199,25.1853
224.256,32.0302
224.313,41.2325
224.37,53.4106
224.429,69.8496
224.49,91.654
224.561,123.973
224.646,172.786
224.782,268.608
224.945,384.825
225.057,439.695
225.154,456.15
225.256,438.773
225.353,392.836
225.541,262.392
225.664,179.094
225.756,128.862
225.832,96.1995
225.903,72.8829
225.967,57.0278
226.035,44.5932
226.099,35.9987
226.163,29.7301
226.237,24.5291
226.323,20.4659
226.419,17.3944
226.543,14.7674
226.686,12.7773
226.899,10.8183
227.138,9.38668
227.443,8.17418
227.91,7.00811
228.398,6.24819
229.048,5.60764
229.716,5.22199
230.384,5.09144
230.837,5.23769
231.177,5.60149
231.471,6.27322
231.698,7.23486
231.857,8.34809
231.993,9.84043
232.097,11.5909
232.178,13.5948
232.26,16.5154
232.331,20.2525
232.397,25.1718
232.461,31.8676
232.516,39.8867
232.572,50.5733
232.629,65.3161
232.692,86.3864
232.754,113.951
232.824,154.07
232.904,211.918
232.999,298.288
233.266,576.08
233.375,652.661
233.48,678.367
233.579,653.707
233.674,590.625
233.842,425.942
233.991,277.117
234.083,202.878
234.161,152.936
234.236,116.202
234.304,90.9817
234.372,72.1428
234.444,57.7185
234.515,47.376
234.597,39.0723
234.678,33.293
234.789,27.9448
234.916,23.8944
235.097,20.1034
235.335,16.9217
235.619,14.4793
235.959,12.5627
236.389,10.9828
237.001,9.57554
237.817,8.44752
238.723,7.67948
240.264,6.90862
242.168,6.36793
246.157,5.7832
253.978,5.27659
272.398,4.54646
273.163,4.62572
273.614,4.82496
273.909,5.14329
274.105,5.57049
274.237,6.08831
274.34,6.7576
274.443,7.86887
274.529,9.38312
274.598,11.2088
274.666,13.8342
274.726,17.0261
274.791,21.7154
274.854,27.7845
274.925,36.8265
274.995,48.6101
275.072,64.7857
275.174,91.8362
275.482,189.138
275.588,212.421
275.7,222.25
275.705,222.283
275.804,215.86
275.921,192.579
276.12,132.166
276.271,87.4786
276.373,63.2658
276.455,48.1077
276.532,37.2285
276.611,29.0238
276.69,23.1422
276.769,19.0086
276.848,16.1293
276.944,13.7644
277.067,11.8588
277.214,10.4582
277.459,9.09472
277.783,8.06946
278.165,7.34764
278.675,6.7661
279.46,6.25483
280.89,5.79108
283.767,5.42076
284.842,5.3825
285.503,5.53096
285.752,5.91643
285.909,6.48678
286.095,7.66019
286.479,10.9239
286.64,11.5193
286.66,11.527
286.802,11.1435
287.008,9.557
287.265,7.32294
287.414,6.41795
287.571,5.8341
287.819,5.4252
288.439,5.21701
295.013,4.98766
310.23,4.78594
311.801,4.82601
312.31,5.01468
312.5,5.30231
312.674,5.84866
312.831,6.67718
313.265,9.84853
313.432,10.392
313.455,10.4
313.596,10.0849
313.803,8.75111
314.096,6.55595
314.282,5.65067
314.448,5.20153
314.613,4.97452
315.026,4.79668
320.402,4.63316
328.39,4.47592
329.688,4.54325
330.312,4.79212
330.562,5.12238
330.737,5.65984
330.862,6.41131
330.962,7.41769
331.049,8.75342
331.131,10.5516
331.221,13.286
331.311,17.001
331.412,22.4997
331.541,31.5092
331.84,55.5453
331.975,63.0663
332.099,65.5768
332.208,63.8016
332.33,57.8766
332.552,41.0943
332.722,28.3227
332.839,21.2873
332.946,16.4408
333.041,13.2809
333.138,10.9643
333.238,9.32238
333.353,8.09493
333.468,7.31297
333.645,6.59359
333.957,5.95289
334.332,5.56194
334.977,5.22586
335.373,5.14918
335.619,5.22844
335.8,5.49922
335.948,6.02384
336.071,6.80409
336.194,7.9956
336.359,10.2559
336.674,15.3092
336.819,16.661
336.895,16.8681
337.036,16.2568
337.21,14.0663
337.519,9.19222
337.667,7.48156
337.793,6.48643
337.949,5.74176
338.137,5.29633
338.528,4.98196
340.04,4.72045
350.506,4.02941
352.855,3.85514
353.61,3.98707
353.966,4.23186
354.176,4.51958
354.386,5.04058
354.543,5.76015
354.648,6.56236
354.739,7.64772
354.818,9.03631
354.897,11.0707
354.962,13.4749
355.028,16.7679
355.093,21.2377
355.159,27.2277
355.23,35.8544
355.3,47.2313
355.371,61.8639
355.455,83.9868
355.556,117.802
355.686,172.177
355.954,295.978
356.097,341.986
356.222,356.87
356.23,356.887
356.348,344.044
356.487,302.176
356.847,144.948
356.965,103.698
357.053,79.3764
357.143,60.2378
357.227,46.7486
357.311,36.847
357.396,29.7271
357.489,24.228
357.594,20.0874
357.699,17.3339
357.846,14.8395
358.013,13.0339
358.255,11.3771
358.601,9.90298
359.062,8.71171
359.691,7.74821
360.74,6.87073
362.375,6.19842
364.514,5.76898
369.295,5.35686
378.06,5.10817
379.975,5.0966
383.998,5.20464
385.722,5.50698
386.488,5.90485
386.967,6.44436
387.266,7.09306
387.484,7.96356
387.637,9.05733
387.752,10.4063
387.848,12.1208
387.944,14.6601
388.03,17.9529
388.112,22.3181
388.199,28.4873
388.285,36.6588
388.382,48.5988
388.499,67.1221
388.679,102.517
388.901,147.342
389.04,166.374
389.169,172.625
389.304,165.823
389.442,146.364
389.821,70.4761
389.936,51.6381
390.036,38.6383
390.13,29.3523
390.21,23.3944
390.289,18.8948
390.38,15.1687
390.468,12.6462
390.576,10.5689
390.684,9.22426
390.846,8.00096
391.061,7.10417
391.396,6.37136
391.755,5.93981
392.234,5.60655
393.192,5.27578
395.299,5.01419
404.53,4.77459
407.638,4.7273
408.63,4.77424
408.961,5.00287
409.126,5.36591
409.25,5.87575
409.387,6.79537
409.52,8.15925
409.674,10.3645
410.032,16.5535
410.191,18.3319
410.302,18.7288
410.442,18.1204
410.621,15.8695
410.965,10.1323
411.13,8.0511
411.266,6.87846
411.401,6.1169
411.605,5.50108
411.838,5.203
412.334,5.00048
415.045,4.80239
420.782,4.70349
421.502,4.75981
421.796,4.97715
422.017,5.44856
422.215,6.26247
422.497,8.04826
422.746,9.60166
422.931,10.1314
422.959,10.1422
423.119,9.85033
423.361,8.53539
423.662,6.62511
423.858,5.75891
424.104,5.17249
424.349,4.93159
425.298,4.75599
435.895,4.41678
436.349,4.39934
436.689,4.44878
436.871,4.59923
437.007,4.89237
437.109,5.3171
437.211,6.03591
437.296,6.96545
437.39,8.46664
437.475,10.3892
437.574,13.4499
437.673,17.5046
437.801,24.1926
438.164,47.337
438.307,53.879
438.444,56.3989
438.459,56.4147
438.588,54.452
438.735,48.2194
439.12,24.8542
439.253,18.3532
439.36,14.3839
439.466,11.4555
439.573,9.39968
439.667,8.16365
439.791,7.09822
439.916,6.46773
440.106,5.95856
440.488,5.54504
441.37,5.22572
441.742,5.19252
442.106,5.30725
442.37,5.63213
442.684,6.41011
443.04,7.3734
443.224,7.5457
443.445,7.29294
444.023,5.64215
444.321,5.16478
444.717,4.94777
448.257,4.78333
450.982,4.75145
451.891,4.8096
452.32,5.08241
452.729,5.76749
453.094,6.3457
453.212,6.3911
453.469,6.17841
454.005,5.19327
454.303,4.88544
454.699,4.74692
462.797,4.63875
464.659,4.72077
464.974,4.90692
465.189,5.23432
465.42,5.89871
465.95,8.19568
466.167,8.62193
466.189,8.62583
466.372,8.36674
466.649,7.25327
466.943,5.94405
467.183,5.23267
467.452,4.83978
467.969,4.64006
475.784,4.45037
476.51,4.56167
476.742,4.82096
476.901,5.26382
477.02,5.86823
477.139,6.83062
477.258,8.27604
477.382,10.4118
477.517,13.5178
477.74,20.0071
477.974,26.6349
478.132,29.3995
478.241,29.964
478.386,28.8986
478.548,25.617
478.947,14.4202
479.1,11.0397
479.232,8.92352
479.362,7.48364
479.509,6.43512
479.636,5.88923
479.805,5.46838
480.155,5.09654
481.062,4.82061
481.424,4.81096
481.754,4.99179
481.927,5.30049
482.099,5.89648
482.277,6.92379
482.491,8.7376
482.84,11.9984
483.029,12.924
483.1,12.9986
483.281,12.4904
483.729,9.34615
483.882,8.88378
483.902,8.87828
484.025,9.17449
484.165,10.2217
484.312,12.0623
484.704,18.2511
484.877,19.745
484.948,19.8954
485.107,19.1905
485.277,17.0971
485.669,10.5853
485.836,8.46719
485.995,7.06071
486.128,6.29534
486.295,5.71453
486.461,5.39697
486.794,5.12054
487.859,4.88502
491.586,4.70254
514.602,4.48413
516.424,4.52806
516.838,4.66437
517.138,5.02164
517.359,5.58847
517.649,6.80211
517.997,8.39816
518.212,8.84873
518.245,8.85686
518.461,8.50071
518.794,7.02227
519.082,5.74309
519.289,5.1334
519.566,4.70762
519.955,4.51365
523.667,4.38525
528.176,4.33505
529.282,4.40006
529.672,4.63155
529.867,4.94706
530.074,5.55321
530.304,6.61654
530.737,9.00524
530.944,9.55808
530.993,9.5795
531.201,9.1855
531.429,8.06616
531.796,6.00666
531.993,5.23257
532.165,4.79821
532.445,4.44004
532.818,4.28286
536.099,4.07683
537.059,4.0575
538.009,4.17122
538.372,4.39437
538.597,4.7596
538.766,5.34699
538.879,6.03655
538.991,7.12462
539.09,8.55934
539.184,10.5147
539.279,13.2483
539.374,16.933
539.481,22.4332
539.589,29.6295
539.719,40.4834
539.94,63.0946
540.175,86.849
540.34,98.0206
540.486,101.395
540.64,97.5626
540.786,87.9177
541.079,59.2119
541.276,40.7042
541.416,30.1413
541.535,23.2779
541.654,18.1625
541.761,14.8184
541.866,12.4424
541.993,10.4915
542.141,9.06452
542.267,8.31413
542.436,7.74816
542.652,7.53258
542.867,7.80079
543.141,8.75633
543.547,10.4632
543.728,10.7255
543.953,10.3045
544.272,8.65217
544.585,6.91792
544.815,6.04588
545.109,5.44659
545.42,5.17889
546.426,4.92099
546.593,4.9112
546.927,4.98908
547.161,5.27572
547.333,5.78229
547.47,6.49334
547.607,7.57541
547.777,9.51668
548.002,13.0196
548.305,17.8958
548.485,19.623
548.588,19.9107
548.746,19.2842
548.937,17.0844
549.368,10.33
549.541,8.30306
549.695,7.02969
549.811,6.3713
549.966,5.79445
550.216,5.31949
550.503,5.10388
550.885,5.02366
551.455,5.19481
551.991,5.40251
552.487,5.18053
553.031,4.81875
554.022,4.63965
562.286,4.35266
563.046,4.4502
563.963,4.89289
564.003,4.89456
564.466,4.7092
565.011,4.38219
565.89,4.25008
566.539,4.34506
566.8,4.55318
567.053,4.99834
567.359,5.95465
567.756,7.3813
567.987,7.73773
568.008,7.74051
568.212,7.49928
568.497,6.55238
568.866,5.19055
569.122,4.579
569.338,4.29553
569.752,4.07832
572.024,3.86591
572.724,3.86168
573.505,4.01546
573.785,4.19986
574.064,4.60311
574.238,5.12418
574.378,5.86322
574.5,6.93081
574.604,8.3466
574.691,10.0412
574.775,12.2655
574.859,15.2466
574.943,19.175
575.04,25.2233
575.135,32.8842
575.236,43.16
575.358,58.8956
575.531,86.3896
575.85,141.945
576.011,163.035
576.173,172.907
576.211,173.291
576.374,166.515
576.544,146.916
576.994,73.5646
577.139,54.1909
577.264,41.0401
577.384,31.5531
577.49,25.2579
577.582,21.1066
577.698,17.3143
577.824,14.4847
577.981,12.1903
578.138,10.7363
578.389,9.32282
578.64,8.45745
579.059,7.55201
579.756,6.69615
580.837,6.01945
581.457,5.84851
581.862,5.97317
582.177,6.37871
582.789,7.5987
582.959,7.7054
583.235,7.43832
583.913,5.83748
584.273,5.37956
584.806,5.15259
588.114,4.82926
596.608,4.38294
597.36,4.45897
597.642,4.68716
597.873,5.16487
598.065,5.90889
598.278,7.19465
598.762,11.031
598.974,12.0151
599.063,12.1215
599.254,11.6774
599.483,10.1702
599.89,6.8342
600.099,5.5955
600.249,4.99911
600.454,4.49859
600.71,4.20344
601.151,4.05995
601.251,4.05692
601.634,4.15876
601.865,4.43581
602.004,4.81678
602.143,5.52841
602.248,6.43323
602.345,7.70922
602.443,9.57083
602.531,11.9103
602.619,15.046
602.717,19.6651
602.824,26.3245
602.944,36.0305
603.092,51.1646
603.518,102.979
603.682,117.293
603.846,123.128
603.862,123.179
604.007,119.399
604.18,106.183
604.525,66.1118
604.706,46.5558
604.843,34.7428
604.963,26.701
605.07,21.2669
605.173,17.3465
605.285,14.2273
605.398,12.0505
605.511,10.5539
605.646,9.37014
605.781,8.62051
606.029,7.89012
606.309,7.58388
607.021,7.28514
607.994,5.87845
608.597,5.49322
610.084,5.1384
619.687,4.06126
619.849,4.06036
620.383,4.17335
620.644,4.43166
620.8,4.79198
620.931,5.34341
621.05,6.194
621.151,7.33493
621.253,9.03941
621.344,11.2394
621.436,14.2734
621.527,18.3615
621.619,23.7314
621.724,31.8071
621.836,42.7446
621.968,59.0321
622.174,90.2673
622.448,133.12
622.615,151.922
622.777,159.797
622.805,159.965
622.968,153.895
623.117,139.21
623.4,98.0035
623.62,65.971
623.771,48.2598
623.899,36.6232
624.015,28.5883
624.131,22.6397
624.247,18.3672
624.363,15.3636
624.508,12.8605
624.653,11.2614
624.827,10.0427
625.001,9.25062
625.419,8.13018
625.836,7.48102
626.579,6.79365
627.972,6.14139
629.921,5.71083
632.799,5.40238
641.387,5.04927
650.712,4.91204
651.873,4.95036
652.433,5.18502
652.723,5.62135
652.951,6.25588
653.598,8.8913
653.846,9.31608
653.862,9.31793
654.079,9.02488
654.395,7.82907
654.743,6.35185
655.025,5.55297
655.357,5.10025
655.771,4.92246
660.665,4.79682
666.844,4.75963
668.756,4.81737
669.172,4.95684
669.488,5.31668
669.724,5.91126
669.97,6.94873
670.56,10.3179
670.791,10.924
670.833,10.9397
671.05,10.5402
671.35,9.00111
671.716,6.84995
671.965,5.82773
672.16,5.33652
672.356,5.05234
672.746,4.82303
674.492,4.70633
683.745,4.60676
684.851,4.71769
685.794,5.02668
686.972,4.6591
687.294,4.7373
687.529,5.01134
687.686,5.38728
687.882,6.18958
688.051,7.25725
688.302,9.46934
688.696,13.3549
688.912,14.6015
689.019,14.7709
689.203,14.3136
689.417,12.7994
689.89,8.34703
690.091,6.95299
690.258,6.14652
690.508,5.43073
690.792,5.06453
691.392,4.83677
694.596,4.65814
704.124,4.49277
704.863,4.60134
705.115,4.85568
705.274,5.19823
705.463,5.90848
705.652,7.07164
705.835,8.6949
706.373,14.8322
706.588,16.3182
706.705,16.5525
706.89,16.022
707.136,13.9403
707.582,9.0274
707.784,7.37408
707.993,6.22441
708.203,5.55039
708.489,5.10633
708.891,4.88077
710.436,4.69096
730.908,4.29206
734.145,4.15322
734.531,4.22467
734.743,4.39256
734.908,4.69685
735.074,5.29813
735.198,6.06842
735.322,7.24083
735.435,8.76467
735.563,11.1736
735.692,14.4067
735.837,19.0817
736.058,27.9885
736.356,40.7459
736.551,46.8222
736.73,49.1485
736.752,49.1809
736.937,47.2786
737.146,41.1487
737.614,22.4413
737.787,16.8824
737.942,13.146
738.066,10.962
738.197,9.31597
738.337,8.1878
738.477,7.54589
738.686,7.23054
738.919,7.47366
739.516,8.87547
739.672,8.98281
739.939,8.66306
740.32,7.40033
740.71,6.06677
740.979,5.47376
741.291,5.11133
741.705,4.9191
744.359,4.6728
760.249,4.1997
762.163,4.09358
762.71,4.18889
762.915,4.39797
763.108,4.86289
763.261,5.58413
763.396,6.61869
763.511,7.91767
763.635,9.84656
763.77,12.6738
763.92,16.7706
764.129,23.9871
764.491,37.3465
764.693,42.3326
764.86,43.7775
765.038,42.2999
765.24,37.4008
765.758,19.502
765.933,14.725
766.09,11.506
766.231,9.44233
766.351,8.16768
766.522,6.95942
766.693,6.23386
766.949,5.6539
767.274,5.31156
767.924,5.00802
769.753,4.68341
776.211,4.33656
780.399,4.2015
781.295,4.285
781.629,4.51864
781.847,4.87423
782.103,5.62811
782.379,6.93447
782.862,9.72027
783.109,10.5327
783.206,10.6095
783.42,10.2543
783.65,9.20931
784.137,6.32433
784.389,5.23209
784.577,4.69586
784.858,4.23706
785.233,3.98664
786.534,3.76455
787.648,3.68467
788.264,3.77738
788.565,4.0168
788.746,4.3642
788.897,4.90579
789.03,5.71768
789.138,6.72091
789.245,8.17063
789.352,10.2229
789.459,13.0601
789.566,16.8809
789.684,22.4524
789.813,30.4075
789.952,41.3842
790.124,58.0151
790.531,102.527
790.74,119.227
790.922,125.403
790.954,125.551
791.142,120.649
791.314,108.742
791.673,72.2347
791.903,49.6957
792.075,36.3453
792.214,28.0004
792.354,21.7383
792.476,17.707
792.615,14.4048
792.766,11.9797
792.934,10.2462
793.101,9.13516
793.369,8.06065
793.704,7.28842
794.267,6.54274
795.205,5.87298
796.813,5.30008
799.922,4.76975
806.805,3.88799
807.315,3.9882
807.558,4.28366
807.714,4.72723
807.844,5.38751
807.948,6.21468
808.052,7.42351
808.157,9.15018
808.261,11.5566
808.362,14.7195
808.467,19.0556
808.588,25.5405
808.723,35.0042
808.882,49.0395
809.152,78.4903
809.435,108.773
809.638,123.228
809.809,127.272
809.99,122.64
810.185,108.867
810.731,53.096
810.903,38.9709
811.054,29.4699
811.189,23.0569
811.307,18.8871
811.423,15.8453
811.568,13.1603
811.712,11.3645
811.886,9.97171
812.117,8.85919
812.499,7.86895
813.147,7.01521
813.934,6.45407
815.323,5.92528
817.545,5.51402
822.729,5.11631
834.275,4.80117
835.324,4.90671
836.494,5.44177
836.538,5.44313
837.108,5.22468
837.868,4.83293
839.19,4.71429
840.971,4.68988
841.839,4.73666
842.368,4.96254
843.369,5.96399
843.527,6.00285
843.948,5.75434
844.7,4.92254
844.94,4.77561
845.767,4.61557
856.354,4.35594
856.996,4.50463
857.431,4.93202
858.26,6.43337
858.526,6.6007
858.864,6.36301
859.262,5.94485
859.32,5.94092
859.519,6.19485
859.643,6.6544
859.794,7.66689
859.932,9.14315
860.07,11.2646
860.231,14.6714
860.419,19.8888
860.941,37.5266
861.162,42.637
861.348,44.1496
861.52,42.9603
861.752,37.9675
862.304,20.427
862.483,15.8221
862.64,12.6975
862.807,10.2664
862.962,8.68896
863.117,7.61201
863.303,6.77928
863.489,6.26551
863.737,5.85627
864.289,5.40841
865.392,5.02685
868.149,4.65651
873.843,4.25585
874.554,4.3619
874.848,4.62512
875.045,4.98638
875.291,5.75885
875.549,7.02777
876.176,10.9471
876.467,11.9442
876.929,12.5485
877.058,13.2013
877.184,14.44
877.297,16.284
877.434,19.6577
877.561,24.148
877.713,31.279
877.915,43.5363
878.345,72.7626
878.563,82.778
878.744,85.7168
878.922,83.1868
879.134,74.011
879.706,37.0265
879.897,27.0444
880.044,21.1528
880.191,16.7135
880.337,13.5226
880.477,11.42
880.62,9.98909
880.763,9.12626
880.906,8.71809
881.002,8.66839
881.192,9.08126
881.367,10.0699
881.57,11.9792
881.844,15.6387
882.232,21.1147
882.468,23.0105
882.574,23.2383
882.8,22.336
883.049,19.5401
883.557,12.2187
883.773,9.8502
883.99,8.20685
884.206,7.17532
884.414,6.58836
884.622,6.24404
885.037,5.90002
886.423,5.48953
890.257,5.09471
898.116,4.78774
898.903,4.93477
899.276,5.24992
900.212,6.72793
900.425,6.82881
900.775,6.55615
901.529,5.22082
901.927,4.85705
902.056,4.83108
902.273,4.92629
902.446,5.1856
902.619,5.70204
902.779,6.51289
902.939,7.75857
903.099,9.53755
903.294,12.5001
903.575,17.9951
903.919,24.8106
904.139,27.5437
904.295,28.1558
904.508,27.0534
904.753,23.5185
905.26,13.8886
905.469,10.8118
905.636,8.99527
905.803,7.70337
905.984,6.7751
906.179,6.16401
906.472,5.68899
906.986,5.36807
908.52,5.09134
909.1,5.05622
909.846,5.16551
910.293,5.53563
911.204,6.95353
911.413,7.04754
911.768,6.77815
912.559,5.43553
912.994,5.04649
913.822,4.86366
921.293,4.743
923.007,4.81249
923.425,4.97956
923.714,5.30146
923.952,5.81977
924.23,6.83411
924.604,8.85564
924.989,10.9189
925.243,11.576
925.307,11.6047
925.558,11.1684
925.875,9.64965
926.314,7.19306
926.558,6.21943
926.804,5.64808
927.05,5.47255
927.288,5.65639
927.526,6.18942
927.809,7.26446
928.36,9.8556
928.639,10.5422
928.718,10.5787
928.978,10.1753
929.307,8.79125
929.771,6.57612
930.05,5.66156
930.345,5.1096
930.639,4.84708
931.327,4.67732
954.695,4.24637
958.966,4.06979
959.671,4.17992
960.032,4.45254
960.45,5.10257
961.031,6.19276
961.313,6.38142
961.636,6.11944
962.458,4.47065
962.75,4.11183
963.042,3.97538
963.325,4.10263
963.513,4.43231
963.671,4.98277
963.797,5.71358
963.923,6.82592
964.033,8.22856
964.143,10.1561
964.253,12.7406
964.377,16.6078
964.513,22.1809
964.662,30.1144
964.835,41.7173
965.179,69.7905
965.472,91.9378
965.691,101.866
965.834,103.782
966.047,99.51
966.274,86.9981
966.83,44.8869
967.02,33.2107
967.177,25.6938
967.334,20.0247
967.492,15.9374
967.629,13.3924
967.777,11.4615
967.925,10.131
968.102,9.06632
968.339,8.19588
968.575,7.68323
969.0,7.27111
969.169,7.24418
970.165,7.74829
970.587,7.48985
971.556,6.03002
972.177,5.59874
973.46,5.33968
977.6,5.01809
988.449,4.74539
989.281,4.74449
990.279,4.83654
990.695,5.08893
991.007,5.53288
991.361,6.39569
991.968,8.15148
992.275,8.48085
992.584,8.14143
993.44,5.71622
993.752,5.16811
994.064,4.88173
994.771,4.69435
1000.05,4.60915
1001.51,4.69415
1001.91,4.91614
1002.16,5.26325
1002.41,5.90076
1002.68,7.04076
1003.07,9.35696
1003.42,11.476
1003.69,12.2847
1003.77,12.3285
1004.03,11.8284
1004.35,10.1112
1004.82,7.19503
1005.1,5.98773
1005.33,5.32701
1005.5,5.0315
1005.83,4.72189
1006.46,4.56549
1016.2,4.30791
1016.67,4.36736
1016.94,4.53533
1017.18,4.88999
1017.38,5.44495
1017.58,6.34119
1017.78,7.64599
1018.05,9.94862
1018.51,14.3938
1018.77,15.9533
1018.93,16.2438
1019.17,15.6052
1019.44,13.6206
1019.97,8.83981
1020.23,7.11854
1020.44,6.14936
1020.67,5.49585
1020.96,5.06561
1021.49,4.82592
1021.99,4.94928
1022.26,5.24439
1022.56,5.87525
1022.88,6.93813
1023.41,9.00459
1023.71,9.56862
1023.78,9.59272
1024.04,9.2656
1024.37,8.1437
1024.83,6.26915
1025.11,5.44084
1025.41,4.90572
1025.7,4.62979
1026.39,4.42904
1033.63,4.11864
1034.46,4.21478
1034.9,4.51672
1035.34,5.14701
1035.93,6.0914
1036.18,6.228
1036.51,6.00353
1037.36,4.52731
1037.77,4.09726
1038.24,3.90139
1038.71,3.86117
1039.23,3.93159
1039.58,4.12491
1039.85,4.48764
1040.03,4.95795
1040.16,5.52081
1040.3,6.35583
1040.43,7.55422
1040.56,9.26046
1040.69,11.6321
1040.82,14.8382
1040.96,19.3291
1041.1,25.1795
1041.28,34.5914
1041.53,50.5905
1041.96,79.6742
1042.2,90.5002
1042.41,93.7858
1042.61,90.7227
1042.84,80.8254
1043.47,40.847
1043.66,30.9019
1043.85,23.6512
1044.0,18.9109
1044.14,15.7891
1044.3,13.1645
1044.46,11.2862
1044.66,9.68913
1044.87,8.6514
1045.19,7.63124
1045.68,6.80341
1046.05,6.55391
1046.3,6.70184
1046.49,7.12984
1046.68,7.99825
1046.82,9.06074
1046.98,10.8651
1047.16,13.6386
1047.38,18.1576
1047.95,32.5505
1048.19,36.455
1048.38,37.4022
1048.6,35.9417
1048.86,31.2527
1049.42,17.7939
1049.64,13.6572
1049.84,10.9404
1050.02,9.25133
1050.21,7.98965
1050.47,7.04144
1050.78,6.47038
1051.26,6.07142
1052.39,5.67532
1054.47,5.36738
1055.18,5.34811
1055.68,5.49
1055.97,5.77224
1056.32,6.48655
1056.65,7.63256
1057.24,10.1291
1057.53,10.7399
1057.6,10.7672
1057.86,10.4342
1058.17,9.2849
1058.69,6.99705
1058.97,6.10284
1059.26,5.54972
1059.65,5.18182
1060.28,5.01294
1065.55,4.75224
1066.13,4.80732
1066.5,5.0473
1066.8,5.56656
1067.03,6.33727
1067.26,7.53253
1067.54,9.55629
1068.06,13.8091
1068.33,15.1006
1068.47,15.2706
1068.73,14.652
1069.04,12.6238
1069.54,8.82454
1069.78,7.41848
1070.02,6.46504
1070.25,5.87605
1070.6,5.41448
1071.16,5.14616
1073.06,4.93185
1079.07,4.78122
1080.7,4.86326
1081.11,5.08211
1081.46,5.51925
1081.86,6.45863
1082.48,8.27348
1082.8,8.65833
1082.82,8.65928
1083.12,8.35057
1083.62,6.94351
1084.05,5.75239
1084.32,5.27858
1084.74,4.89971
1085.15,4.76839
1090.75,4.64785
1093.67,4.63239
1095.84,4.70932
1096.26,4.8921
1096.63,5.33313
1096.91,5.94499
1097.76,8.64013
1098.07,9.05342
1098.09,9.05509
1098.38,8.72885
1098.79,7.48677
1099.27,5.92959
1099.55,5.31456
1099.93,4.86842
1100.55,4.64146
1111.6,4.5039
1113.04,4.49849
1114.49,4.60045
1115.23,4.98294
1115.95,5.37483
1116.06,5.38305
1116.59,5.18284
1117.55,4.60558
1118.38,4.47531
1137.05,4.22871
1137.61,4.4069
1137.83,4.65396
1138.08,5.18423
1138.31,6.02915
1138.55,7.28578
1138.91,9.95247
1139.28,12.8068
1139.54,14.0654
1139.71,14.3027
1139.95,13.8262
1140.22,12.3019
1140.79,8.14802
1141.05,6.71957
1141.31,5.75369
1141.62,5.09236
1141.92,4.77161
1142.13,4.65918
1143.5,4.42578
1146.73,4.23508
1147.3,4.34999
1147.58,4.63545
1147.79,5.09647
1148.01,5.90281
1148.21,7.08584
1148.41,8.75517
1148.68,11.7897
1149.14,17.5673
1149.4,19.8129
1149.62,20.4346
1149.86,19.6723
1150.13,17.301
1150.7,10.6602
1150.95,8.41497
1151.15,7.07765
1151.39,6.07712
1151.68,5.38716
1151.98,5.04935
1152.68,4.76177
1154.87,4.56506
1155.62,4.61207
1156.12,4.87109
1156.46,5.34445
1156.8,6.17674
1157.5,8.38396
1157.83,8.84092
1157.87,8.84673
1158.18,8.498
1158.63,7.13873
1159.04,5.83478
1159.35,5.14174
1159.67,4.73963
1160.13,4.4903
1161.71,4.36112
1172.16,4.12586
1172.85,4.17869
1173.26,4.45049
1173.52,4.89422
1173.75,5.60272
1173.98,6.68794
1174.29,8.71876
1174.82,12.6117
1175.09,13.7499
1175.24,13.9087
1175.47,13.4621
1175.75,12.0203
1176.36,7.77312
1176.62,6.44844
1176.83,5.67909
1177.14,5.01144
1177.45,4.6829
1178.0,4.46236
1179.99,4.28421
1189.07,4.06544
1189.98,4.14591
1190.39,4.34271
1190.82,4.7748
1191.61,5.89183
1191.92,6.05351
1192.29,5.83908
1193.17,4.54806
1193.59,4.17941
1194.0,4.01127
1195.83,3.87374
1200.17,3.70368
1200.68,3.76637
1201.02,3.97591
1201.28,4.34732
1201.53,4.98176
1201.77,5.97414
1202.06,7.63396
1202.58,10.9602
1202.86,12.1668
1203.04,12.3981
1203.28,12.0334
1203.55,10.7903
1204.21,6.78288
1204.47,5.57066
1204.74,4.7647
1205.07,4.21692
1205.45,3.91144
1206.1,3.71598
1213.59,2.77833
1213.68,2.77636
1214.12,2.81318
1214.46,2.95819
1214.7,3.22675
1214.87,3.56476
1215.03,4.1287
1215.17,4.91641
1215.3,5.91737
1215.42,7.34086
1215.54,9.33353
1215.66,11.7743
1215.77,15.1364
1215.89,19.5133
1216.02,25.9986
1216.15,34.4346
1216.32,47.6775
1216.52,67.7426
1216.84,107.728
1217.2,150.875
1217.43,170.491
1217.66,177.412
1217.88,171.836
1218.12,153.134
1218.8,74.9331
1219.01,55.5975
1219.2,41.8584
1219.36,32.6893
1219.53,25.917
1219.68,21.5418
1219.86,17.8375
1220.04,15.4457
1220.22,13.9972
1220.39,13.2347
1220.63,12.9914
1221.0,13.7375
1221.56,15.2869
1221.7,15.3762
1222.02,14.7853
1222.39,12.9611
1223.01,9.1946
1223.29,7.95008
1223.57,7.12357
1223.88,6.59039
1224.51,6.0735
1226.2,5.51245
1229.63,4.9183
1235.28,4.30922
1235.78,4.44919
1236.09,4.83755
1236.28,5.30599
1236.49,6.19082
1236.69,7.38705
1236.93,9.32642
1237.35,13.9275
1237.68,17.3118
1237.94,18.8277
1238.07,19.0424
1238.33,18.3192
1238.63,15.9331
1239.19,10.1585
1239.45,8.04736
1239.66,6.81768
1239.92,5.7931
1240.15,5.24529
1240.52,4.77309
1241.02,4.50268
1242.69,4.13746
1248.39,3.29711
1248.68,3.27916
1249.27,3.33016
1249.61,3.49248
1249.86,3.78412
1250.08,4.26318
1250.24,4.92769
1250.39,5.84174
1250.52,6.98844
1250.64,8.56838
1250.78,10.9163
1250.89,13.6272
1251.02,17.8122
1251.16,23.3306
1251.3,31.1751
1251.46,42.4198
1251.66,59.8332
1251.96,91.7378
1252.35,136.284
1252.6,157.42
1252.84,166.096
1252.88,166.248
1253.08,161.654
1253.29,148.033
1253.65,111.619
1254.03,71.8138
1254.25,52.9169
1254.44,40.5479
1254.61,31.9458
1254.78,25.4509
1254.94,20.8948
1255.14,17.1603
1255.36,14.3347
1255.63,12.1551
1255.94,10.5908
1256.36,9.29772
1257.0,8.09344
1257.97,6.94636
1258.98,6.1408
1259.23,6.04174
1259.55,6.16445
1259.74,6.52436
1259.93,7.27779
1260.09,8.35319
1260.25,9.98001
1260.42,12.5471
1260.6,16.0593
1260.81,21.5485
1261.2,34.4934
1261.51,44.1634
1261.76,48.8894
1261.93,49.8824
1262.15,48.1676
1262.41,42.7336
1263.06,22.8334
1263.27,17.8359
1263.48,14.0674
1263.68,11.4858
1263.85,10.0359
1264.05,8.86351
1264.31,7.93671
1264.64,7.33151
1265.25,6.81155
1266.5,6.3142
1268.42,5.91516
1272.6,5.47366
1287.18,4.75992
1287.8,4.86773
1288.17,5.21175
1288.44,5.8158
1288.67,6.70072
1288.9,8.04627
1289.17,10.3548
1289.84,17.4166
1290.13,19.3456
1290.33,19.7456
1290.56,19.1482
1290.87,16.8296
1291.47,10.8557
1291.74,8.72468
1292.0,7.31381
1292.28,6.38277
1292.62,5.75777
1292.9,5.50125
1293.56,5.22796
1296.41,4.897
1305.47,4.34805
1305.93,4.44456
1306.19,4.68009
1306.36,5.00264
1306.58,5.72625
1306.76,6.76434
1306.92,8.14432
1307.09,10.0573
1307.28,12.9916
1307.49,17.4079
1308.17,34.2476
1308.42,38.5194
1308.65,39.9295
1308.9,38.4546
1309.12,34.7697
1309.83,18.3769
1310.07,13.9922
1310.28,11.2828
1310.48,9.35287
1310.68,8.04727
1310.92,7.07156
1311.26,6.33748
1311.67,5.91741
1312.43,5.55976
1313.91,5.2518
1316.47,5.01479
1334.21,4.35599
1335.75,4.26325
1336.13,4.36202
1336.38,4.59537
1336.56,4.95278
1336.75,5.56374
1336.94,6.56916
1337.14,8.08199
1337.32,10.0819
1337.54,13.246
1337.87,19.3809
1338.24,26.1968
1338.52,29.6137
1338.73,30.4974
1338.99,29.3232
1339.28,25.523
1339.9,14.8028
1340.13,11.7052
1340.35,9.39651
1340.55,7.98496
1340.76,6.95823
1340.97,6.30513
1341.29,5.75807
1341.87,5.34957
1342.83,5.09719
1345.82,4.81543
1348.49,4.71977
1349.61,4.83488
1350.01,5.07475
1350.47,5.6748
1351.32,7.17734
1351.64,7.3825
1352.02,7.11618
1352.98,5.36618
1353.4,4.90399
1353.82,4.68618
1354.98,4.55047
1360.3,4.4292
1361.38,4.48911
1361.99,4.78969
1362.45,5.38339
1363.3,6.85617
1363.62,7.05461
1363.99,6.80128
1364.98,5.02495
1365.3,4.65943
1365.71,4.39285
1366.79,4.20208
1369.06,4.03335
1369.51,4.10378
1369.78,4.31793
1369.98,4.65058
1370.18,5.23475
1370.37,6.18444
1370.55,7.46609
1370.75,9.48814
1370.99,12.6878
1371.44,20.4276
1371.76,25.4295
1372.02,27.8595
1372.17,28.2745
1372.4,27.437
1372.66,24.6639
1373.37,13.5594
1373.61,10.5876
1373.82,8.6329
1374.04,7.22116
1374.22,6.45912
1374.49,5.74626
1374.76,5.35512
1375.12,5.08385
1375.83,4.84148
1377.55,4.59629
1384.55,4.22658
1385.42,4.29178
1385.93,4.55043
1386.37,5.06577
1387.25,6.52965
1387.58,6.72224
1387.94,6.48161
1388.96,4.69963
1389.38,4.25754
1389.84,4.02557
1391.34,3.81868
1394.52,3.46263
1396.68,3.12783
1396.98,3.18963
1397.19,3.36253
1397.36,3.65025
1397.53,4.15909
1397.67,4.83382
1397.81,5.82517
1397.95,7.2309
1398.09,9.04026
1398.23,11.6849
1398.4,15.6555
1398.59,21.4084
1398.85,31.0163
1399.36,52.6071
1399.61,60.4334
1399.87,63.6684
1399.91,63.7142
1400.12,61.7031
1400.4,54.2898
1401.05,29.5316
1401.27,22.6404
1401.46,18.3972
1401.62,15.7524
1401.77,14.2473
1401.93,13.6422
1402.1,14.1421
1402.22,15.3139
1402.35,17.2079
1402.52,20.9241
1402.71,26.8099
1402.94,36.2374
1403.31,55.037
1403.68,74.2368
1403.96,84.2726
1404.2,87.1931
1404.46,84.0117
1404.75,73.7687
1405.45,38.8575
1405.69,29.4429
1405.89,23.3628
1406.09,18.8172
1406.31,15.3205
1406.54,12.7086
1406.79,10.9635
1407.07,9.70516
1407.52,8.53664
1408.08,7.71379
1409.03,6.92568
1410.53,6.26223
1412.53,5.79096
1416.55,5.32223
1423.08,4.99474
1424.23,5.1019
1424.7,5.42375
1425.11,6.07578
1425.57,7.30657
1426.16,8.991
1426.51,9.36493
1426.86,9.01825
1427.37,7.57723
1427.89,6.0804
1428.27,5.40029
1428.58,5.09481
1429.21,4.85008
1434.91,4.62839
1444.34,4.30383
1446.0,4.20093
1446.6,4.31304
1446.9,4.60883
1447.13,5.08714
1447.36,5.92534
1447.54,7.00144
1447.76,8.79413
1448.02,11.5718
1448.74,21.6064
1449.02,24.0695
1449.22,24.6569
1449.48,23.8521
1449.76,21.1736
1450.46,12.1581
1450.72,9.50992
1450.95,7.86248
1451.21,6.62205
1451.42,5.9937
1451.73,5.44494
1452.11,5.1229
1452.86,4.86297
1455.2,4.57265
1463.2,3.9791
1465.42,3.71348
1465.84,3.84322
1466.06,4.10292
1466.23,4.47951
1466.39,5.10523
1466.56,6.09455
1466.69,7.29767
1466.84,9.02745
1466.98,11.2666
1467.14,14.6931
1467.33,19.7905
1467.54,27.1602
1468.24,56.072
1468.52,63.6986
1468.75,65.8053
1468.98,63.7164
1469.27,56.0166
1469.96,29.4363
1470.21,21.6759
1470.41,16.9458
1470.61,13.459
1470.8,11.155
1470.98,9.57332
1471.22,8.21127
1471.47,7.39439
1471.71,6.89071
1472.18,6.34755
1473.11,5.81917
1474.65,5.4002
1477.98,5.01272
1486.27,4.67171
1489.09,4.61528
1490.33,4.68482
1490.95,4.95209
1492.13,5.96847
1492.4,6.0354
1492.84,5.8548
1493.9,4.87011
1494.52,4.59882
1496.06,4.48449
1508.77,4.2899
1509.77,4.37229
1510.31,4.64921
1510.73,5.14449
1511.76,7.03872
1512.1,7.26607
1512.46,7.02221
1513.11,5.78243
1513.59,4.92625
1513.9,4.56877
1514.36,4.29436
1515.11,4.1573
1519.94,3.89771
1520.55,3.95297
1520.86,4.14911
1521.09,4.48953
1521.32,5.11814
1521.51,5.9632
1521.7,7.18885
1521.93,9.16852
1522.18,12.1883
1522.89,22.1284
1523.18,24.7395
1523.37,25.2878
1523.63,24.469
1523.92,21.7167
1524.63,12.3687
1524.9,9.59201
1525.13,7.85268
1525.34,6.75014
1525.61,5.86211
1525.92,5.27293
1526.31,4.92804
1527.08,4.65719
1529.45,4.38332
1535.63,4.159
1536.85,4.23757
1537.27,4.43398
1537.67,4.87287
1538.04,5.61888
1538.88,7.88002
1539.24,8.35655
1539.32,8.37387
1539.65,8.07858
1540.15,6.83865
1540.66,5.42975
1541.0,4.76256
1541.3,4.40445
1541.72,4.14446
1542.73,3.98781
1549.7,3.78461
1550.65,3.84618
1552.19,4.24901
1552.26,4.25045
1552.93,4.1031
1553.79,3.77578
1554.62,3.62622
1560.89,3.24798
1562.22,3.14951
1562.58,3.18544
1562.93,3.38487
1563.19,3.76832
1563.39,4.31077
1563.59,5.17248
1563.77,6.32456
1563.97,8.09608
1564.19,10.726
1564.5,15.3297
1565.0,23.514
1565.28,26.7163
1565.55,27.8096
1565.8,26.8029
1566.07,23.9115
1566.79,13.0686
1567.03,10.0539
1567.25,7.96886
1567.45,6.59867
1567.65,5.62568
1567.89,4.831
1568.13,4.36711
1568.51,3.96681
1569.07,3.6862
1570.96,3.26857
1577.6,2.20177
1578.14,2.16005
1578.57,2.20695
1578.9,2.37126
1579.13,2.64902
1579.29,2.97246
1579.44,3.47389
1579.58,4.12633
1579.71,5.0607
1579.85,6.38034
1579.96,7.91564
1580.08,9.92568
1580.22,12.9624
1580.35,17.0261
1580.49,22.2721
1580.64,30.0728
1580.82,40.9942
1581.03,57.9025
1581.31,86.0703
1581.83,141.436
1582.11,162.874
1582.37,171.877
1582.42,172.06
1582.66,166.593
1582.94,147.829
1583.71,72.98
1583.95,53.7729
1584.16,40.8897
1584.36,31.6972
1584.55,24.909
1584.72,20.5013
1584.89,17.27
1585.11,14.4338
1585.37,12.2028
1585.63,10.7464
1586.06,9.22034
1586.58,8.09296
1587.22,7.16977
1588.26,6.21779
1589.81,5.32888
1592.57,4.30941
1594.0,3.9032
1594.18,3.88475
1594.55,3.96172
1594.81,4.23897
1595.03,4.74222
1595.21,5.52987
1595.37,6.5864
1595.53,8.08887
1595.69,10.1029
1595.84,12.7805
1596.01,16.7744
1596.22,22.7513
1596.46,31.8802
1597.1,58.6749
1597.37,66.5559
1597.63,69.5707
1597.66,69.5872
1597.92,66.9875
1598.22,58.6775
1598.93,31.0922
1599.2,22.9415
1599.4,18.1585
1599.6,14.5272
1599.8,11.9086
1600.01,10.0784
1600.21,8.8217
1600.51,7.64649
1600.84,6.8908
1601.33,6.23552
1602.22,5.58019
1603.89,4.90589
1606.11,4.37007
1609.26,3.86136
1611.15,3.67478
1611.99,3.66152
1612.79,3.74423
1613.59,4.02976
1614.11,4.45971
1614.53,5.10116
1614.85,5.91906
1615.11,6.99544
1615.31,8.23584
1615.53,10.0853
1615.72,12.4118
1615.9,15.6198
1616.08,19.6366
1616.25,24.8051
1616.46,32.6489
1616.67,43.5757
1616.94,60.2389
1617.41,97.1467
1617.79,125.811
1618.1,141.902
1618.39,146.95
1618.61,143.578
1618.96,127.081
1619.84,65.1601
1620.13,49.0314
1620.38,38.3446
1620.61,30.7452
1620.85,25.206
1621.1,20.8242
1621.4,17.3537
1621.76,14.4671
1622.19,12.2576
1622.72,10.4723
1623.45,8.82825
1624.42,7.41924
1625.74,6.13987
1627.24,5.15895
1628.06,4.89315
1628.47,5.03312
1628.74,5.43538
1628.94,6.04604
1629.13,7.02064
1629.28,8.28829
1629.43,10.1456
1629.59,12.8021
1629.72,16.0818
1629.86,20.4129
1630.01,26.6039
1630.18,35.6918
1630.37,48.7402
1630.6,68.6232
1630.92,103.85
1631.41,158.305
1631.69,180.283
1631.96,188.349
1631.98,188.355
1632.25,180.794
1632.55,158.216
1633.28,83.0678
1633.55,60.5183
1633.76,46.7394
1633.97,36.3489
1634.18,28.8318
1634.36,24.1994
1634.59,20.1695
1634.86,17.0047
1635.13,14.9633
1635.48,13.207
1636.02,11.592
1636.84,10.0926
1637.97,8.86773
1639.66,7.78173
1641.88,6.92329
1646.51,5.79439
1650.71,4.77611
1651.6,4.57833
1651.96,4.68985
1652.2,4.99101
1652.36,5.42269
1652.53,6.14097
1652.7,7.27356
1652.84,8.64764
1652.98,10.5242
1653.13,13.3197
1653.29,17.0983
1653.47,22.61
1653.67,30.3774
1653.94,43.4268
1654.5,73.5553
1654.79,84.9781
1655.06,89.0327
1655.1,89.0742
1655.37,85.4872
1655.67,74.4996
1656.38,40.0601
1656.62,30.5495
1656.83,23.959
1657.05,19.0478
1657.26,15.5577
1657.45,13.4511
1657.66,11.7721
1657.95,10.2818
1658.4,9.08899
1658.98,8.29398
1659.83,7.64271
1660.97,7.12635
1663.7,6.49018
1664.5,6.4532
1665.13,6.70568
1665.58,7.27524
1666.23,8.75414
1666.78,9.94925
1667.08,10.1603
1667.47,9.80368
1668.23,7.89566
1668.76,6.7356
1669.29,6.14276
1670.17,5.83804
1677.53,5.40242
1696.44,4.8214
1697.19,4.93486
1697.7,5.26315
1698.09,5.82221
1698.66,7.13928
1699.25,8.54755
1699.62,8.88545
1700.01,8.53838
1700.57,7.19677
1701.11,5.86584
1701.48,5.25278
1701.91,4.88875
1702.53,4.73322
1703.13,4.8683
1703.62,5.23908
1704.71,6.52047
1705.02,6.63936
1705.45,6.42672
1706.55,5.02929
1707.09,4.64155
1707.93,4.44711
1721.34,3.8068
1727.67,3.32659
1732.49,2.76421
1736.77,2.14418
1737.55,2.11099
1738.09,2.16266
1738.55,2.30473
1738.9,2.51716
1739.24,2.8896
1739.53,3.41232
1739.75,4.02856
1739.94,4.78
1740.12,5.85164
1740.29,7.17043
1740.45,8.99407
1740.6,11.3768
1740.76,14.6085
1740.91,18.9567
1741.05,24.0863
1741.21,31.8851
1741.37,42.0505
1741.55,56.0409
1741.75,77.1568
1741.99,108.526
1742.32,160.944
1742.84,251.78
1743.16,292.637
1743.46,308.1
1743.49,308.327
1743.73,301.071
1744.05,269.052
1744.61,182.674
1744.97,127.57
1745.23,96.1031
1745.47,73.8865
1745.7,57.6639
1745.91,46.8911
1746.14,38.2082
1746.39,31.8003
1746.63,27.2931
1746.98,22.9268
1747.39,19.5817
1747.93,16.7041
1748.6,14.3584
1749.47,12.3878
1750.43,10.9332
1751.98,9.43581
1753.68,8.39459
1756.3,7.37209
1761.02,6.25066
1763.67,5.76983
1764.19,5.94413
1764.52,6.39976
1764.81,7.23498
1765.1,8.59039
1765.38,10.5637
1765.9,15.3555
1766.32,19.0096
1766.64,20.4859
1766.76,20.6217
1767.03,20.0408
1767.36,17.9529
1768.16,11.1052
1768.48,9.01963
1768.71,8.00636
1769.05,7.01578
1769.39,6.46481
1769.95,6.03296
1771.74,5.55472
1774.91,5.08638
1775.58,5.06733
1776.2,5.23166
1777.05,5.89513
1777.68,6.33445
1777.83,6.35523
1778.31,6.13392
1779.58,4.70139
1779.99,4.40782
1781.07,4.01855
1783.84,3.26912
1784.28,3.20565
1784.61,3.26629
1784.84,3.43392
1785.06,3.80504
1785.21,4.26659
1785.38,5.02073
1785.52,6.02409
1785.67,7.45521
1785.81,9.44909
1785.95,12.1636
1786.1,15.7714
1786.26,20.9836
1786.43,28.2416
1786.61,38.4371
1786.84,54.0322
1787.16,81.0779
1787.68,126.872
1787.98,145.779
1788.25,152.742
1788.3,152.823
1788.59,146.09
1788.9,127.553
1789.66,66.8819
1789.93,49.4267
1790.15,38.3709
1790.35,30.8135
1790.58,24.6653
1790.79,20.5695
1791.04,17.4433
1791.26,15.7646
1791.54,14.4792
1791.98,13.7347
1793.11,13.1008
1793.72,12.5761
1794.1,12.8249
1795.14,15.1912
1795.3,15.2794
1795.67,14.7887
1796.14,13.05
1796.8,10.0725
1797.24,8.70809
1797.63,7.98412
1798.22,7.41682
1799.92,6.81787
1804.2,6.07994
1813.28,4.90586
1816.0,4.34458
1818.12,3.76585
1818.17,3.76528
1818.46,3.8454
1818.72,4.12953
1818.93,4.66267
1819.1,5.40858
1819.25,6.39955
1819.4,7.81429
1819.55,9.83734
1819.71,12.679
1819.87,16.388
1820.04,21.781
1820.24,29.405
1820.49,41.5174
1821.22,82.9082
1821.51,94.5375
1821.8,98.9295
1821.82,98.9431
1822.07,95.8704
1822.38,84.9931
1823.18,43.6575
1823.46,32.5016
1823.67,25.6842
1823.89,20.653
1824.08,17.5989
1824.26,15.5393
1824.45,14.3355
1824.65,13.8833
1824.85,14.2541
1825.06,15.4224
1825.3,17.8747
1825.61,22.5524
1826.37,36.4279
1826.71,40.0544
1826.9,40.6168
1827.19,39.1379
1827.53,34.5449
1828.32,20.2772
1828.63,15.9244
1828.9,13.2249
1829.2,11.1851
1829.47,10.0698
1829.81,9.16318
1830.16,8.63384
1831.0,7.97289
1831.83,7.60311
1834.62,6.93915
1838.52,6.48058
1849.33,5.88032
1870.06,5.11756
1874.11,4.88662
1875.03,4.98314
1875.66,5.37979
1876.86,6.85489
1877.19,6.99549
1877.64,6.74934
1878.78,4.99805
1879.38,4.38773
1880.01,4.06247
1880.67,3.90621
1881.08,4.00007
1881.33,4.2698
1881.5,4.64749
1881.68,5.27135
1881.85,6.24993
1881.99,7.4338
1882.14,9.04957
1882.29,11.4364
1882.46,14.8931
1882.64,19.3938
1882.85,26.6179
1883.09,36.9518
1883.83,73.9732
1884.15,85.2347
1884.43,89.1921
1884.46,89.2077
1884.7,86.7542
1885.0,77.8649
1885.84,39.7595
1886.11,30.0739
1886.34,23.4224
1886.58,18.5357
1886.82,15.1157
1887.05,12.8041
1887.28,11.2911
1887.61,9.95571
1888.11,8.87354
1888.75,8.12757
1889.68,7.50425
1890.93,7.01344
1893.83,6.42668
1899.88,5.90943
1922.8,5.01249
1923.65,5.11616
1924.07,5.37094
1924.5,5.93468
1924.96,7.00712
1925.74,9.35371
1926.14,10.0119
1926.27,10.0585
1926.62,9.71185
1927.07,8.52787
1927.77,6.27079
1928.15,5.40497
1928.58,4.82071
1929.01,4.51146
1930.03,4.1791
1931.42,3.86472
1931.78,3.85559
1932.14,4.03164
1932.37,4.36169
1932.58,4.9821
1932.75,5.75081
1932.91,6.88991
1933.07,8.52097
1933.24,10.8389
1933.41,14.0435
1933.58,18.2411
1933.77,24.2852
1933.99,33.3056
1934.32,49.2671
1934.84,76.6626
1935.17,89.0609
1935.46,93.2954
1935.48,93.3453
1935.77,90.2535
1936.09,79.5035
1936.91,41.3035
1937.2,30.6267
1937.42,24.3592
1937.64,19.6289
1937.87,16.2172
1938.13,13.5097
1938.42,11.5657
1938.78,10.1787
1939.32,9.06658
1940.21,8.14826
1941.24,7.55558
1942.61,7.082
1945.78,6.51863
1951.02,6.14563
1951.82,6.21706
1952.44,6.56509
1952.93,7.28716
1953.5,8.77723
1954.16,10.6206
1954.58,11.0972
1954.6,11.0978
1954.99,10.7161
1955.55,9.20361
1956.19,7.37736
1956.69,6.50642
1957.32,6.03791
1959.02,5.83853
1976.16,5.54514
1977.83,5.64937
1978.32,5.87885
1978.74,6.31964
1979.25,7.25209
1980.1,9.1937
1980.55,9.59617
1980.56,9.5962
1980.97,9.25242
1981.69,7.6421
1982.23,6.50888
1982.76,5.86225
1983.35,5.57067
1985.63,5.43136
2003.86,5.19602
2005.44,5.27336
2006.52,5.67553
2007.45,5.99061
2007.49,5.99104
2008.31,5.73859
2009.42,5.22518
2011.16,5.02974
2016.81,4.73633
2020.49,4.27157
2020.9,4.37361
2021.15,4.6203
2021.41,5.15114
2021.6,5.88719
2021.78,6.9047
2021.96,8.35421
2022.14,10.3324
2022.35,13.4151
2022.57,17.7759
2022.88,25.2629
2023.48,41.5706
2023.82,48.387
2024.12,50.7615
2024.15,50.7818
2024.43,49.1237
2024.75,43.6051
2025.56,23.9658
2025.85,18.2412
2026.11,14.4918
2026.35,11.9573
2026.59,10.1935
2026.88,8.78282
2027.23,7.84961
2027.68,7.21671
2028.36,6.75604
2029.86,6.28611
2033.1,5.87588
2041.54,5.5431
2042.39,5.53327
2043.66,5.61349
2044.16,5.82381
2044.63,6.27269
2045.16,7.18567
2045.98,8.88833
2046.44,9.26749
2046.89,8.91201
2048.11,6.43289
2048.51,5.92479
2049.15,5.54943
2050.84,5.39302
2064.26,5.22734
2066.0,5.37856
2067.38,5.64231
2069.89,5.17248
2079.46,4.86362
2080.44,4.81077
2081.2,4.93597
2081.61,5.3188
2081.88,5.87114
2082.12,6.68709
2082.4,8.05856
2082.7,10.2401
2083.07,13.804
2083.71,20.366
2084.07,22.5983
2084.3,23.0035
2084.65,21.9984
2084.98,19.5183
2085.78,12.0589
2086.12,9.66405
2086.46,8.02573
2086.8,7.01607
2087.12,6.45364
2087.45,6.13147
2088.1,5.82204
2090.27,5.49875
2092.7,5.3735
2093.79,5.45209
2094.34,5.69883
2094.98,6.37913
2095.97,7.85472
2096.38,8.08045
2096.82,7.84043
2098.04,6.00684
2098.67,5.45367
2099.61,5.20114
2103.09,5.09441
2104.45,5.1677
2104.96,5.38392
2105.34,5.74889
2105.77,6.45401
2106.84,9.05046
2107.28,9.52886
2107.33,9.53346
2107.76,9.142
2108.39,7.6096
2108.96,6.25194
2109.21,5.86
2109.55,5.62063
2109.59,5.61713
2109.87,5.76213
2110.19,6.29971
2110.51,7.31817
2110.92,9.29148
2111.62,13.1677
2112.0,14.426
2112.2,14.6255
2112.52,14.2073
2112.92,12.6401
2113.69,8.69752
2114.09,7.1947
2114.43,6.39767
2114.76,5.91188
2115.33,5.51499
2116.45,5.30673
2116.62,5.30029
2117.3,5.37158
2117.81,5.64627
2118.28,6.24108
2118.82,7.36249
2119.5,8.95574
2119.95,9.44858
2120.0,9.45475
2120.44,9.08096
2121.09,7.5811
2121.67,6.23233
2122.09,5.58951
2122.62,5.17433
2123.58,4.95484
2131.89,4.50076
2136.34,4.04739
2136.78,4.22672
2137.07,4.59678
2137.28,5.11284
2137.5,5.9276
2137.74,7.26366
2137.97,9.16761
2138.23,11.9781
2138.58,16.7776
2139.17,25.6064
2139.5,28.9936
2139.82,30.1075
2140.13,28.93
2140.47,25.3625
2141.28,14.076
2141.58,10.7865
2141.85,8.63238
2142.08,7.40486
2142.25,6.8154
2142.47,6.46966
2142.5,6.46308
2142.66,6.58728
2142.8,6.96729
2142.99,7.85955
2143.17,9.30342
2143.35,11.4055
2143.53,14.2693
2143.75,18.8188
2143.99,25.1835
2144.34,36.8128
2144.91,56.8619
2145.23,64.5202
2145.52,67.1515
2145.56,67.1564
2145.86,64.4401
2146.17,57.4025
2147.01,30.9425
2147.3,23.7042
2147.55,18.761
2147.8,15.1417
2148.07,12.5624
2148.34,10.7923
2148.65,9.52583
2149.11,8.47106
2149.85,7.65245
2151.03,7.00381
2152.97,6.43342
2156.28,5.89135
2157.01,6.01396
2157.45,6.44515
2157.78,7.11939
2158.16,8.40741
2158.72,11.1121
2159.24,13.5938
2159.64,14.5288
2159.74,14.5743
2160.11,14.078
2160.6,12.1413
2161.32,8.8979
2161.68,7.72924
2162.12,6.86206
2162.56,6.41371
2163.58,6.04781
2169.67,5.54969
2169.9,5.54119
2170.57,5.60363
2171.13,5.97422
2171.47,6.51174
2171.83,7.47207
2172.27,9.21313
2173.02,12.5169
2173.43,13.4622
2173.57,13.5264
2173.9,13.1332
2174.37,11.5702
2175.09,8.6122
2175.54,7.32013
2175.88,6.71308
2176.38,6.2229
2177.23,5.93374
2180.56,5.69386
2199.68,5.41204
2200.51,5.4116
2202.09,5.5568
2203.31,6.16403
2204.16,6.48323
2204.2,6.48394
2205.41,6.18079
2205.77,6.27383
2206.16,6.69218
2206.53,7.4933
2207.06,9.26697
2207.66,11.3574
2208.08,12.0459
2208.16,12.0673
2208.53,11.6577
2209.06,10.0139
2209.73,7.59719
2210.11,6.60263
2210.54,5.91238
2211.14,5.49482
2212.31,5.33275
2229.15,5.02801
2234.18,4.75893
2234.7,4.82933
2235.05,5.04228
2235.31,5.39562
2235.58,6.03094
2235.84,7.08459
2236.08,8.52448
2236.32,10.5544
2236.6,13.6975
2237.04,19.9593
2237.56,27.647
2237.92,31.1566
2238.2,32.0362
2238.54,30.7957
2238.93,26.8291
2239.73,16.0323
2240.05,12.7551
2240.35,10.4217
2240.66,8.83973
2241.01,7.72072
2241.45,6.96443
2242.07,6.46496
2243.12,6.11548
2245.92,5.76172
2253.74,5.4849
2266.71,5.34744
2268.42,5.42428
2269.17,5.69467
2270.78,6.95931
2271.05,7.01325
2271.62,6.78378
2272.81,5.74666
2273.23,5.52088
2274.4,5.30738
2282.49,5.21397
2284.0,5.25345
2284.84,5.51467
2285.47,6.07286
2286.61,7.54152
2287.02,7.71722
2287.55,7.41555
2288.76,5.79218
2289.42,5.29283
2289.88,5.13459
2292.24,4.92355
2292.87,5.03589
2293.2,5.28462
2293.57,5.90397
2293.87,6.85837
2294.16,8.20554
2294.51,10.5688
2295.46,18.5753
2295.82,20.4158
2296.03,20.7463
2296.39,19.9773
2296.83,17.291
2297.55,11.5822
2297.92,9.35808
2298.23,8.05158
2298.59,7.07566
2298.88,6.58979
2299.47,6.11624
2299.74,6.01792
2300.0,8.54513
2300.0,5.95375
2749.72,8.27402
3000.0,8.12315
3586.59,7.90064
4000.0,7.74382
4782.12,7.55312
5000.0,7.49999
5977.65,7.33453
6000.0,7.33075
7173.18,7.204
8000.0,7.11467
9000.0,7.05082
10000.0,6.98697
11955.3,6.92793
14292.9,6.85735
15000.0,6.836
17932.9,6.80711
20000.0,6.78676
23910.6,6.78022
25000.0,6.7784
29888.2,6.78891
30000.0,6.78915
35865.9,6.81595
40000.0,6.83483
47821.2,6.87851
50000.0,6.89068
59776.5,6.94545
60000.0,6.9467
70000.0,6.99943
80000.0,7.04751
100000.0,7.14149
100000.0,7.12955
200000.0,7.54999
300000.0,7.59999
1368360.0,6.14785
2603040.0,4.76582
3255480.0,4.34489
4000000.0,4.0211
5000000.0,3.91051
6632360.0,4.07303
1.00432E7,4.53151
1.2E7,4.60707
1.50917E7,4.33419
2.0E7,3.51267

