48-Cd-116(n,total) ENDF/B-VII.1
1.0E-5,30.6908
1.31241E-5,26.8958
1.70876E-5,23.6881
2.2426E-5,20.8146
2.91987E-5,18.3933
3.83206E-5,16.2327
4.98935E-5,14.4214
6.54808E-5,12.8154
8.52562E-5,11.4799
1.11891E-4,10.3078
1.59925E-4,9.0423
2.2858E-4,8.04441
3.26707E-4,7.27118
5.08546E-4,6.56588
7.97923E-4,6.06843
0.00136346,5.67932
0.00278538,5.37243
0.00740863,5.15892
0.0234661,5.04598
0.0253,5.04131
0.752956,4.95654
23.6572,4.91996
27.8588,4.98211
28.3665,5.16762
28.5241,5.44911
28.5906,5.78753
28.6405,6.32821
28.6851,7.25048
28.7201,8.44976
28.7552,10.2219
28.7954,13.0711
28.8654,19.5826
28.9197,24.2621
28.9614,26.2071
28.9787,26.4028
29.0129,25.6657
29.0563,22.8735
29.1631,13.0467
29.2025,10.2728
29.2366,8.53439
29.2681,7.41499
29.3119,6.44037
29.3644,5.82713
29.3994,5.60285
29.5219,5.25715
29.8196,5.0417
31.7453,4.92038
659.062,4.6173
672.422,4.69922
673.993,4.86828
674.516,5.10273
674.768,5.46561
674.919,5.9488
675.07,6.85636
675.17,7.85126
675.284,9.52957
675.391,11.856
675.488,14.7661
675.598,19.2308
675.709,25.0842
675.847,34.4383
676.025,49.3601
676.352,78.7457
676.533,89.7634
676.69,93.0603
676.841,89.9729
676.98,82.242
677.218,62.1593
677.471,39.3906
677.614,28.7093
677.74,21.3145
677.853,16.2411
677.954,12.8594
678.055,10.3695
678.155,8.59346
678.256,7.36193
678.382,6.36766
678.533,5.68774
678.684,5.3262
679.026,4.99327
679.751,4.79716
681.683,4.6664
724.052,4.56386
843.787,4.34942
869.033,4.14847
878.374,3.89771
881.782,3.67745
884.055,3.40251
885.822,3.02423
886.579,2.85074
886.832,2.9085
887.021,3.14113
887.147,3.49527
887.242,3.93888
887.337,4.60697
887.431,5.58562
887.526,6.98281
887.619,8.88168
887.707,11.3225
887.806,14.9152
887.905,19.6171
888.013,26.2785
888.131,35.5243
888.28,50.186
888.479,74.4435
888.877,126.682
889.072,144.378
889.258,150.842
889.268,150.865
889.432,146.506
889.628,130.996
889.956,91.0287
890.208,60.4848
890.366,44.988
890.508,34.0054
890.638,26.3184
890.757,21.0622
890.875,17.1679
891.013,13.9626
891.131,12.0645
891.289,10.3687
891.486,9.0845
891.723,8.19302
892.039,7.49869
892.512,6.8746
893.269,6.28469
894.784,5.67661
897.056,5.25425
901.321,4.91407
910.688,4.64084
986.274,3.9363
1005.21,3.58155
1017.51,3.15789
1024.49,2.76011
1029.94,2.2925
1033.71,1.8326
1036.65,1.36348
1040.59,0.615195
1041.33,0.507425
1041.75,0.467166
1042.16,0.452479
1042.47,0.464587
1042.8,0.509433
1043.09,0.583394
1043.34,0.683489
1043.6,0.829945
1043.84,1.02505
1044.1,1.31284
1044.34,1.66434
1044.57,2.13349
1044.81,2.76199
1045.03,3.53873
1045.22,4.45415
1045.42,5.65801
1045.61,7.27177
1045.78,9.126
1045.95,11.6172
1046.09,14.3952
1046.23,18.0891
1046.36,22.5095
1046.48,28.3664
1046.61,36.1778
1046.73,46.6176
1046.86,60.53
1046.99,79.5135
1047.11,102.95
1047.24,135.741
1047.38,180.545
1047.54,244.414
1047.73,337.284
1048.04,528.029
1048.38,740.011
1048.6,836.67
1048.81,878.618
1048.87,879.753
1049.09,844.113
1049.34,735.107
1049.94,390.001
1050.16,284.304
1050.34,218.645
1050.5,173.779
1050.65,139.472
1050.83,110.829
1051.02,89.3487
1051.23,72.8419
1051.44,61.3945
1051.69,51.7907
1052.04,42.7881
1052.46,35.625
1052.94,30.1153
1053.49,25.6341
1054.16,21.909
1055.09,18.4628
1056.13,15.868
1057.5,13.6396
1059.07,11.9474
1060.95,10.5908
1064.1,9.1793
1068.5,8.04917
1072.27,7.45097
1080.93,6.64999
1093.91,6.05675
1115.52,5.61239
1117.51,5.6017
1119.95,5.70171
1120.39,5.9247
1120.69,6.43675
1120.89,7.18039
1121.04,8.09948
1121.2,9.59092
1121.37,11.8412
1121.53,14.9345
1121.73,19.7355
1122.31,37.0421
1122.56,42.1692
1122.76,43.5309
1122.96,42.0702
1123.2,37.2209
1123.79,19.5672
1124.0,14.5915
1124.17,11.5574
1124.33,9.36764
1124.5,7.88282
1124.69,6.86784
1124.89,6.24393
1125.18,5.81713
1125.38,5.6967
1126.97,5.51145
1159.31,5.21683
1344.0,4.60856
1364.83,4.32562
1372.85,4.00755
1376.86,3.67279
1380.53,3.21915
1381.03,3.2658
1381.35,3.42381
1381.58,3.69002
1381.76,4.10748
1381.92,4.65924
1382.07,5.5126
1382.2,6.61791
1382.33,8.18827
1382.45,10.1001
1382.57,12.8382
1382.7,16.4612
1382.82,21.1511
1382.97,28.2012
1383.12,37.7313
1383.31,51.992
1383.55,75.2131
1384.07,131.075
1384.34,151.233
1384.58,158.536
1384.62,158.611
1384.86,152.294
1385.13,133.625
1385.79,68.781
1386.03,50.4644
1386.22,39.0278
1386.4,30.3811
1386.59,24.1069
1386.77,19.8525
1386.97,16.6007
1387.21,14.0497
1387.49,12.1956
1387.88,10.6229
1388.3,9.60788
1388.93,8.63471
1389.93,7.70439
1391.06,7.08267
1392.56,6.5754
1395.9,5.98872
1402.25,5.52956
1413.79,5.22371
1452.01,4.94072
1535.58,4.60222
1549.81,4.37424
1556.33,4.09037
1560.17,3.69639
1561.95,3.33731
1563.81,2.74542
1563.88,2.74318
1564.11,2.82226
1564.26,2.99791
1564.41,3.34462
1564.52,3.77197
1564.66,4.52768
1564.77,5.46973
1564.88,6.76468
1565.0,8.67772
1565.12,10.95
1565.25,14.4979
1565.38,19.0817
1565.54,25.8961
1565.71,35.3117
1565.94,51.0881
1566.53,96.6399
1566.79,111.107
1567.04,116.741
1567.07,116.811
1567.32,112.427
1567.6,98.5399
1568.28,50.2764
1568.5,37.4391
1568.7,28.4177
1568.88,22.3561
1569.06,17.7997
1569.24,14.653
1569.42,12.4726
1569.63,10.7478
1569.91,9.38361
1570.31,8.38559
1570.84,7.66506
1571.55,7.10259
1572.83,6.51813
1574.11,6.17574
1576.92,5.76132
1583.04,5.38564
1597.05,5.107
1650.63,4.87699
1843.26,4.62643
1853.07,4.71671
1854.16,4.80725
1854.84,4.99352
1855.25,5.36967
1855.52,5.96597
1855.72,6.77825
1855.91,7.93685
1856.08,9.5583
1856.25,11.8566
1856.43,14.998
1856.6,19.1264
1856.82,25.8305
1857.09,36.4769
1857.72,64.479
1858.02,73.9637
1858.29,76.9417
1858.54,74.5022
1858.78,67.6909
1859.18,50.9851
1859.58,32.7468
1859.83,23.7555
1860.03,18.0067
1860.21,14.0684
1860.36,11.4389
1860.53,9.29415
1860.7,7.77708
1860.9,6.57454
1861.11,5.83868
1861.31,5.40136
1861.65,5.03644
1862.26,4.81657
1864.71,4.64715
1929.33,4.24973
1943.83,3.99481
1950.93,3.73784
1955.79,3.42143
1959.26,3.03084
1961.69,2.58193
1963.29,2.14004
1965.1,1.49836
1965.34,1.46529
1965.52,1.49152
1965.65,1.56514
1965.79,1.71159
1965.93,1.96572
1966.05,2.31408
1966.18,2.8465
1966.29,3.49166
1966.4,4.35962
1966.52,5.64094
1966.64,7.35133
1966.76,9.59419
1966.88,12.5429
1967.01,16.5545
1967.15,22.1989
1967.31,30.3097
1967.49,41.8594
1967.68,57.6661
1967.95,84.4223
1968.59,155.066
1968.91,179.607
1969.19,188.543
1969.21,188.627
1969.49,182.157
1969.81,160.254
1970.61,80.2884
1970.87,58.8538
1971.11,44.2494
1971.32,34.5024
1971.52,27.3523
1971.72,22.6192
1971.93,18.8256
1972.19,15.8169
1972.5,13.6258
1972.84,12.0784
1973.44,10.5212
1974.13,9.41874
1975.24,8.33681
1976.63,7.5274
1978.02,7.01064
1980.52,6.43387
1984.97,5.89117
1990.8,5.53336
2006.35,5.13466
2045.82,4.8275
2222.27,4.2412
2272.72,3.84912
2298.93,3.43691
2314.95,2.99752
2325.87,2.52226
2333.15,2.06116
2338.97,1.56079
2343.52,1.06344
2348.8,0.411659
2349.89,0.299241
2350.53,0.2479
2351.01,0.219867
2351.38,0.206152
2351.71,0.201627
2352.03,0.205298
2352.42,0.222682
2352.75,0.25158
2353.09,0.296159
2353.45,0.366391
2353.83,0.467288
2354.19,0.600789
2354.55,0.777552
2354.92,1.00862
2355.28,1.30837
2355.65,1.69577
2356.01,2.19621
2356.37,2.8442
2356.74,3.6877
2357.1,4.7949
2357.47,6.26565
2357.79,8.0235
2358.12,10.3648
2358.41,13.1417
2358.7,16.8586
2358.96,21.2056
2359.21,26.996
2359.47,34.8015
2359.7,44.1013
2359.92,56.0558
2360.14,71.6283
2360.37,91.7232
2360.61,119.611
2360.88,160.123
2361.19,218.379
2361.64,325.121
2362.34,500.083
2362.74,568.915
2363.11,594.243
2363.14,594.364
2363.44,580.178
2363.85,520.592
2364.98,273.865
2365.34,209.434
2365.68,163.576
2366.0,131.508
2366.34,106.305
2366.69,88.098
2367.1,72.5727
2367.59,59.7491
2368.13,49.9592
2368.79,41.8228
2369.61,34.8543
2370.59,29.1819
2371.74,24.6843
2373.33,20.5506
2375.24,17.3455
2377.74,14.6608
2380.47,12.773
2384.11,11.1396
2388.12,9.97149
2394.31,8.82135
2400.86,8.05674
2413.97,7.16643
2431.44,6.54103
2464.93,5.96623
2529.84,5.52531
2535.61,5.51326
2538.07,5.55417
2538.89,5.78463
2539.3,6.19663
2539.61,6.80028
2539.92,7.7849
2540.25,9.40518
2540.69,12.3522
2541.37,17.5659
2541.74,19.3681
2542.01,19.8157
2542.31,19.2889
2542.71,17.1316
2543.58,10.5363
2543.94,8.47181
2544.25,7.24192
2544.56,6.44926
2544.91,5.93854
2545.25,5.68536
2545.95,5.51935
2602.13,5.31146
2629.46,5.2764
2643.5,5.37799
2646.61,5.59813
2647.83,5.8996
2648.31,6.21528
2648.73,6.81334
2648.98,7.52344
2649.24,8.71492
2649.45,10.2816
2649.66,12.6058
2649.85,15.567
2650.04,19.4294
2650.25,25.3184
2650.46,32.99
2650.71,44.0827
2651.05,63.4292
2651.76,108.069
2652.12,123.875
2652.45,129.036
2652.78,123.856
2653.14,108.04
2654.03,52.2248
2654.31,38.2329
2654.55,28.3907
2654.76,21.7649
2654.97,16.7932
2655.14,13.8233
2655.36,11.1208
2655.57,9.27821
2655.78,8.05243
2656.0,7.25099
2656.34,6.51039
2656.82,6.02556
2657.79,5.67495
2659.84,5.43314
2667.62,5.24928
2872.31,5.01806
3030.2,4.93376
3044.94,4.99143
3046.92,5.13183
3047.52,5.3847
3047.91,5.84376
3048.19,6.45606
3048.46,7.43422
3048.72,8.95876
3048.95,10.841
3049.22,13.8602
3049.5,18.1295
3049.83,24.6063
3050.7,43.8018
3051.09,49.6175
3051.4,51.213
3051.76,49.2335
3052.14,43.2063
3053.1,22.1003
3053.42,16.3928
3053.68,12.7305
3053.92,10.2936
3054.15,8.56543
3054.38,7.34323
3054.6,6.51049
3054.91,5.82649
3055.31,5.37913
3056.04,5.10539
3058.96,4.96646
3101.49,4.89074
3105.83,4.95559
3106.48,5.14307
3107.11,5.66192
3107.61,6.46254
3108.77,9.08545
3109.28,9.6986
3109.41,9.72657
3109.88,9.37157
3110.54,7.98598
3111.32,6.26287
3111.79,5.57738
3112.39,5.12201
3113.22,4.92879
3258.67,4.7401
3261.66,4.81404
3262.25,4.99822
3262.84,5.50645
3263.33,6.3662
3263.88,7.877
3264.82,10.9346
3265.29,11.6978
3265.43,11.7467
3265.89,11.2784
3266.43,9.75821
3267.26,7.05622
3267.75,5.924
3268.12,5.38073
3268.65,4.9685
3269.36,4.7782
3281.39,4.68296
3324.26,4.43614
3337.78,4.17993
3344.17,3.91087
3348.43,3.56871
3351.32,3.14837
3353.22,2.68871
3354.28,2.37562
3354.62,2.33095
3354.97,2.40688
3355.19,2.59161
3355.36,2.84604
3355.54,3.24201
3355.73,3.90721
3355.9,4.77335
3356.07,5.96426
3356.24,7.55682
3356.43,9.89605
3356.62,12.9402
3356.82,17.0428
3357.06,23.3026
3357.36,33.0084
3357.83,51.5354
3358.47,77.1705
3358.86,87.6706
3359.23,91.2387
3359.6,87.7663
3360.04,76.3928
3361.02,41.0889
3361.37,30.909
3361.68,23.9516
3361.95,19.4001
3362.23,16.0644
3362.55,13.3276
3362.83,11.7136
3363.21,10.3123
3363.78,9.10555
3364.51,8.26185
3365.95,7.35125
3368.35,6.59653
3371.77,6.06867
3377.01,5.67582
3386.77,5.3534
3410.62,5.07633
3573.84,4.50288
3603.21,4.21982
3619.1,3.88777
3629.21,3.47762
3635.53,3.02315
3639.68,2.54447
3642.53,2.06701
3644.74,1.56833
3647.27,0.891906
3647.81,0.790787
3648.08,0.771047
3648.35,0.790012
3648.55,0.841515
3648.74,0.940338
3648.94,1.10675
3649.1,1.31727
3649.27,1.61635
3649.41,1.98963
3649.55,2.45712
3649.71,3.14232
3649.87,4.02528
3650.03,5.24882
3650.2,6.94333
3650.38,9.28429
3650.57,12.5021
3650.77,16.8899
3650.97,22.516
3651.17,29.5725
3651.42,40.8694
3651.71,57.1598
3652.09,83.7253
3653.08,163.325
3653.51,187.266
3653.9,196.295
3653.93,196.422
3654.34,189.504
3654.79,167.539
3655.93,87.4468
3656.31,66.1952
3656.64,52.0081
3656.98,40.8018
3657.29,33.3301
3657.61,27.9556
3657.97,23.6554
3658.41,20.1417
3658.93,17.4856
3659.61,15.2019
3660.64,13.0607
3661.89,11.4417
3663.69,9.98925
3666.22,8.78867
3669.47,7.88752
3674.35,7.12442
3679.49,6.69241
3680.68,6.82832
3681.15,7.15033
3681.52,7.67442
3681.97,8.78718
3682.38,10.4253
3682.94,13.5962
3683.67,18.2682
3684.14,20.3361
3684.48,20.8194
3684.93,20.0062
3685.42,17.5044
3686.4,11.2279
3686.84,9.16409
3687.18,8.02174
3687.61,7.10581
3688.02,6.63183
3688.64,6.31926
3692.66,6.05113
3712.76,5.65104
3759.31,5.32113
3908.52,5.05996
4180.09,4.92753
4201.39,5.00272
4202.88,5.1163
4203.48,5.31375
4203.95,5.70503
4204.36,6.43775
4204.7,7.47248
4204.99,8.85678
4205.31,11.0876
4205.65,14.2731
4206.01,18.8893
4206.59,28.1161
4207.27,38.7856
4207.69,43.0759
4208.04,44.2875
4208.43,42.81
4208.81,38.7318
4209.53,27.339
4210.07,18.8174
4210.44,14.2081
4210.77,11.0295
4211.1,8.8052
4211.39,7.42606
4211.72,6.39626
4212.14,5.66831
4212.6,5.28103
4213.5,5.04527
4220.4,4.9297
4222.5,4.93644
4224.26,5.09257
4224.85,5.41407
4225.33,6.03501
4225.75,6.99135
4226.18,8.53455
4226.6,10.6996
4227.78,18.0323
4228.27,19.9456
4228.56,20.2701
4228.98,19.6028
4229.42,17.6736
4230.6,10.2764
4231.03,8.22898
4231.39,6.96892
4231.76,6.11984
4232.13,5.5908
4232.68,5.18703
4233.59,4.98571
4256.58,4.89822
4594.21,4.75012
4609.75,4.82698
4611.59,5.00731
4612.2,5.30402
4612.61,5.7547
4612.92,6.34119
4613.19,7.14382
4613.49,8.4411
4613.8,10.2956
4614.1,12.8228
4614.46,16.7168
4614.92,23.1854
4615.87,38.4391
4616.36,43.7068
4616.77,45.285
4617.19,43.6929
4617.57,39.7254
4618.29,28.5956
4618.9,19.1015
4619.3,14.2164
4619.63,11.1664
4619.96,8.93321
4620.28,7.38833
4620.57,6.47717
4620.87,5.83508
4621.18,5.43356
4621.79,5.04331
4622.73,4.86665
4628.35,4.74374
4748.53,4.54982
4753.35,4.61487
4754.17,4.80525
4754.72,5.1919
4755.14,5.77502
4755.55,6.75889
4755.96,8.28025
4756.39,10.5226
4756.98,14.5124
4757.78,20.2374
4758.25,22.4524
4758.63,23.0444
4759.07,22.2445
4759.58,19.6178
4760.75,11.2244
4761.16,8.90185
4761.57,7.17775
4761.99,6.0272
4762.4,5.32473
4762.81,4.92914
4763.36,4.67849
4764.46,4.54236
4818.43,4.16392
4837.56,3.88928
4838.75,3.95925
4839.34,4.14841
4839.82,4.52543
4840.23,5.11669
4840.63,6.08441
4841.03,7.53673
4841.44,9.52413
4842.11,13.7861
4842.75,17.9358
4843.28,20.147
4843.64,20.6315
4844.06,19.9636
4844.58,17.5609
4845.77,9.83624
4846.17,7.71909
4846.52,6.32395
4846.91,5.20377
4847.3,4.47759
4847.69,4.03733
4848.28,3.70131
4849.26,3.50998
4856.96,2.95789
4861.41,2.46046
4864.35,1.9696
4866.5,1.48461
4868.53,0.960796
4868.97,0.87898
4869.27,0.854985
4869.52,0.868393
4869.72,0.912582
4869.91,0.999393
4870.11,1.14514
4870.31,1.37148
4870.48,1.6577
4870.66,2.05107
4870.83,2.58092
4871.0,3.28243
4871.18,4.22702
4871.37,5.54634
4871.58,7.42168
4871.77,9.7287
4871.99,12.9923
4872.23,17.5507
4872.47,23.3002
4872.76,32.3403
4873.12,46.0144
4873.59,68.5131
4874.6,120.447
4875.12,138.48
4875.54,144.297
4875.6,144.392
4875.99,140.577
4876.48,126.22
4877.88,65.0006
4878.33,49.3887
4878.7,39.2957
4879.09,31.3255
4879.46,25.7906
4879.84,21.8462
4880.31,18.4778
4880.83,16.0295
4881.61,13.7491
4882.72,11.8202
4884.06,10.4069
4886.04,9.12575
4889.01,8.02148
4891.97,7.36287
4898.3,6.57753
4905.43,6.11515
4917.3,5.7067
4941.4,5.33447
4975.96,5.12007
4978.57,5.17989
4979.5,5.43565
4980.06,5.88872
4980.52,6.60493
4980.92,7.57581
4981.41,9.2874
4982.27,13.2656
4982.92,16.1456
4983.45,17.4126
4983.66,17.5295
4984.17,16.8254
4984.77,14.5824
4985.86,9.40911
4986.28,7.89475
4986.77,6.61275
4987.29,5.8066
4987.83,5.37458
4988.65,5.13478
4994.2,5.0302
5046.77,4.90189
5060.07,4.98203
5064.88,5.1961
5066.73,5.45002
5068.02,5.89373
5068.67,6.43793
5069.15,7.26709
5069.49,8.26006
5069.78,9.56721
5070.06,11.4813
5070.35,14.2288
5070.64,18.0713
5070.93,23.2826
5071.25,30.9834
5071.61,42.2647
5072.06,60.1587
5073.13,109.154
5073.65,126.019
5074.1,131.498
5074.12,131.509
5074.58,126.272
5075.08,110.367
5076.34,53.0737
5076.73,38.8736
5077.04,29.6484
5077.35,22.4854
5077.61,17.9344
5077.87,14.4786
5078.13,11.9182
5078.41,9.92383
5078.7,8.52196
5078.99,7.57252
5079.34,6.83111
5079.8,6.24717
5080.49,5.79403
5081.88,5.39715
5083.73,5.16146
5088.16,4.94108
5109.47,4.73619
5199.47,4.31532
5233.16,3.95751
5252.06,3.57363
5263.57,3.18088
5272.2,2.72259
5278.67,2.20989
5283.34,1.68942
5286.89,1.17885
5291.1,0.483924
5291.92,0.373531
5292.41,0.324289
5292.82,0.298616
5293.19,0.292228
5293.47,0.301198
5293.8,0.331723
5294.08,0.380037
5294.36,0.453055
5294.64,0.560869
5294.88,0.68411
5295.13,0.861797
5295.41,1.11975
5295.66,1.42422
5295.9,1.82135
5296.15,2.33928
5296.4,3.01524
5296.64,3.89799
5296.89,5.05069
5297.14,6.55389
5297.38,8.50823
5297.63,11.0364
5297.88,14.2837
5298.15,19.0038
5298.43,25.1029
5298.74,33.8201
5299.08,46.1487
5299.44,62.6823
5299.9,89.1827
5300.79,151.658
5301.4,192.219
5301.98,218.442
5302.52,226.317
5302.91,220.863
5303.46,199.857
5305.11,104.876
5305.67,79.3209
5306.14,63.4877
5306.6,51.6837
5307.06,43.0701
5307.61,35.7691
5308.14,30.9279
5308.84,26.407
5309.71,22.582
5310.82,19.3286
5312.05,16.8761
5313.7,14.6581
5316.26,12.4608
5318.83,11.0667
5323.15,9.60933
5329.31,8.4277
5337.53,7.55106
5349.03,6.87677
5367.93,6.30743
5402.45,5.83772
5477.39,5.46207
5607.13,5.2498
5617.16,5.28831
5618.98,5.3914
5619.89,5.70746
5620.46,6.28288
5620.9,7.14154
5621.28,8.34581
5621.65,10.1154
5622.08,12.907
5622.56,17.0211
5623.76,29.4937
5624.26,33.1385
5624.75,34.419
5625.25,33.0632
5625.81,28.7255
5627.01,16.3583
5627.43,12.7449
5627.86,10.0014
5628.21,8.3594
5628.59,7.1528
5629.07,6.23674
5629.45,5.82376
5630.09,5.48532
5631.38,5.31234
5655.04,5.20373
5899.27,5.08614
5903.92,5.09235
5905.94,5.22655
5906.78,5.47979
5907.96,6.20116
5909.17,7.00518
5909.78,7.14268
5910.7,6.84614
5912.29,5.72505
5913.44,5.26041
5915.93,5.08508
5928.16,5.08013
5951.66,5.16413
5952.76,5.353
5953.31,5.65075
5953.86,6.26807
5954.32,7.1793
5954.75,8.4757
5955.21,10.4186
5955.9,14.2998
5956.85,19.9755
5957.41,22.0498
5957.78,22.4806
5958.28,21.7139
5958.85,19.2437
5960.15,11.3745
5960.69,8.88358
5961.15,7.35848
5961.53,6.49097
5961.99,5.82966
5962.45,5.45792
5963.06,5.22434
5964.29,5.10391
5968.44,5.08054
5983.17,5.17305
5987.86,5.41591
5989.11,5.64933
5989.94,6.05502
5990.47,6.63194
5990.91,7.52926
5991.29,8.85207
5991.62,10.5906
5991.95,13.1
5992.25,16.2397
5992.56,20.5996
5992.92,27.0842
5993.37,37.5062
5994.08,57.8336
5994.8,78.7136
5995.33,88.9908
5995.8,92.1761
5996.26,89.0742
5996.78,78.8796
5998.22,37.7707
5998.67,27.3417
5999.03,20.8438
5999.34,16.4687
5999.64,13.3131
5999.97,10.7861
6000.3,9.03075
6000.68,7.6901
6001.12,6.77535
6001.65,6.18144
6002.48,5.75578
6004.56,5.41212
6008.42,5.2225
6030.62,5.0744
6329.31,4.99787
6343.18,5.01455
6345.49,5.14556
6346.23,5.42378
6346.85,5.98206
6347.37,6.84619
6347.88,8.18743
6348.39,10.0704
6349.85,16.8821
6350.42,18.6373
6350.84,19.0567
6351.38,18.3875
6351.98,16.2853
6353.36,9.79301
6353.88,7.98523
6354.31,6.8669
6354.83,6.00011
6355.45,5.43862
6356.2,5.15717
6358.61,5.01972
6442.63,4.98277
6450.82,5.03459
6452.12,5.30335
6453.09,5.90219
6455.21,8.07734
6455.86,8.30713
6456.5,8.07902
6457.68,6.87681
6458.62,5.90618
6459.59,5.30646
6460.89,5.03614
6525.53,4.97311
6550.91,5.01592
6553.06,5.16961
6553.77,5.45548
6554.37,6.03273
6554.83,6.86355
6555.23,7.99549
6555.68,9.85828
6556.12,12.4349
6556.72,16.919
6557.83,26.2413
6558.42,29.502
6558.87,30.3177
6559.41,29.1421
6559.96,25.835
6561.35,14.3685
6561.85,11.0158
6562.28,8.9263
6562.73,7.35762
6563.13,6.44772
6563.53,5.86478
6564.12,5.39094
6564.92,5.14529
6567.31,5.02209
6658.96,4.95881
6665.69,4.99162
6667.11,5.198
6668.11,5.6489
6670.22,7.20641
6670.89,7.37793
6671.75,7.10099
6673.65,5.654
6674.65,5.20198
6676.06,4.99444
6985.71,4.92674
7000.08,4.96019
7001.49,5.15988
7002.21,5.48928
7002.94,6.10615
7003.82,7.27877
7005.05,9.08518
7005.8,9.60272
7005.93,9.6138
7006.58,9.31341
7007.51,8.09967
7008.74,6.29966
7009.53,5.55676
7010.32,5.16917
7011.85,4.95349
7028.15,4.92366
7049.47,4.99727
7050.48,5.16288
7051.15,5.50012
7051.66,6.01173
7052.16,6.87987
7052.67,8.22955
7053.2,10.2289
7053.98,14.1971
7054.89,18.9635
7055.48,20.982
7055.94,21.5046
7056.49,20.7311
7057.05,18.6549
7058.53,10.8968
7059.12,8.5104
7059.62,7.07107
7060.18,6.05956
7060.65,5.55448
7061.36,5.17494
7062.53,4.98892
7102.74,4.91529
7237.69,4.90565
7316.2,4.9784
7331.16,5.20551
7336.46,5.55361
7338.75,5.91362
7340.38,6.39808
7341.35,6.89873
7342.33,7.78296
7342.94,8.77288
7343.43,10.0542
7343.9,11.9945
7344.31,14.6124
7344.68,17.9062
7345.04,22.457
7345.4,28.5984
7345.78,37.0376
7346.18,48.4732
7346.7,67.2779
7347.68,111.175
7348.41,141.582
7348.95,156.838
7349.45,161.574
7349.96,156.388
7350.52,140.303
7351.49,98.2501
7352.25,64.9785
7352.77,46.889
7353.19,35.3529
7353.56,27.4692
7353.94,21.5327
7354.26,17.6599
7354.6,14.7288
7355.01,12.1386
7355.43,10.395
7355.93,9.02915
7356.59,7.92816
7357.44,7.12227
7359.0,6.35153
7361.08,5.84257
7364.4,5.45703
7371.88,5.14365
7389.33,4.97311
7640.82,4.86038
7684.2,4.85429
7689.07,4.91612
7690.17,5.09288
7691.27,5.52005
7693.27,6.65871
7694.02,6.80939
7694.92,6.59737
7697.16,5.34082
7698.18,5.02702
7699.21,4.90221
7877.76,4.82377
7903.9,4.88602
7906.72,5.01003
7907.69,5.21894
7908.33,5.58631
7908.89,6.24902
7909.37,7.26011
7909.8,8.64584
7910.22,10.6522
7910.66,13.5568
7911.14,17.7404
7911.86,25.7329
7912.96,38.42
7913.56,42.99
7914.05,44.2421
7914.61,42.6262
7915.2,37.8734
7916.81,19.3365
7917.29,14.8377
7917.69,11.89
7918.12,9.55896
7918.53,7.94685
7918.87,7.00073
7919.28,6.22719
7919.69,5.73683
7920.28,5.34075
7921.24,5.08328
7925.1,4.90512
7980.8,4.80669
8020.24,4.79567
8025.8,4.87197
8026.82,5.07145
8027.84,5.56406
8029.07,6.63284
8030.32,7.72688
8031.07,7.95844
8031.84,7.71307
8033.35,6.35434
8034.46,5.46797
8035.56,5.00909
8036.66,4.84817
8089.17,4.7765
8107.56,4.77232
8117.72,4.84087
8118.57,4.98339
8119.41,5.38507
8120.05,6.01917
8120.69,7.08282
8121.37,8.77308
8123.08,14.0877
8123.74,15.2624
8124.08,15.4252
8124.68,14.9224
8125.38,13.2818
8126.94,8.3813
8127.57,6.90019
8128.1,6.04467
8128.74,5.40623
8129.59,4.99931
8130.86,4.82263
8151.08,4.76227
8157.01,4.79498
8158.15,4.91038
8158.92,5.16937
8159.48,5.57511
8160.12,6.404
8160.67,7.54113
8161.31,9.44823
8162.96,15.7136
8163.59,17.3106
8164.09,17.7313
8164.63,17.2453
8165.34,15.2957
8166.89,9.39898
8167.55,7.47114
8168.15,6.2928
8168.73,5.58282
8169.43,5.128
8170.59,4.86163
8178.53,4.76519
8468.85,4.57752
8473.3,4.65573
8474.43,4.91882
8475.28,5.43169
8476.11,6.33628
8478.09,9.48395
8478.87,10.1662
8479.12,10.212
8479.85,9.83743
8480.7,8.66351
8482.04,6.4705
8482.73,5.64002
8483.17,5.26472
8484.06,4.82325
8485.22,4.6191
8496.09,4.54477
8512.57,4.52997
8521.73,4.5691
8524.05,4.69687
8524.94,4.94572
8525.54,5.347
8525.99,5.88713
8526.47,6.83512
8526.92,8.17684
8527.36,10.0926
8527.86,13.0435
8528.44,17.4749
8530.01,31.6941
8530.62,35.267
8531.13,36.3049
8531.7,35.0681
8532.34,31.0947
8533.97,16.3701
8534.49,12.5604
8534.94,10.0276
8535.38,8.15141
8535.83,6.83928
8536.27,5.96857
8536.72,5.41716
8537.32,5.0029
8538.39,4.71183
8540.17,4.59536
8554.51,4.48974
8556.12,4.62289
8557.04,4.90866
8557.99,5.52775
8559.46,7.09453
8560.44,8.02037
8561.14,8.25438
8561.94,7.96199
8563.1,6.79138
8564.4,5.45229
8565.21,4.93515
8566.15,4.62581
8567.77,4.47475
8679.72,4.05172
8723.31,3.69268
8752.37,3.24035
8770.53,2.75098
8781.43,2.3017
8789.83,1.81886
8796.07,1.34839
8801.61,0.838751
8806.22,0.38796
8807.58,0.274497
8808.53,0.211575
8809.12,0.183165
8809.58,0.168659
8810.08,0.161955
8810.45,0.16465
8810.78,0.173531
8811.17,0.193052
8811.54,0.223054
8811.98,0.274138
8812.39,0.3431
8812.8,0.433619
8813.21,0.551776
8813.62,0.703672
8814.07,0.921415
8814.53,1.20393
8814.98,1.56913
8815.43,2.04094
8815.89,2.6515
8816.34,3.44435
8816.77,4.42001
8817.23,5.75735
8817.68,7.51738
8818.14,9.83977
8818.59,12.9041
8819.04,16.9327
8819.52,22.4873
8820.02,30.1185
8820.52,39.9712
8821.11,54.8653
8821.84,78.143
8823.92,158.474
8824.76,180.646
8825.52,188.153
8826.21,183.47
8827.05,165.744
8829.34,95.743
8830.26,73.9288
8831.14,58.5595
8832.05,47.4515
8832.96,39.6777
8834.1,32.9729
8835.34,27.9445
8837.09,23.2398
8839.0,19.8425
8841.27,17.1018
8844.45,14.5747
8847.99,12.7412
8853.26,11.0054
8859.52,9.72155
8866.79,8.77316
8878.59,7.83441
8894.03,7.13065
8923.09,6.44025
8970.31,5.93152
9064.75,5.52958
9304.17,5.22729
9475.52,5.14751
9500.0,6.98714
9500.0,5.13931
10000.0,6.98517
11000.0,6.98401
13150.8,6.99203
14000.0,6.9952
16737.4,7.01628
17000.0,7.01831
20000.0,7.04679
23910.6,7.08732
25000.0,7.0986
29888.2,7.14979
30000.0,7.15096
35865.9,7.20952
37500.0,7.22583
44832.4,7.29286
45000.0,7.29439
53798.9,7.36526
56250.0,7.385
67248.6,7.46058
67500.0,7.46231
80698.3,7.53701
83750.0,7.55428
100000.0,7.6289
100000.0,7.62737
200000.0,7.723
800000.0,7.172
2500000.0,5.025
3000000.0,4.57401
3500000.0,4.292
4250000.0,4.1165
4500000.0,4.091
6500000.0,4.255
1.0E7,4.653
1.2E7,4.688
2.0E7,4.046

