48-Cd-112(n,total) ENDF/B-VII.1
1.0E-5,139.17
1.31241E-5,121.588
1.70876E-5,106.676
2.2426E-5,93.2564
2.91987E-5,81.8816
3.83206E-5,71.6533
4.98935E-5,62.993
6.54808E-5,55.216
8.52562E-5,48.6423
1.11891E-4,42.7501
1.45682E-4,37.7807
1.91195E-4,33.3395
2.48937E-4,29.6042
3.26707E-4,26.2747
4.25373E-4,23.4829
5.58264E-4,21.0001
7.97923E-4,18.2555
0.00114047,15.9986
0.00163006,14.1412
0.00232983,12.608
0.00333,11.3405
0.00518342,10.0678
0.00813293,9.04404
0.0126596,8.2453
0.0216322,7.49136
0.0234661,7.39268
0.0253,7.30409
0.0432317,6.77106
0.0810948,6.30337
0.165666,5.91962
0.40461,5.58758
1.28662,5.30313
5.03475,5.06533
25.7963,4.84121
54.6631,4.60222
63.5013,4.29118
64.4992,4.40386
64.8555,4.5859
65.2119,5.0131
65.4258,5.5392
65.6039,6.31431
65.7465,7.36985
65.8534,8.64627
65.9425,10.3062
66.0049,12.0625
66.0583,14.2827
66.1062,17.2674
66.1452,20.8787
66.1786,25.319
66.212,31.6248
66.2399,38.9036
66.2688,49.1522
66.2989,63.6373
66.329,83.2264
66.3577,107.969
66.3898,144.105
66.4218,190.829
66.4579,257.65
66.502,360.737
66.5644,541.31
66.666,854.888
66.7212,977.669
66.775,1028.78
66.7823,1029.63
66.8299,999.047
66.8816,902.359
66.9653,660.434
67.0473,414.42
67.0954,296.539
67.1328,223.414
67.1685,168.669
67.2005,130.569
67.2326,101.455
67.2647,79.6598
67.2956,64.0687
67.329,51.7837
67.3625,42.9474
67.4014,35.6716
67.446,29.9861
67.4928,25.8881
67.564,21.725
67.6531,18.3698
67.7756,15.3998
67.9093,13.2856
68.0763,11.5289
68.2768,10.1384
68.5441,8.9424
68.9005,7.95673
69.4439,7.09135
70.2012,6.44137
71.3773,5.93243
73.6893,5.50341
78.3011,5.21354
80.2025,5.17983
81.6059,5.30051
81.8322,5.49192
81.968,5.92973
82.054,6.56862
82.1355,7.58381
82.2532,9.72113
82.3664,11.7851
82.4497,12.566
82.4732,12.6134
82.543,12.305
82.7173,10.196
82.7693,9.93563
82.8207,10.1837
82.8774,11.2409
82.9247,12.876
82.9817,15.8438
83.0531,20.962
83.1858,31.8746
83.2493,35.5791
83.3141,36.9748
83.3807,35.4959
83.4442,31.7169
83.6165,17.4949
83.68,13.3354
83.7299,10.875
83.7866,8.87927
83.8433,7.56824
83.8988,6.75887
83.9634,6.19778
84.0496,5.80118
84.2219,5.47388
84.6753,5.22243
86.3984,5.06256
115.622,4.87282
202.039,4.61382
215.941,4.3725
220.85,4.07059
224.444,3.53933
224.779,3.60344
225.006,3.81146
225.142,4.13674
225.233,4.57455
225.301,5.14173
225.36,5.91298
225.419,7.13142
225.467,8.57406
225.515,10.6096
225.563,13.4535
225.605,16.8159
225.646,21.2201
225.694,27.8486
225.742,36.5749
225.79,47.8342
225.843,64.0599
225.903,86.9106
225.969,118.971
226.052,169.016
226.318,360.11
226.421,411.18
226.519,428.553
226.608,414.37
226.7,373.294
226.853,269.599
226.991,173.468
227.079,122.906
227.148,91.9566
227.207,70.81
227.264,54.8915
227.321,42.7967
227.379,33.8215
227.436,27.2876
227.494,22.5947
227.553,19.1303
227.62,16.4486
227.704,14.2424
227.804,12.57
227.971,10.9186
228.182,9.69021
228.516,8.51501
228.956,7.61485
229.721,6.76829
230.638,6.23732
232.474,5.72416
235.133,5.40103
241.783,5.10595
264.39,4.87637
401.311,4.48281
420.976,4.25981
429.604,3.99275
434.373,3.65734
436.954,3.30992
438.89,2.87759
440.396,2.4689
440.642,2.45266
440.888,2.51141
441.099,2.70946
441.226,2.98523
441.331,3.40519
441.416,3.96147
441.49,4.70692
441.553,5.63058
441.614,6.86808
441.675,8.55488
441.735,10.8508
441.796,13.9445
441.856,18.0644
441.917,23.5768
441.98,30.8719
442.042,40.1586
442.112,53.5956
442.185,71.4147
442.267,96.813
442.369,136.274
442.495,197.268
442.83,382.921
442.974,439.186
443.111,460.028
443.123,460.115
443.257,442.277
443.395,392.211
443.798,181.566
443.917,130.816
444.019,97.0536
444.11,73.6075
444.191,57.7873
444.271,45.7933
444.352,36.8837
444.433,30.3643
444.513,25.6353
444.619,21.3512
444.746,18.0513
444.894,15.6492
445.105,13.5546
445.42,11.6872
445.804,10.279
446.419,8.91524
447.217,7.89357
448.447,7.02544
450.155,6.42604
450.847,6.3383
451.25,6.48923
451.44,6.83888
451.567,7.33721
451.688,8.15115
451.803,9.36574
451.933,11.3941
452.077,14.578
452.277,20.3661
452.52,27.5334
452.67,30.3365
452.782,31.0079
452.935,29.7383
453.109,25.7424
453.448,15.4597
453.59,12.0187
453.705,9.91853
453.82,8.41228
453.936,7.39713
454.085,6.60714
454.235,6.1922
454.535,5.86464
455.457,5.63417
459.606,5.32626
472.36,5.00191
512.594,4.72845
560.258,4.58475
563.926,4.65588
564.27,4.77315
564.511,5.04741
564.7,5.54933
564.858,6.30716
565.024,7.57327
565.213,9.66261
565.66,15.792
565.841,17.2671
565.944,17.5057
566.114,16.8606
566.311,14.7679
566.715,9.16015
566.873,7.48737
567.016,6.38991
567.159,5.65415
567.274,5.27072
567.469,4.90152
567.859,4.66471
570.805,4.5561
654.155,4.17187
684.593,3.84497
701.502,3.47395
712.045,3.0438
718.363,2.61099
722.575,2.17856
725.997,1.69019
730.262,0.915545
731.051,0.808225
731.644,0.774032
732.012,0.789018
732.355,0.841794
732.71,0.954421
733.026,1.12613
733.306,1.35873
733.582,1.69373
733.835,2.12989
734.079,2.71352
734.289,3.40078
734.499,4.32039
734.699,5.51374
734.874,6.92217
735.032,8.6176
735.19,10.9074
735.337,13.8495
735.464,17.3001
735.59,22.0249
735.695,27.3591
735.8,34.4744
735.906,44.0188
736.001,55.374
736.095,70.1245
736.19,89.1515
736.301,118.073
736.411,155.803
736.527,206.471
736.659,279.567
736.803,379.709
737.022,564.037
737.375,877.006
737.57,998.75
737.746,1045.52
737.767,1046.42
737.944,1014.65
738.159,894.005
738.691,453.152
738.869,332.066
739.027,248.169
739.165,192.306
739.296,152.174
739.428,122.321
739.562,99.9871
739.691,84.2236
739.839,71.0465
740.023,59.4241
740.223,50.6258
740.476,42.8569
740.792,36.1462
741.2,30.2297
741.66,25.657
742.213,21.8613
742.871,18.7457
743.74,15.9675
744.898,13.5624
745.951,12.0881
747.531,10.5807
749.69,9.2672
752.585,8.18581
756.903,7.24142
762.589,6.53774
770.609,5.97896
784.213,5.47325
807.286,5.04945
808.944,5.13903
809.289,5.38395
809.531,5.83662
809.72,6.48838
809.91,7.49265
810.154,9.32586
810.605,13.3379
810.826,14.58
810.969,14.823
811.172,14.3273
811.42,12.6124
811.889,8.44269
812.108,6.98688
812.281,6.19905
812.505,5.57019
812.833,5.16538
813.271,5.01792
825.377,4.79739
865.026,4.24488
881.081,3.87319
882.335,3.95335
882.696,4.14797
882.937,4.5293
883.118,5.12112
883.268,5.95527
883.419,7.23844
883.57,9.10738
883.72,11.6714
883.889,15.4094
884.16,22.9146
884.465,31.3728
884.68,35.2458
884.84,36.1856
885.024,34.9456
885.251,30.4831
885.781,15.5959
885.962,11.5473
886.112,8.9734
886.255,7.17212
886.391,5.95951
886.549,5.01752
886.685,4.50429
886.865,4.09578
887.106,3.82736
887.588,3.63778
890.288,3.35442
892.415,3.22464
892.905,3.30346
893.15,3.49047
893.313,3.75245
893.477,4.19888
893.64,4.91016
893.809,6.01165
893.984,7.60413
894.189,10.0226
894.628,15.906
894.838,17.8428
895.027,18.4519
895.216,17.8257
895.412,16.0265
895.969,8.56125
896.144,6.65131
896.311,5.257
896.465,4.33981
896.596,3.78199
896.771,3.28863
896.99,2.94081
897.34,2.69313
898.212,2.46404
901.269,1.80025
903.743,1.17366
904.24,1.08439
904.675,1.05328
904.985,1.08017
905.288,1.17264
905.515,1.30862
905.712,1.49627
905.914,1.78775
906.09,2.15972
906.249,2.64095
906.384,3.20708
906.519,3.98825
906.649,5.03769
906.757,6.23963
906.865,7.86777
906.973,10.0938
907.07,12.802
907.167,16.4121
907.265,21.2137
907.353,26.9275
907.44,34.0498
907.543,45.1039
907.647,59.5169
907.751,77.9844
907.863,103.35
907.993,140.46
908.131,189.972
908.315,270.965
908.805,522.937
909.013,602.757
909.221,639.682
909.261,640.896
909.445,621.853
909.669,550.701
910.27,266.352
910.465,192.131
910.62,145.935
910.75,115.988
910.879,92.828
911.009,75.2904
911.16,60.368
911.311,49.8327
911.484,41.4736
911.674,35.207
911.916,29.8601
912.193,25.7562
912.608,21.6704
913.109,18.4448
913.757,15.7107
914.6,13.4261
915.572,11.7236
916.739,10.3769
918.381,9.1592
920.974,8.02015
924.604,7.13284
930.653,6.36412
938.832,5.83827
954.717,5.34285
989.134,4.84228
1048.57,4.15941
1050.31,4.22251
1050.68,4.36308
1050.93,4.62162
1051.13,5.05188
1051.33,5.79828
1051.5,6.72269
1051.66,8.01029
1051.85,10.1054
1052.13,13.9823
1052.51,19.6118
1052.75,21.8804
1052.94,22.4935
1053.14,21.7324
1053.39,19.2022
1053.97,10.684
1054.16,8.46945
1054.35,6.86538
1054.53,5.75478
1054.72,5.04046
1054.91,4.60964
1055.22,4.26316
1055.71,4.09743
1059.88,3.92194
1074.9,3.48298
1084.38,3.05705
1091.88,2.54263
1097.64,1.97228
1099.16,1.81723
1099.46,1.81622
1099.78,1.8876
1099.99,2.03331
1100.15,2.23779
1100.31,2.56453
1100.45,2.99176
1100.62,3.75199
1100.8,4.7998
1101.01,6.48594
1101.52,11.1778
1101.75,12.7321
1101.97,13.2804
1101.98,13.2808
1102.19,12.8079
1102.4,11.4828
1102.8,7.69804
1103.06,5.35999
1103.25,3.95686
1103.41,3.0391
1103.56,2.39652
1103.71,1.92576
1103.86,1.59495
1104.01,1.3682
1104.16,1.21447
1104.4,1.06196
1104.76,0.935662
1105.58,0.762081
1106.71,0.583145
1107.45,0.501545
1107.88,0.475775
1108.1,0.471641
1108.56,0.487774
1108.94,0.535225
1109.24,0.604093
1109.57,0.716634
1109.87,0.862191
1110.16,1.06238
1110.47,1.35139
1110.77,1.73019
1111.06,2.20536
1111.35,2.86983
1111.64,3.73664
1111.89,4.74244
1112.14,6.06802
1112.39,7.84268
1112.61,9.87286
1112.82,12.5836
1113.01,15.7648
1113.2,20.0561
1113.36,25.0167
1113.52,31.6843
1113.68,40.7788
1113.82,50.9246
1113.95,64.2
1114.1,83.8705
1114.24,108.344
1114.4,144.065
1114.56,192.092
1114.75,262.798
1114.96,365.792
1115.28,560.437
1115.66,793.788
1115.87,891.14
1116.12,950.523
1116.17,953.13
1116.4,926.407
1116.68,816.969
1117.38,417.205
1117.63,305.474
1117.85,231.192
1118.03,182.473
1118.22,146.246
1118.42,118.069
1118.63,97.8519
1118.87,80.708
1119.14,67.4872
1119.46,56.4884
1119.84,47.5779
1120.29,40.1649
1120.91,33.1154
1121.58,28.0781
1122.44,23.6179
1123.52,19.8796
1124.87,16.8467
1126.44,14.5245
1128.32,12.681
1131.19,10.8957
1134.06,9.76243
1138.37,8.67573
1144.83,7.71402
1153.44,6.9832
1169.23,6.27853
1196.86,5.70714
1202.5,5.65722
1205.2,5.77275
1205.7,6.067
1205.98,6.59261
1206.2,7.4577
1206.4,8.75315
1206.57,10.4186
1206.75,12.9578
1206.97,17.0237
1207.29,24.5119
1207.68,33.8389
1207.93,37.5585
1208.1,38.3391
1208.32,37.0238
1208.57,32.7745
1209.19,17.6568
1209.41,13.4329
1209.6,10.7186
1209.76,8.95315
1209.93,7.72609
1210.1,6.91431
1210.27,6.40019
1210.5,6.01222
1210.99,5.70546
1213.69,5.52675
1281.43,4.96118
1330.74,4.61675
1333.93,4.68768
1334.88,4.86187
1335.29,5.20558
1335.49,5.61275
1335.7,6.34485
1335.88,7.42537
1336.03,8.82288
1336.18,10.7926
1336.34,13.4633
1336.51,17.4995
1336.72,23.6817
1337.04,35.5997
1337.41,49.4769
1337.66,55.8731
1337.89,57.9251
1338.11,56.0433
1338.37,49.4444
1339.05,23.9887
1339.25,17.8725
1339.43,13.7081
1339.58,10.9957
1339.74,8.97891
1339.89,7.53522
1340.07,6.40567
1340.24,5.72658
1340.44,5.24331
1340.71,4.91783
1341.25,4.68999
1343.1,4.52532
1375.58,3.88847
1388.37,3.45234
1397.51,2.93652
1403.36,2.42607
1407.38,1.93182
1410.65,1.40701
1414.88,0.604383
1415.61,0.49526
1416.05,0.449114
1416.45,0.428722
1416.58,0.427569
1416.84,0.43592
1417.16,0.469854
1417.42,0.522862
1417.71,0.616191
1417.95,0.727982
1418.21,0.89282
1418.48,1.13508
1418.74,1.43613
1418.99,1.8478
1419.24,2.37222
1419.46,3.00042
1419.7,3.8812
1419.92,4.9656
1420.14,6.42151
1420.33,8.13251
1420.52,10.435
1420.69,13.0814
1420.85,16.6102
1421.02,21.3753
1421.15,26.6388
1421.29,33.4685
1421.44,43.0006
1421.57,54.6328
1421.73,72.0883
1421.9,96.0679
1422.06,126.65
1422.24,170.601
1422.46,237.588
1422.75,349.095
1423.32,586.885
1423.57,664.131
1423.84,705.202
1423.92,706.811
1424.11,692.356
1424.4,625.394
1424.85,455.137
1425.25,305.553
1425.5,229.526
1425.72,177.752
1425.93,140.706
1426.13,112.995
1426.34,92.5985
1426.59,74.8973
1426.85,62.4305
1427.17,51.7657
1427.49,44.3954
1427.94,37.1169
1428.49,31.2272
1429.11,26.6781
1429.91,22.6335
1430.87,19.3504
1432.19,16.3667
1433.79,14.0529
1435.94,12.0875
1438.27,10.7201
1441.38,9.538
1445.76,8.50312
1453.07,7.52652
1464.77,6.72734
1484.94,6.08134
1521.66,5.56452
1634.02,4.84725
1636.55,4.89046
1637.43,5.07762
1637.71,5.31275
1637.99,5.80203
1638.2,6.4547
1638.41,7.47178
1638.65,9.14534
1638.88,11.5058
1639.16,15.3695
1639.79,25.0889
1640.09,28.288
1640.33,29.114
1640.59,28.1152
1640.9,24.64
1641.6,13.7341
1641.85,10.6874
1642.06,8.70683
1642.27,7.28001
1642.48,6.31508
1642.69,5.69884
1642.97,5.23759
1643.25,5.01445
1643.93,4.84302
1650.8,4.68165
1674.25,4.30876
1685.43,3.92763
1690.65,3.6034
1694.77,3.18963
1697.62,2.7443
1699.91,2.21466
1702.34,1.47037
1702.84,1.37016
1702.96,1.36451
1703.2,1.39606
1703.38,1.48087
1703.56,1.65561
1703.71,1.91047
1703.83,2.2256
1703.96,2.69745
1704.09,3.37337
1704.2,4.19044
1704.31,5.28401
1704.43,6.88511
1704.54,8.93821
1704.66,11.5651
1704.78,15.3692
1704.9,20.0589
1705.03,26.1725
1705.17,35.0807
1705.31,46.6974
1705.5,65.0432
1705.71,91.5662
1706.01,137.603
1706.56,229.01
1706.85,262.189
1707.12,274.009
1707.14,274.086
1707.4,264.486
1707.7,234.097
1708.49,116.395
1708.74,85.6757
1708.97,64.4671
1709.17,49.9951
1709.36,40.3109
1709.56,32.5007
1709.77,27.0181
1710.01,22.6613
1710.29,19.4007
1710.58,17.0812
1711.04,14.7935
1711.73,12.7034
1712.56,11.1499
1713.65,9.84435
1715.12,8.76628
1716.95,7.93586
1720.44,7.0519
1725.39,6.413
1732.72,5.93571
1749.74,5.45382
1792.01,5.015
1809.0,4.92495
1811.93,5.01425
1812.43,5.22872
1812.8,5.70553
1813.05,6.33613
1813.3,7.35606
1813.55,8.8345
1813.83,11.2332
1814.27,16.007
1814.68,20.56
1815.01,22.7805
1815.2,23.1476
1815.48,22.3485
1815.82,19.5648
1816.55,11.4861
1816.82,9.13358
1817.04,7.66269
1817.27,6.61758
1817.49,5.9222
1817.86,5.3115
1818.36,5.00715
1820.81,4.86038
1923.41,4.14213
1936.67,4.03205
1939.56,4.12741
1940.11,4.31539
1940.44,4.63878
1940.65,5.04468
1940.86,5.70996
1941.08,6.75702
1941.25,8.0245
1941.43,9.74165
1941.63,12.2359
1941.86,16.1323
1942.19,23.1077
1942.76,36.4226
1943.07,41.4572
1943.36,43.2069
1943.36,43.2067
1943.65,41.5058
1943.97,36.2752
1944.74,18.5434
1945.0,13.5502
1945.23,10.3508
1945.43,8.2775
1945.63,6.78724
1945.8,5.88493
1946.0,5.16499
1946.14,4.81431
1946.42,4.38481
1946.85,4.10878
1948.01,3.93413
1960.18,3.64076
1978.62,3.20132
1991.18,2.75175
2000.99,2.24059
2007.76,1.75561
2013.5,1.22776
2020.46,0.481696
2021.81,0.362952
2022.62,0.309965
2023.28,0.282692
2023.83,0.275217
2024.26,0.281833
2024.75,0.306229
2025.22,0.350195
2025.67,0.4177
2026.13,0.515679
2026.58,0.649865
2027.02,0.829935
2027.45,1.05997
2027.93,1.39114
2028.4,1.83105
2028.87,2.41487
2029.28,3.08198
2029.69,3.9424
2030.1,5.05987
2030.52,6.52544
2030.93,8.47275
2031.29,10.7466
2031.63,13.5749
2031.99,17.462
2032.3,22.1158
2032.61,28.4185
2032.89,35.8901
2033.15,45.5711
2033.39,57.2806
2033.63,72.7647
2033.87,93.2307
2034.12,120.079
2034.36,155.578
2034.63,204.665
2034.95,281.026
2035.39,410.614
2036.07,619.557
2036.49,706.876
2036.81,729.379
2037.17,705.611
2037.61,616.383
2038.6,343.156
2039.0,255.727
2039.35,198.084
2039.69,157.987
2040.03,127.994
2040.37,106.279
2040.81,86.5298
2041.33,70.7836
2041.87,59.25
2042.58,48.8762
2043.46,40.1257
2044.52,33.1139
2045.76,27.6382
2047.29,23.1197
2049.05,19.6422
2051.26,16.7348
2054.35,14.1227
2057.88,12.2313
2061.41,10.9659
2066.91,9.66278
2074.76,8.52077
2084.56,7.66277
2101.04,6.83933
2129.3,6.10883
2179.72,5.44972
2219.99,5.11182
2223.09,5.1953
2223.73,5.37925
2224.17,5.81046
2224.46,6.4516
2224.68,7.25842
2224.91,8.58924
2225.16,10.63
2225.4,13.4781
2225.69,17.9645
2226.16,27.197
2226.64,36.2627
2226.97,40.0467
2227.19,40.8352
2227.46,39.5723
2227.78,35.5404
2228.68,17.9336
2228.97,13.4462
2229.22,10.5064
2229.44,8.67834
2229.62,7.57055
2229.84,6.63872
2230.13,5.88435
2230.38,5.52813
2230.9,5.20366
2231.6,5.08438
2241.93,4.87476
2283.55,4.30012
2299.44,3.89304
2310.79,3.39052
2317.42,2.90577
2322.14,2.381
2325.45,1.86376
2328.2,1.30969
2330.49,0.810729
2331.22,0.697146
2331.7,0.665222
2331.79,0.665055
2332.17,0.694172
2332.45,0.758527
2332.74,0.876739
2332.95,1.01709
2333.17,1.21601
2333.38,1.49404
2333.58,1.86012
2333.74,2.27143
2333.91,2.81451
2334.07,3.53529
2334.24,4.49652
2334.4,5.78276
2334.54,7.22855
2334.69,9.08562
2334.83,11.4655
2334.97,14.5028
2335.14,19.2402
2335.31,25.4711
2335.48,33.3004
2335.67,44.8334
2335.86,60.0193
2336.09,82.712
2336.33,112.995
2336.67,166.564
2337.39,291.655
2337.76,338.868
2338.09,357.267
2338.16,357.838
2338.42,349.49
2338.75,318.354
2339.32,233.973
2339.81,158.486
2340.13,118.838
2340.42,90.893
2340.7,70.6309
2340.99,56.0541
2341.26,46.2018
2341.55,38.5277
2341.89,32.5051
2342.32,27.4758
2342.74,24.078
2343.4,20.4445
2344.23,17.4722
2345.22,15.111
2346.64,12.9298
2348.53,11.1294
2350.62,9.8829
2353.83,8.68627
2359.22,7.57011
2367.17,6.7198
2380.41,6.01299
2402.91,5.41995
2452.94,4.69211
2454.32,4.78596
2454.77,4.98505
2455.17,5.40131
2455.54,6.14772
2455.91,7.36951
2456.35,9.48751
2457.09,13.4638
2457.48,14.6859
2457.69,14.867
2458.04,14.3276
2458.46,12.5955
2459.26,8.25984
2459.58,6.89524
2459.95,5.81591
2460.26,5.25996
2460.63,4.88626
2461.18,4.66083
2462.44,4.5582
2504.33,3.77293
2523.96,3.17653
2535.98,2.61775
2543.99,2.09081
2550.05,1.56383
2555.21,1.00568
2559.62,0.493031
2560.87,0.372327
2561.62,0.316962
2562.18,0.288594
2562.75,0.275812
2563.12,0.278474
2563.59,0.297899
2564.06,0.339836
2564.48,0.401499
2564.9,0.49201
2565.33,0.61885
2565.74,0.786951
2566.14,1.00436
2566.55,1.297
2566.97,1.69128
2567.39,2.21087
2567.79,2.86011
2568.19,3.71131
2568.59,4.83728
2568.95,6.17376
2569.31,7.93665
2569.67,10.3031
2569.99,13.1329
2570.31,16.9528
2570.59,21.4577
2570.87,27.5064
2571.13,35.0445
2571.38,44.45
2571.62,56.8033
2571.87,72.9371
2572.15,96.6791
2572.42,126.95
2572.7,166.571
2573.05,228.14
2573.72,372.097
2574.28,484.818
2574.71,537.604
2574.98,547.885
2575.37,530.225
2575.85,464.287
2576.93,258.577
2577.36,193.673
2577.72,152.266
2578.07,122.1
2578.43,99.8655
2578.85,80.811
2579.33,65.8444
2579.81,55.4357
2580.46,45.6672
2581.24,37.7578
2582.09,31.8435
2583.09,26.9886
2584.29,22.9382
2585.82,19.4294
2587.62,16.6125
2590.14,14.0027
2592.87,12.1487
2596.87,10.3697
2601.88,8.95983
2608.89,7.70176
2618.91,6.54729
2650.16,3.98632
2658.46,3.08696
2664.17,2.27832
2668.59,1.502
2673.0,0.646365
2674.09,0.467188
2674.81,0.376114
2675.37,0.328812
2675.8,0.312554
2675.91,0.311981
2676.28,0.32248
2676.63,0.353875
2676.99,0.412883
2677.32,0.494766
2677.65,0.613667
2677.98,0.776477
2678.32,0.994022
2678.65,1.28022
2678.98,1.6532
2679.31,2.13685
2679.64,2.76325
2679.98,3.57626
2680.31,4.63711
2680.64,6.03329
2680.97,7.89288
2681.26,10.0487
2681.55,12.8939
2681.85,16.7041
2682.12,21.4524
2682.37,27.4023
2682.61,34.9285
2682.86,45.0531
2683.11,58.3776
2683.36,75.7532
2683.64,101.258
2683.92,134.171
2684.25,183.717
2684.67,260.887
2685.61,455.162
2686.02,515.27
2686.43,538.922
2686.5,538.957
2686.95,512.158
2687.49,432.576
2688.45,260.146
2688.87,199.767
2689.25,157.906
2689.61,127.801
2690.03,102.876
2690.42,86.1778
2690.88,71.8717
2691.4,60.7852
2692.02,51.3386
2692.77,43.4706
2693.56,37.8009
2694.14,35.1402
2694.79,34.0105
2695.59,35.3258
2696.37,36.7947
2696.94,35.5506
2697.7,30.5324
2698.55,24.4226
2699.12,21.7448
2699.88,19.7764
2701.25,18.0026
2704.52,15.4212
2708.85,13.3294
2714.63,11.6427
2723.06,10.2015
2733.51,9.16429
2749.58,8.25114
2775.07,7.4638
2808.74,6.94487
2811.04,7.0588
2811.59,7.30234
2812.14,7.95468
2812.62,9.10689
2813.1,10.9381
2814.01,15.2609
2814.48,16.6062
2814.73,16.8
2815.27,16.1363
2815.83,15.28
2816.1,15.6028
2816.33,16.6009
2816.62,19.0245
2816.9,22.7698
2817.23,28.9875
2818.06,47.4983
2818.44,53.1289
2818.75,54.6796
2819.08,52.8058
2819.45,46.93
2820.45,24.0591
2820.77,18.2382
2821.04,14.5618
2821.27,12.131
2821.51,10.3747
2821.8,8.94306
2822.14,7.97251
2822.59,7.34858
2823.27,7.0164
2825.58,6.78662
2855.59,6.38691
2916.39,5.74515
2930.43,5.41141
2939.38,5.00773
2940.12,5.1315
2940.54,5.42153
2940.96,6.08821
2941.28,7.04474
2941.59,8.45182
2941.91,10.4129
2942.37,14.2659
2943.07,20.5147
2943.47,22.8097
2943.74,23.2832
2944.08,22.5487
2944.44,20.2653
2945.49,10.673
2945.83,8.16843
2946.11,6.6564
2946.39,5.54899
2946.7,4.6869
2947.0,4.15854
2947.47,3.64625
2948.17,3.23132
2948.61,3.1336
2948.9,3.21645
2949.1,3.40261
2949.29,3.75692
2949.49,4.35642
2949.66,5.16019
2949.83,6.30984
2950.01,7.94196
2950.18,10.0756
2950.35,12.8543
2950.55,17.0431
2950.78,23.2314
2951.04,32.2703
2951.37,46.6171
2952.17,85.411
2952.56,98.884
2952.91,104.113
2952.97,104.231
2953.29,101.052
2953.63,91.3645
2954.39,59.4025
2954.82,42.314
2955.14,32.3364
2955.42,25.7214
2955.7,20.8726
2955.95,17.8662
2956.2,15.5446
2956.5,13.7268
2956.89,12.1779
2957.48,10.8488
2958.42,9.71598
2959.92,8.75386
2962.39,7.92854
2965.92,7.33748
2971.34,6.88371
2986.66,6.36408
3001.68,6.14159
3003.5,6.24266
3004.1,6.54142
3004.61,7.1811
3004.99,8.04659
3005.47,9.71482
3006.46,14.1008
3006.91,15.3067
3007.13,15.4618
3007.58,14.837
3008.07,13.0108
3008.89,9.3173
3009.28,7.9945
3009.66,7.12083
3010.16,6.46956
3010.77,6.15635
3011.77,6.03467
3060.1,5.38615
3074.61,5.00414
3084.99,4.46448
3090.18,3.96388
3093.79,3.40122
3096.31,2.809
3098.29,2.16699
3099.7,1.66495
3100.18,1.57321
3100.24,1.57214
3100.45,1.59917
3100.71,1.72698
3100.93,1.97375
3101.12,2.32847
3101.26,2.75038
3101.43,3.42296
3101.58,4.24981
3101.73,5.35286
3101.89,6.9898
3102.06,9.25369
3102.22,12.0204
3102.39,15.6944
3102.56,20.718
3102.77,28.3103
3102.99,38.3719
3103.24,52.5683
3103.56,74.848
3104.51,153.316
3104.89,176.073
3105.26,186.497
3105.37,186.929
3105.75,178.854
3106.2,154.347
3107.13,86.5042
3107.51,64.1881
3107.83,49.523
3108.12,39.7619
3108.38,33.3626
3108.66,27.9841
3109.02,23.3748
3109.44,19.9833
3109.94,17.3504
3110.62,15.1816
3111.47,13.471
3112.6,12.002
3114.58,10.4699
3117.14,9.358
3120.75,8.4781
3126.37,7.74728
3135.56,7.18919
3136.65,7.32465
3137.4,7.84124
3138.05,8.8727
3139.27,11.5667
3139.79,11.9947
3140.29,11.6028
3141.08,9.86078
3141.82,8.24564
3142.5,7.37588
3142.99,7.09172
3144.43,6.8761
3149.75,6.79202
3151.25,6.86022
3152.08,7.17943
3152.56,7.86064
3152.89,8.81407
3153.19,10.3066
3153.47,12.4176
3153.75,15.4072
3154.07,19.9512
3154.46,27.4079
3155.24,43.6391
3155.62,49.1669
3156.0,51.1835
3156.36,49.2704
3156.75,43.7122
3157.76,22.8824
3158.09,17.3625
3158.38,13.7212
3158.68,11.0715
3158.97,9.29241
3159.27,8.16778
3159.64,7.37569
3160.08,6.93456
3161.18,6.64781
3173.88,6.37873
3218.01,6.08578
3220.9,6.113
3222.0,6.23006
3222.69,6.61065
3223.12,7.23789
3223.5,8.26073
3223.86,9.82215
3224.22,12.0569
3224.77,16.5943
3225.39,21.9203
3225.83,24.413
3226.13,24.9497
3226.54,23.9421
3227.02,20.687
3227.94,12.7061
3228.33,10.1481
3228.67,8.52843
3229.02,7.45832
3229.36,6.80765
3229.71,6.43992
3230.53,6.11857
3236.64,5.97479
3238.62,5.96342
3240.67,6.03955
3241.6,6.36956
3242.67,7.29096
3243.57,7.97659
3243.83,8.02001
3244.48,7.74912
3245.97,6.40126
3246.44,6.15653
3247.74,5.92643
3286.24,5.55629
3287.17,5.6414
3287.81,5.96909
3288.29,6.65313
3288.66,7.67224
3289.03,9.29601
3289.44,11.8237
3290.18,18.0409
3290.6,21.2561
3291.02,23.2606
3291.25,23.576
3291.6,22.8883
3292.04,20.3603
3293.08,11.7081
3293.45,9.30655
3293.76,7.82256
3294.11,6.70862
3294.52,5.92301
3294.95,5.51195
3295.83,5.22207
3301.03,4.61165
3303.4,4.04102
3304.06,3.90555
3304.51,4.01422
3304.84,4.38957
3305.06,4.89509
3305.28,5.70714
3305.5,6.93338
3305.73,8.69306
3305.95,11.1052
3306.17,14.2716
3306.43,19.1201
3306.75,26.4818
3307.77,54.3054
3308.19,61.7929
3308.55,63.9512
3308.91,61.6671
3309.36,53.579
3310.34,30.1261
3310.7,23.0823
3311.04,18.1682
3311.34,15.0842
3311.63,12.9061
3312.0,11.1229
3312.45,9.86824
3313.04,8.97832
3313.93,8.30869
3315.81,7.6581
3317.1,7.50896
3317.86,7.72529
3318.27,8.20183
3318.59,8.97642
3318.91,10.3456
3319.19,12.2572
3319.45,14.7422
3319.72,18.2842
3320.04,23.8927
3320.48,33.6482
3321.18,50.6965
3321.61,57.8427
3321.97,59.8748
3322.31,57.9521
3322.74,50.8928
3323.79,26.0363
3324.15,19.2649
3324.44,14.9925
3324.7,12.3127
3324.95,10.3825
3325.21,9.04955
3325.55,7.94362
3325.94,7.26867
3326.34,6.94299
3327.12,6.6962
3330.42,6.45688
3348.51,6.14268
3432.75,5.84624
3464.98,5.80749
3483.46,5.91787
3487.21,6.20015
3488.37,6.53899
3488.99,7.0225
3489.4,7.71232
3489.7,8.62335
3490.01,10.0956
3490.26,11.9153
3490.51,14.4818
3490.76,17.9873
3491.06,23.4895
3491.39,31.7934
3491.8,44.6864
3492.68,75.0344
3493.1,84.7333
3493.45,87.3662
3493.82,84.2244
3494.22,74.807
3495.33,36.9253
3495.66,27.5794
3495.95,21.2352
3496.23,16.4385
3496.49,13.3567
3496.76,10.9397
3497.02,9.40583
3497.27,8.36443
3497.58,7.56031
3497.99,6.94915
3498.54,6.54177
3499.58,6.22332
3502.61,5.93797
3515.94,5.75782
3693.48,5.57058
3706.57,5.64123
3707.67,5.82476
3708.11,6.08244
3708.63,6.74175
3709.07,7.83594
3709.44,9.27983
3709.84,11.5496
3710.35,15.2672
3711.7,26.6246
3712.45,31.2265
3713.1,33.4985
3713.35,33.7665
3713.91,32.5973
3714.42,29.2483
3715.14,21.6828
3715.78,14.8693
3716.19,11.403
3716.57,9.15064
3716.94,7.63973
3717.34,6.64454
3717.78,6.0893
3718.47,5.74248
3721.35,5.5833
3751.14,5.53185
3769.72,5.63899
3772.65,5.87076
3773.53,6.19452
3774.01,6.68493
3774.39,7.47249
3774.73,8.69175
3775.01,10.3468
3775.3,12.7859
3775.56,15.9741
3775.86,20.6591
3776.19,27.5372
3776.65,39.8141
3777.43,62.2136
3777.84,70.615
3778.24,73.9138
3778.27,73.9277
3778.67,71.1095
3779.08,63.071
3780.19,31.6032
3780.56,23.0555
3780.86,17.8063
3781.15,13.857
3781.41,11.3347
3781.67,9.48075
3781.96,8.09353
3782.26,7.21061
3782.49,6.75221
3782.96,6.23295
3783.43,5.99046
3785.18,5.71209
3789.99,5.56009
3850.38,5.45433
3858.9,5.53635
3859.53,5.69759
3860.0,6.02243
3860.47,6.71574
3860.86,7.75126
3861.27,9.40471
3861.72,12.0134
3862.87,20.3319
3863.36,22.4027
3863.61,22.7037
3864.06,21.7872
3864.58,18.8645
3865.58,11.5303
3866.01,9.13013
3866.35,7.78386
3866.68,6.8544
3867.02,6.25664
3867.47,5.81476
3868.14,5.55864
3872.83,5.4473
3875.63,5.4439
3882.37,5.51586
3883.3,5.75302
3883.77,6.13983
3884.24,6.95318
3884.62,8.11519
3884.95,9.63309
3885.35,12.1561
3885.92,16.9973
3886.67,23.5003
3887.11,25.886
3887.42,26.4167
3887.8,25.6547
3888.22,23.1565
3889.43,12.6891
3889.8,10.1947
3890.17,8.36482
3890.54,7.13854
3890.88,6.42484
3891.23,5.99708
3891.91,5.62274
3893.35,5.47924
3900.67,5.43011
3903.73,5.49313
3904.62,5.76913
3905.15,6.23213
3905.66,7.03535
3906.32,8.68085
3907.29,11.4607
3907.84,12.2936
3908.0,12.3441
3908.51,11.8868
3909.1,10.462
3910.02,7.78518
3910.6,6.60064
3911.11,5.98403
3911.87,5.57675
3913.4,5.43302
4079.53,5.28717
4085.93,5.33948
4086.89,5.54062
4087.61,5.96653
4088.46,6.89351
4089.47,8.09492
4090.04,8.3375
4090.62,8.08641
4092.25,6.17104
4092.97,5.63991
4093.83,5.37803
4095.99,5.30293
4101.69,5.39596
4103.4,5.58047
4104.09,5.91145
4104.56,6.48212
4104.9,7.30703
4105.22,8.56145
4105.5,10.2576
4105.79,12.6732
4106.07,15.9662
4106.4,21.0454
4106.78,28.4774
4107.87,54.2583
4108.32,61.6243
4108.72,63.8838
4109.13,61.5378
4109.54,54.8583
4110.73,27.0492
4111.11,19.9263
4111.4,15.5747
4111.68,12.4484
4111.96,10.1491
4112.23,8.52649
4112.51,7.42363
4112.79,6.69831
4113.14,6.14753
4113.71,5.71489
4114.64,5.49369
4117.97,5.334
4145.23,5.23402
4149.96,5.2972
4150.72,5.49616
4151.23,5.85884
4151.74,6.57601
4152.25,7.79416
4152.87,9.97195
4153.67,13.1551
4154.18,14.5198
4154.54,14.8326
4154.98,14.3755
4155.52,12.7429
4156.64,8.37135
4157.09,7.09603
4157.6,6.14412
4158.11,5.62584
4158.62,5.38155
4159.63,5.24159
4172.19,5.20241
4176.69,5.26775
4177.46,5.45917
4177.97,5.78206
4178.48,6.37723
4179.05,7.4724
4180.28,10.5559
4180.86,11.3885
4181.07,11.4608
4181.6,11.0407
4182.34,9.38759
4183.17,7.30226
4183.77,6.24366
4184.28,5.70835
4185.09,5.33372
4186.77,5.2102
4189.07,5.20191
4196.38,5.30504
4197.29,5.50762
4197.86,5.92366
4198.29,6.58587
4198.69,7.69481
4199.0,9.06085
4199.36,11.2324
4199.77,14.5533
4200.4,21.1519
4201.06,28.0698
4201.55,31.3195
4201.86,31.9601
4202.27,30.8876
4202.7,27.7529
4203.93,14.792
4204.33,11.4607
4204.67,9.3201
4205.01,7.79649
4205.36,6.77968
4205.7,6.13935
4206.16,5.66783
4206.61,5.44384
4207.53,5.28812
4217.5,5.16015
4255.11,5.10517
4260.39,5.18209
4261.31,5.466
4261.82,5.92513
4262.24,6.62899
4262.71,7.8758
4263.22,9.86879
4264.43,15.6379
4264.92,17.024
4265.19,17.2445
4265.64,16.6709
4266.21,14.5475
4267.28,9.36394
4267.78,7.5616
4268.12,6.69157
4268.63,5.86333
4269.14,5.44086
4269.9,5.19953
4273.22,5.09441
4385.13,4.84915
4388.99,4.89142
4389.91,5.02228
4390.53,5.35057
4390.98,5.90857
4391.33,6.67663
4391.68,7.86507
4392.02,9.54548
4392.4,12.0629
4392.9,16.4163
4393.74,24.3702
4394.24,27.6776
4394.65,28.5737
4395.09,27.4681
4395.61,23.8601
4396.69,13.7166
4397.1,10.5662
4397.43,8.67526
4397.78,7.21991
4398.06,6.40755
4398.48,5.6332
4398.9,5.21862
4399.46,4.96988
4400.58,4.8406
4471.52,4.37081
4473.48,4.44743
4474.2,4.6745
4474.72,5.09295
4475.14,5.71143
4475.62,6.84177
4476.16,8.69759
4477.38,13.7915
4477.91,15.0466
4478.14,15.1795
4478.63,14.6028
4479.13,12.9625
4480.28,8.0478
4480.77,6.47592
4481.13,5.67895
4481.59,4.9923
4482.14,4.56927
4482.87,4.36761
4483.17,4.34897
4484.09,4.48376
4484.5,4.71436
4484.91,5.17027
4485.29,5.90976
4485.63,6.96755
4485.97,8.4969
4486.36,10.863
4486.83,14.645
4487.79,23.3676
4488.3,26.4724
4488.69,27.2527
4489.14,26.1918
4489.62,23.0621
4490.79,12.5882
4491.2,9.66787
4491.54,7.80267
4491.88,6.4545
4492.23,5.5389
4492.62,4.88512
4493.07,4.48305
4493.74,4.22713
4495.97,4.05942
4515.64,3.53821
4516.58,3.5832
4517.52,3.81539
4518.46,4.34477
4519.53,5.02184
4520.12,5.15747
4520.8,4.96728
4522.53,3.74568
4523.29,3.40345
4524.35,3.19563
4534.58,2.50016
4539.8,1.995
4543.98,1.46233
4549.62,0.591498
4550.62,0.467907
4551.14,0.423373
4551.71,0.400434
4552.08,0.405731
4552.5,0.438403
4552.86,0.495622
4553.16,0.572473
4553.47,0.68701
4553.8,0.856927
4554.13,1.09397
4554.42,1.37956
4554.72,1.75899
4555.02,2.28469
4555.3,2.93825
4555.58,3.80709
4555.87,4.96843
4556.12,6.33101
4556.37,8.10598
4556.62,10.4189
4556.87,13.4266
4557.12,17.3188
4557.4,23.0324
4557.68,30.5009
4557.97,40.0952
4558.28,53.6682
4558.62,72.541
4559.04,101.088
4559.73,158.855
4560.52,225.382
4561.02,255.441
4561.49,267.812
4561.57,268.208
4562.05,259.845
4562.61,231.151
4564.08,125.446
4564.6,95.7215
4565.07,75.4234
4565.52,61.0886
4565.99,50.2457
4566.55,41.2273
4567.15,34.8068
4567.77,30.2406
4568.4,27.2927
4569.03,25.855
4569.34,25.7581
4569.97,26.9021
4571.59,33.9848
4571.98,34.5492
4572.54,33.3674
4573.19,29.429
4574.38,20.1232
4574.88,17.2568
4575.36,15.3114
4575.99,13.7298
4577.01,12.517
4579.05,11.3884
4583.52,9.91135
4587.78,9.03608
4596.31,7.98194
4604.83,7.37631
4618.46,6.79771
4645.73,6.21385
4702.86,5.68974
4789.21,5.27693
4793.92,5.33377
4795.29,5.50626
4796.05,5.92906
4796.56,6.62343
4796.94,7.54716
4797.27,8.786
4797.62,10.6015
4798.04,13.5778
4798.61,18.8514
4799.48,27.774
4800.0,31.3786
4800.42,32.3936
4800.9,31.1453
4801.45,27.0317
4802.63,15.0979
4803.05,11.743
4803.45,9.33111
4803.79,7.91488
4804.21,6.74392
4804.6,6.08974
4805.02,5.69203
4805.59,5.43396
4806.71,5.26808
4816.13,5.0941
4849.24,4.79697
4850.76,4.83237
4851.76,5.02236
4852.23,5.30169
4852.7,5.86039
4853.06,6.57114
4853.48,7.84306
4853.89,9.69748
4854.36,12.5604
4855.58,21.3445
4856.07,23.66
4856.45,24.2489
4856.92,23.3857
4857.48,20.3877
4858.68,11.6267
4859.08,9.32107
4859.5,7.55115
4859.91,6.34725
4860.36,5.54186
4860.72,5.16477
4861.19,4.88206
4862.14,4.66732
4880.82,3.93622
4888.03,3.46474
4893.07,2.94158
4896.62,2.39524
4899.41,1.79934
4902.21,1.08753
4902.86,0.976194
4903.18,0.95936
4903.51,0.991784
4903.74,1.06283
4903.97,1.19306
4904.21,1.40695
4904.4,1.673
4904.59,2.04574
4904.79,2.57174
4904.99,3.27379
4905.18,4.20913
4905.39,5.52761
4905.59,7.20437
4905.82,9.62704
4906.04,12.7721
4906.29,17.2841
4906.54,23.0484
4906.83,31.4359
4907.16,43.8831
4907.57,62.8628
4908.36,106.82
4909.03,142.24
4909.5,158.613
4909.95,163.788
4910.37,159.105
4910.87,143.366
4912.34,74.4122
4912.85,55.8738
4913.27,43.9798
4913.7,35.4047
4914.12,29.3198
4914.54,25.0735
4915.02,21.815
4915.64,19.2362
4916.14,18.1526
4916.64,17.7971
4917.43,18.4879
4918.71,20.6135
4919.0,20.728
4919.7,19.8889
4920.58,16.9726
4921.68,12.962
4922.34,11.3204
4922.89,10.4739
4924.0,9.6172
4926.66,8.78833
4931.37,7.97136
4937.82,7.33167
4950.31,6.69633
4970.93,6.22766
4991.9,6.03602
4995.67,6.08756
4997.72,6.31307
4998.44,6.70514
4998.87,7.24669
4999.29,8.24621
4999.67,9.7373
4999.98,11.587
5000.34,14.514
5000.69,18.4784
5001.09,24.2995
5001.88,38.4338
5002.48,48.6838
5002.97,54.0531
5003.31,55.2054
5003.76,53.2705
5004.24,47.3982
5005.54,24.2914
5005.98,17.9726
5006.33,14.1234
5006.65,11.5659
5006.96,9.71034
5007.34,8.21182
5007.77,7.2037
5008.19,6.65377
5008.91,6.24871
5010.96,5.99006
5024.45,5.78666
5109.0,5.51054
5113.35,5.57191
5114.43,5.8603
5115.07,6.37138
5115.61,7.14013
5116.34,8.74323
5117.45,11.6145
5118.07,12.5289
5118.31,12.6071
5118.89,12.1237
5119.58,10.6067
5120.6,7.92554
5121.28,6.68247
5121.98,5.96491
5122.84,5.61476
5125.23,5.49668
5131.89,5.58893
5133.32,5.80238
5133.9,6.11331
5134.38,6.6908
5134.79,7.5689
5135.09,8.59365
5135.44,10.3308
5135.79,12.7968
5136.15,16.1805
5136.58,21.4141
5137.85,39.9674
5138.36,45.0342
5138.78,46.4061
5139.21,44.9193
5139.71,40.0422
5141.08,20.1089
5141.49,15.3228
5141.85,12.1922
5142.2,9.89528
5142.52,8.44947
5142.89,7.30335
5143.25,6.61618
5143.83,6.03536
5144.69,5.71784
5147.96,5.51489
5190.42,5.34797
5222.16,5.30518
5231.94,5.39075
5233.52,5.59255
5234.29,6.02224
5234.73,6.59178
5235.17,7.59924
5235.56,9.01101
5235.94,10.9733
5236.33,13.8162
5236.81,18.241
5237.93,30.3714
5238.49,34.5133
5238.92,35.5893
5239.39,34.3428
5239.96,29.9254
5241.17,16.8748
5241.65,12.7629
5242.06,10.1148
5242.44,8.38446
5242.82,7.21858
5243.3,6.3392
5243.81,5.84956
5244.76,5.5052
5247.81,5.33078
5277.4,5.21473
5282.56,5.29331
5283.25,5.43553
5283.94,5.85181
5284.46,6.55222
5284.89,7.55789
5285.34,9.16676
5285.85,11.7563
5287.19,20.5059
5287.76,22.9305
5288.14,23.461
5288.58,22.7847
5289.16,20.1214
5290.39,12.0461
5290.91,9.32999
5291.34,7.73955
5291.78,6.67235
5292.31,5.90081
5292.76,5.56343
5293.65,5.30198
5297.23,5.19494
5428.12,4.86614
5430.37,4.91128
5431.77,5.16496
5434.01,5.98374
5434.39,6.01552
5435.47,5.77751
5436.92,5.17901
5438.14,4.91246
5440.57,4.82337
5502.18,4.4736
5531.06,4.10136
5548.79,3.66337
5549.58,3.74525
5550.11,3.93326
5550.64,4.35627
5551.09,5.03869
5551.46,5.89384
5551.9,7.36246
5552.41,9.71645
5553.66,16.75
5554.21,18.8797
5554.65,19.447
5555.13,18.7638
5555.67,16.5588
5557.01,8.9089
5557.44,6.96556
5557.83,5.58767
5558.23,4.59953
5558.62,3.93321
5559.02,3.50573
5559.42,3.24002
5560.21,2.96855
5565.71,2.17161
5568.31,1.66564
5570.88,1.07281
5571.35,0.993333
5571.82,0.963089
5572.1,0.989705
5572.38,1.07275
5572.59,1.18922
5572.84,1.40861
5573.04,1.68458
5573.24,2.06058
5573.44,2.57366
5573.64,3.26077
5573.84,4.18099
5574.05,5.39857
5574.26,7.06664
5574.5,9.43668
5574.74,12.4868
5575.0,16.866
5575.28,22.7329
5575.6,31.0134
5575.98,43.6103
5576.55,66.0968
5577.48,106.301
5578.0,123.031
5578.51,130.731
5578.65,131.147
5579.17,126.335
5579.68,113.139
5581.14,60.4967
5581.66,45.691
5582.1,35.8884
5582.55,28.699
5582.95,24.0972
5583.4,20.415
5583.98,17.3149
5584.69,15.2116
5585.21,14.4403
5585.65,14.2314
5586.09,14.3685
5587.98,16.3966
5588.13,16.4239
5588.82,15.9043
5589.63,14.1331
5590.99,10.5066
5591.8,9.08643
5592.72,8.23551
5593.65,7.82127
5596.96,7.11941
5602.87,6.4205
5610.87,5.87304
5631.54,5.0912
5653.64,4.33486
5662.87,3.83479
5670.31,3.25889
5671.39,3.37756
5672.35,3.74145
5673.69,4.39735
5674.22,4.48499
5674.88,4.33048
5675.62,3.83784
5677.05,2.62727
5677.75,2.18092
5678.55,1.81732
5679.88,1.38968
5680.94,1.11884
5681.55,1.0224
5681.71,1.01344
5682.03,1.02964
5682.35,1.11361
5682.57,1.23034
5682.79,1.41516
5683.01,1.69155
5683.23,2.08974
5683.45,2.64796
5683.65,3.36031
5683.85,4.26845
5684.08,5.64478
5684.32,7.5203
5684.56,10.0066
5684.8,13.2495
5685.05,17.4692
5685.33,23.4158
5685.65,31.9561
5686.05,45.3538
5686.55,66.2234
5687.67,116.888
5688.25,135.471
5688.77,142.197
5688.82,142.263
5689.26,138.666
5689.8,125.597
5691.43,64.6612
5691.97,48.974
5692.43,38.9696
5692.88,31.6719
5693.39,25.9239
5693.97,21.5613
5694.64,18.4037
5695.43,15.9996
5696.63,13.7676
5698.29,11.9027
5700.62,10.3563
5703.68,9.16619
5707.67,8.25373
5712.99,7.53599
5723.09,6.8082
5730.37,6.53288
5731.93,6.65743
5732.55,6.95253
5733.17,7.64017
5733.63,8.57044
5734.15,10.2173
5734.79,13.1267
5735.97,19.5656
5736.52,21.5244
5736.94,22.0052
5737.41,21.3758
5737.95,19.3324
5739.4,11.4884
5739.97,9.21373
5740.51,7.8162
5740.81,7.28732
5741.42,6.65317
5742.03,6.3682
5744.01,6.1667
5745.52,6.14342
5747.06,6.33011
5747.85,6.80321
5748.53,7.67653
5749.27,9.24745
5750.56,12.6843
5751.23,13.699
5751.48,13.7819
5752.02,13.3757
5752.78,11.7214
5753.96,8.52589
5754.67,7.21385
5755.35,6.49619
5756.11,6.12612
5757.13,5.96641
5787.49,5.5761
5892.29,4.76413
5912.84,4.4545
5928.15,3.99753
5934.86,3.61087
5940.02,3.0996
5943.16,2.59158
5945.52,2.02908
5946.73,1.70857
5947.33,1.62402
5947.63,1.64783
5947.93,1.75587
5948.21,1.96921
5948.41,2.23224
5948.65,2.69126
5948.86,3.2539
5949.09,4.10741
5949.31,5.2398
5949.53,6.72951
5949.79,8.91786
5950.03,11.634
5950.32,15.8005
5950.66,21.9501
5951.05,30.8652
5951.59,46.1943
5952.61,76.5707
5953.15,87.9293
5953.66,92.5069
5953.72,92.581
5954.26,89.0541
5954.83,78.56
5956.22,43.4535
5956.73,33.0787
5957.13,26.7356
5957.56,21.6688
5957.99,18.0404
5958.47,15.2936
5959.0,13.2439
5959.76,11.4907
5960.83,10.0633
5962.21,8.99309
5963.75,8.2296
5965.82,7.56426
5969.26,6.88472
5975.11,6.25038
5982.33,5.81703
6003.21,5.17382
6039.82,4.31301
6052.44,3.84236
6061.9,3.2924
6067.82,2.77605
6072.06,2.26136
6075.51,1.71019
6079.11,0.997649
6080.63,0.702391
6081.3,0.605919
6081.78,0.566393
6082.09,0.561139
6082.38,0.577236
6082.67,0.620263
6082.95,0.69976
6083.24,0.828949
6083.51,1.01399
6083.74,1.24211
6083.99,1.55957
6084.23,1.98858
6084.47,2.56283
6084.71,3.32522
6084.95,4.32929
6085.21,5.73255
6085.45,7.41656
6085.71,9.86812
6085.98,13.0447
6086.26,17.3528
6086.53,22.6097
6086.83,29.7615
6087.17,40.1828
6087.56,54.9767
6088.11,79.9765
6089.35,144.578
6090.0,168.887
6090.52,177.453
6090.67,177.809
6091.18,172.108
6091.87,150.365
6093.39,85.2871
6093.98,65.2143
6094.53,51.3309
6095.06,41.4335
6095.59,34.4672
6096.17,29.0678
6096.84,24.8633
6097.68,21.3497
6098.77,18.342
6100.16,15.8713
6101.83,13.9036
6104.3,12.0612
6107.25,10.7004
6109.6,10.1527
6110.33,10.3533
6110.89,10.9072
6111.44,12.0814
6112.0,14.1588
6112.54,17.2037
6113.4,23.8825
6114.2,29.9833
6114.78,32.5962
6115.09,32.9806
6115.66,31.6677
6116.31,27.5781
6117.59,17.0511
6118.16,13.4732
6118.68,11.2192
6119.19,9.81531
6119.81,8.87623
6120.66,8.30687
6122.63,7.93298
6127.85,7.49442
6139.83,6.89948
6160.79,6.34892
6203.89,5.80489
6212.27,5.74573
6214.63,5.87781
6215.34,6.1446
6216.05,6.75465
6216.64,7.66791
6217.34,9.27856
6218.65,12.9311
6219.33,14.0046
6219.59,14.0986
6220.21,13.5799
6220.92,11.9363
6222.13,8.5362
6222.72,7.31389
6223.24,6.5916
6223.9,6.05519
6224.79,5.76026
6228.33,5.6195
6307.04,4.98757
6327.29,4.66631
6338.73,4.3072
6345.19,3.92803
6349.59,3.47618
6352.34,3.0171
6354.65,2.44121
6355.64,2.20405
6355.97,2.17929
6356.3,2.22415
6356.63,2.38592
6356.88,2.61771
6357.16,3.06186
6357.4,3.6424
6357.64,4.46319
6357.89,5.58422
6358.16,7.27805
6358.44,9.62595
6358.75,12.9764
6359.1,17.8635
6359.51,25.2273
6360.1,38.0695
6361.08,60.7831
6361.64,69.8697
6362.18,73.5197
6362.25,73.5656
6362.74,71.18
6363.33,63.1438
6364.79,34.9092
6365.29,27.1251
6365.73,21.8678
6366.21,17.7004
6366.67,14.9124
6367.13,13.0036
6367.68,11.491
6368.23,10.5025
6369.4,9.25748
6370.72,8.45717
6372.48,7.7892
6375.42,7.124
6378.35,6.71969
6386.57,6.11788
6400.66,5.66328
6426.71,5.30438
6429.56,5.36102
6430.52,5.52873
6431.24,5.93973
6431.72,6.53573
6432.2,7.58561
6432.66,9.16969
6433.11,11.5022
6433.6,15.0359
6434.31,21.5659
6435.17,29.8897
6435.75,33.7499
6436.25,34.9085
6436.72,33.8616
6437.27,30.3375
6438.8,15.7947
6439.26,12.2705
6439.71,9.71691
6440.13,8.00869
6440.49,7.0003
6440.97,6.14564
6441.45,5.66874
6442.08,5.36667
6443.33,5.17689
6455.86,4.93871
6498.22,4.36493
6522.61,3.90688
6525.1,3.98379
6526.09,4.22374
6526.66,4.6094
6527.14,5.24798
6527.55,6.20537
6527.91,7.45942
6528.27,9.24322
6528.65,11.8539
6529.06,15.6246
6529.56,21.558
6530.94,40.6813
6531.52,46.1341
6531.99,47.5951
6532.49,45.9389
6533.0,41.1773
6533.93,28.3653
6534.57,19.512
6535.04,14.277
6535.41,11.0986
6535.77,8.67795
6536.14,6.91695
6536.46,5.81406
6536.83,4.94196
6537.2,4.36973
6537.75,3.86893
6538.3,3.60691
6539.04,3.42269
6541.4,3.14548
6551.77,2.28265
6557.28,1.69403
6561.99,1.06828
6565.58,0.564429
6566.71,0.434237
6567.46,0.371015
6568.09,0.341941
6568.38,0.33851
6568.82,0.348828
6569.25,0.382549
6569.67,0.442331
6570.07,0.533956
6570.43,0.651426
6570.81,0.826313
6571.17,1.04359
6571.55,1.36063
6571.93,1.77824
6572.26,2.25842
6572.59,2.87935
6572.92,3.68438
6573.25,4.73109
6573.58,6.09563
6573.9,7.82874
6574.25,10.3279
6574.61,13.6406
6574.96,18.001
6575.32,23.6798
6575.71,31.8902
6576.1,42.474
6576.53,57.2192
6577.08,80.8835
6577.9,124.354
6578.93,180.903
6579.59,206.621
6580.18,217.092
6580.29,217.516
6580.78,213.542
6581.41,196.377
6582.68,140.255
6583.6,101.071
6584.28,78.5406
6584.91,63.1046
6585.59,51.1665
6586.28,42.5977
6587.02,36.1721
6587.96,30.5139
6589.1,25.9259
6590.42,22.2841
6591.99,19.3079
6593.87,16.8538
6596.52,14.563
6599.53,12.8431
6603.89,11.2391
6610.57,9.77921
6613.95,9.38146
6615.12,9.66331
6615.83,10.3399
6616.54,11.7298
6617.26,14.0918
6618.73,20.1111
6619.41,21.6857
6619.68,21.8377
6620.22,21.2388
6620.94,18.9011
6622.32,12.9393
6622.91,11.0452
6623.6,9.59594
6624.43,8.71542
6625.36,8.32657
6629.97,7.90377
6647.66,7.14854
6676.32,6.51764
6739.31,5.84625
6801.95,5.41447
6804.49,5.51757
6805.32,5.77173
6806.03,6.28223
6806.76,7.27021
6807.58,8.94697
6808.79,11.7526
6809.49,12.638
6809.74,12.7083
6810.43,12.191
6811.25,10.5353
6812.49,7.65713
6813.23,6.48923
6813.79,5.94361
6814.59,5.54093
6815.65,5.35967
6869.5,4.85576
6871.65,4.97141
6872.55,5.31694
6873.16,5.8985
6873.66,6.77268
6874.16,8.14594
6874.69,10.2281
6875.37,13.8129
6876.53,20.4491
6877.13,22.603
6877.54,23.0663
6878.09,22.238
6878.75,19.4148
6880.15,11.3261
6880.7,8.80099
6881.21,7.16576
6881.71,6.08026
6882.21,5.41828
6882.82,4.9926
6883.42,4.79398
6884.63,4.66064
6912.96,4.16017
6914.87,4.18851
6916.37,4.33671
6917.03,4.56384
6917.52,4.92353
6918.01,5.59749
6918.43,6.55418
6918.81,7.92661
6919.18,9.80901
6919.54,12.3857
6919.95,16.2364
6920.42,21.7838
6921.18,33.1875
6922.0,45.3345
6922.58,51.1444
6923.06,52.7441
6923.6,50.7164
6924.15,45.0033
6925.71,21.583
6926.2,15.6453
6926.61,11.9162
6926.97,9.35811
6927.34,7.48773
6927.66,6.31192
6928.02,5.37384
6928.48,4.63465
6929.03,4.14389
6929.58,3.8872
6930.68,3.65418
6933.07,3.45528
6933.87,3.45161
6934.59,3.55317
6935.07,3.75501
6935.55,4.1664
6935.96,4.79638
6936.34,5.67586
6936.74,7.02961
6937.13,8.90581
6937.58,11.6985
6938.17,16.3941
6939.28,26.1084
6939.89,29.7193
6940.39,30.7274
6940.94,29.5064
6941.5,26.0529
6943.01,12.9848
6943.51,9.5778
6943.91,7.44184
6944.28,5.96204
6944.65,4.88428
6944.96,4.22039
6945.39,3.61658
6945.92,3.16818
6946.34,2.95808
6947.18,2.72808
6950.56,2.30563
6957.6,1.49147
6964.6,0.560251
6965.84,0.425608
6966.74,0.354797
6967.3,0.328931
6967.68,0.322391
6968.13,0.328859
6968.58,0.35479
6969.0,0.401334
6969.42,0.474906
6969.85,0.582433
6970.26,0.728976
6970.68,0.932659
6971.07,1.18531
6971.47,1.51527
6971.86,1.9447
6972.26,2.50328
6972.67,3.27108
6973.04,4.18367
6973.42,5.36724
6973.8,6.9084
6974.17,8.92117
6974.55,11.5533
6974.92,14.9906
6975.3,19.4594
6975.67,25.2217
6976.09,33.6053
6976.54,44.9267
6976.99,59.5676
6977.51,80.7818
6978.34,121.861
6979.55,185.847
6980.2,210.736
6980.91,223.247
6981.04,223.634
6981.63,217.993
6982.49,191.778
6984.4,111.696
6985.16,86.9459
6985.9,69.0186
6986.65,56.0588
6987.37,47.2877
6988.19,40.041
6989.3,33.3841
6990.65,27.9978
6992.38,23.4894
6994.25,20.2355
6996.51,17.5843
6999.81,15.0461
7004.01,13.0275
7009.31,11.4391
7017.75,9.94417
7027.89,8.91459
7042.15,8.07058
7064.67,7.32617
7139.75,5.9904
7152.71,5.49404
7158.41,5.01173
7161.98,4.42689
7164.65,3.76031
7164.95,3.74318
7165.4,3.83088
7165.78,4.09301
7166.14,4.57969
7166.44,5.23993
7166.73,6.20431
7167.03,7.54524
7167.33,9.33209
7167.66,11.9331
7168.04,15.6684
7168.52,21.7018
7169.97,43.0341
7170.57,49.1798
7171.13,51.4207
7171.21,51.4233
7171.75,49.5193
7172.44,43.1319
7173.82,26.3776
7174.39,20.8668
7174.96,16.805
7175.5,14.1543
7176.09,12.2579
7176.84,10.849
7177.91,9.77379
7179.33,9.02277
7181.23,8.44521
7185.99,7.71339
7194.54,7.16443
7215.1,6.69062
7275.48,6.26575
7478.36,5.81385
7628.97,5.62282
7635.14,5.64389
7637.14,5.76657
7638.09,6.10393
7638.81,6.77133
7639.35,7.72792
7639.87,9.12817
7640.39,11.0977
7641.13,14.8667
7642.27,21.1956
7642.94,23.5577
7643.39,24.0485
7643.96,23.2584
7644.49,21.2742
7646.19,12.0498
7646.79,9.5459
7647.33,7.95839
7647.87,6.92896
7648.42,6.31767
7649.07,5.93715
7650.37,5.69378
7671.73,5.56759
7890.06,5.15276
7948.78,4.84413
7970.8,4.58196
7987.57,4.154
7994.54,3.78752
7998.4,3.44775
8001.76,2.97252
8004.15,2.49821
8004.71,2.45149
8005.11,2.49843
8005.44,2.62207
8005.84,2.9456
8006.16,3.39952
8006.48,4.09179
8006.81,5.09058
8007.13,6.46686
8007.45,8.28689
8007.8,10.8362
8008.24,14.884
8008.78,21.1021
8010.12,38.3125
8010.76,44.1234
8011.35,46.3066
8011.43,46.3255
8011.98,44.8018
8012.7,39.0796
8014.25,22.2848
8014.87,16.9822
8015.38,13.671
8015.93,11.1402
8016.5,9.3943
8017.14,8.11432
8017.95,7.14354
8019.09,6.3321
8021.53,5.27528
8025.88,3.72477
8026.58,3.58525
8027.11,3.66104
8027.46,3.87749
8027.81,4.30089
8028.16,5.01273
8028.51,6.10747
8028.86,7.68515
8029.21,9.83985
8029.58,12.8329
8030.03,17.3809
8030.6,24.6443
8031.89,42.8786
8032.52,49.1865
8033.09,51.5736
8033.18,51.6292
8033.77,49.9105
8034.39,44.841
8036.01,26.2048
8036.69,20.1306
8037.25,16.437
8037.81,13.8445
8038.34,12.1853
8039.04,10.7593
8039.92,9.70908
8041.18,8.85121
8042.86,8.17859
8046.51,7.37454
8050.72,6.87449
8060.83,6.27588
8076.55,5.85324
8125.23,5.27947
8176.6,4.74093
8201.44,4.26998
8213.0,3.89526
8222.63,3.40369
8228.83,2.91765
8233.87,2.34368
8237.24,1.81752
8240.72,1.13472
8242.19,0.846512
8242.88,0.748768
8243.31,0.716854
8243.56,0.715244
8243.95,0.749214
8244.21,0.80541
8244.53,0.9288
8244.78,1.08451
8245.04,1.30769
8245.29,1.61072
8245.54,2.02087
8245.82,2.62057
8246.08,3.39764
8246.36,4.46875
8246.63,5.83764
8246.91,7.67942
8247.23,10.3804
8247.54,13.7313
8247.87,18.0873
8248.24,24.4568
8248.67,33.5664
8249.2,47.6678
8250.16,78.0792
8251.13,108.17
8251.82,121.953
8252.4,126.079
8252.99,122.642
8253.69,110.326
8255.58,61.7214
8256.29,47.3456
8256.92,37.7273
8257.56,30.6908
8258.21,25.7701
8258.89,22.1372
8259.75,19.0741
8260.82,16.5618
8262.23,14.4106
8263.94,12.7099
8266.68,11.0037
8270.58,9.58323
8275.93,8.47081
8282.78,7.6516
8293.48,6.92068
8312.75,6.2017
8344.57,5.33639
8358.24,4.72582
8364.31,4.22497
8368.67,3.61951
8371.45,3.00057
8373.63,2.41909
8373.98,2.3816
8374.51,2.45164
8374.87,2.64287
8375.21,2.99813
8375.53,3.55984
8375.81,4.28861
8376.1,5.2983
8376.39,6.70581
8376.69,8.62184
8377.05,11.5408
8377.42,15.5304
8377.88,21.6296
8378.48,31.7345
8379.78,55.5222
8380.45,64.3441
8381.07,67.7466
8381.19,67.8159
8381.78,65.3926
8382.48,57.7596
8384.09,33.9755
8384.7,26.7662
8385.31,21.3438
8385.89,17.6407
8386.54,14.9042
8387.35,12.7955
8388.25,11.4103
8389.52,10.2614
8391.54,9.20317
8394.48,8.33537
8398.52,7.65757
8406.62,6.95827
8421.2,6.3736
8484.6,5.08678
8497.67,4.59697
8504.82,4.13715
8510.11,3.57436
8513.22,3.0474
8516.21,2.37414
8516.6,2.34537
8516.99,2.38589
8517.38,2.54138
8517.67,2.77145
8518.01,3.2139
8518.3,3.79043
8518.6,4.5997
8518.89,5.6932
8519.23,7.41901
8519.58,9.75968
8519.98,13.1422
8520.46,18.3117
8521.19,27.9218
8522.26,42.4714
8522.92,48.7058
8523.54,50.8621
8524.14,49.2045
8524.88,42.9185
8526.55,23.6337
8527.16,18.0949
8527.71,14.235
8528.28,11.4557
8528.88,9.39925
8529.51,7.95977
8530.24,6.82902
8531.29,5.72099
8532.76,4.56941
8533.7,4.03195
8534.32,3.90689
8534.8,4.08863
8535.14,4.45018
8535.47,5.08784
8535.8,6.08966
8536.13,7.49995
8536.44,9.36413
8536.81,12.2635
8537.18,16.1528
8537.62,21.9418
8538.25,32.1655
8539.6,56.9754
8540.26,65.491
8540.85,68.9752
8540.98,69.1218
8541.61,66.7835
8542.36,58.6567
8544.03,34.6161
8544.66,27.5924
8545.28,22.3799
8545.86,19.0005
8546.59,16.1405
8547.5,13.9958
8548.41,12.7018
8549.98,11.3625
8552.59,10.1046
8556.14,9.14849
8559.69,8.56432
8568.04,7.78705
8582.24,7.1607
8606.34,6.68208
8655.97,6.30225
8660.38,6.34171
8662.45,6.53346
8663.46,7.00342
8664.12,7.78123
8664.71,9.04237
8665.16,10.5559
8665.62,12.7078
8666.17,16.1962
8666.89,22.1114
8668.06,32.5809
8668.78,37.0508
8669.34,38.2252
8669.97,36.7879
8670.62,32.627
8672.26,18.1478
8672.87,13.8099
8673.42,10.973
8673.88,9.31106
8674.39,8.09071
8674.89,7.32914
8675.56,6.77398
8676.56,6.43995
8680.04,6.2405
8750.09,5.94371
9029.65,5.36273
9036.18,5.40323
9038.43,5.54084
9039.52,5.87882
9040.25,6.48603
9040.79,7.35503
9041.27,8.58314
9041.77,10.4741
9042.27,13.1273
9042.82,17.042
9043.68,24.6588
9044.74,34.3178
9045.43,38.2381
9045.91,39.0851
9046.56,37.5277
9047.18,33.4818
9048.95,17.4141
9049.5,13.4968
9049.95,10.9731
9050.4,9.09389
9050.92,7.61776
9051.44,6.68333
9052.13,5.99342
9053.16,5.57422
9055.55,5.36289
9111.4,4.76436
9129.33,4.35606
9139.92,3.87311
9146.04,3.3729
9149.97,2.85756
9152.69,2.34065
9155.54,1.66631
9156.23,1.59603
9156.71,1.65923
9157.09,1.83124
9157.38,2.06763
9157.67,2.45185
9157.95,2.95933
9158.22,3.65827
9158.49,4.59349
9158.77,5.88346
9159.1,7.81906
9159.43,10.3297
9159.78,13.8233
9160.22,19.2302
9160.74,27.4697
9161.56,43.0807
9162.58,63.0618
9163.27,72.8713
9163.86,76.6927
9164.08,76.9237
9164.61,74.8022
9165.35,66.7601
9167.17,38.0573
9167.83,29.6387
9168.39,24.244
9168.93,20.312
9169.61,16.8741
9170.29,14.6027
9171.07,12.9067
9172.36,11.2011
9173.9,9.99704
9176.46,8.82168
9179.85,7.92028
9184.74,7.16558
9194.79,6.31563
9212.17,5.20971
9216.86,4.71278
9220.38,4.09703
9223.11,3.44088
9223.5,3.41991
9224.09,3.55435
9224.48,3.83166
9224.87,4.34326
9225.26,5.17954
9225.6,6.25726
9225.94,7.72999
9226.35,10.0521
9226.78,13.3718
9227.3,18.349
9228.17,28.7664
9229.17,40.6208
9229.86,46.0394
9230.49,47.809
9231.05,46.5471
9231.8,41.4543
9233.6,24.2271
9234.31,18.9974
9234.95,15.6092
9235.59,13.2947
9236.39,11.4811
9237.33,10.2622
9238.89,9.20841
9241.16,8.42134
9245.61,7.64403
9252.49,7.07997
9266.86,6.5694
9294.54,6.17937
9384.34,5.72678
9493.59,5.25682
9527.05,4.87073
9540.89,4.52052
9549.25,4.14309
9555.74,3.64602
9559.92,3.12575
9562.8,2.59494
9566.27,1.75789
9566.87,1.6932
9567.27,1.72803
9567.68,1.87262
9568.02,2.1296
9568.31,2.47612
9568.6,2.98205
9568.89,3.69099
9569.19,4.68031
9569.49,6.03018
9569.79,7.78582
9570.13,10.341
9570.51,13.9614
9570.93,19.0648
9571.46,26.9569
9572.26,41.8603
9573.42,63.7036
9574.16,73.2958
9574.78,76.5151
9574.89,76.5654
9575.46,74.3884
9576.24,66.0341
9578.07,38.3298
9578.78,29.8311
9579.47,23.6742
9580.05,20.0025
9580.77,16.8361
9581.49,14.7566
9582.59,12.7987
9583.68,11.5938
9585.88,10.1502
9588.76,9.08081
9591.64,8.42668
9596.83,7.71806
9602.02,7.29527
9613.56,6.7745
9637.78,6.30443
9699.24,5.90339
9727.1,5.83074
9735.02,5.92414
9736.39,6.1574
9737.24,6.63334
9737.87,7.37555
9738.47,8.59362
9738.95,10.0685
9739.54,12.6784
9740.18,16.4105
9742.01,29.6444
9742.75,32.9338
9743.22,33.5652
9743.86,32.4088
9744.58,28.6764
9746.32,16.0452
9746.9,12.6678
9747.41,10.3891
9747.92,8.73969
9748.47,7.55933
9749.15,6.69471
9749.84,6.25504
9750.86,5.98381
9754.68,5.81359
9971.61,5.20102
10003.5,4.94089
10019.1,4.64081
10028.3,4.26006
10033.6,3.82977
10036.4,3.45975
10040.1,2.72743
10040.5,2.70352
10041.1,2.79922
10041.5,3.01301
10041.9,3.41599
10042.2,3.98401
10042.6,4.73448
10042.9,5.88344
10043.3,7.42938
10043.7,9.77204
10044.1,12.9175
10044.7,18.2604
10045.6,29.4259
10046.6,40.1833
10047.3,45.5456
10048.0,47.291
10048.6,45.8863
10049.4,40.6921
10051.2,23.9857
10051.9,18.5041
10052.6,14.9295
10053.3,12.7423
10054.0,10.9652
10054.8,9.82332
10056.0,8.91581
10057.7,8.10897
10060.7,7.37635
10063.8,6.95688
10070.8,6.42847
10085.0,5.9818
10120.0,5.58473
10207.4,4.97404
10231.9,4.53923
10242.1,4.14475
10249.0,3.65368
10253.2,3.14098
10256.0,2.60408
10258.4,2.05545
10259.0,1.97803
10259.2,1.97596
10259.6,2.03111
10260.1,2.22775
10260.4,2.53983
10260.7,2.97114
10261.0,3.59573
10261.4,4.48445
10261.7,5.68379
10262.0,7.43297
10262.4,9.82095
10262.8,12.9957
10263.2,17.6319
10263.8,24.9649
10265.6,51.9907
10266.3,59.9353
10267.0,62.8593
10267.1,62.9322
10267.8,60.2686
10268.7,51.9365
10270.3,32.0329
10271.1,24.6729
10271.8,20.1141
10272.4,16.5944
10273.2,14.1083
10274.1,12.1802
10275.2,10.8137
10277.1,9.49956
10279.7,8.53276
10284.1,7.62752
10288.0,7.1841
10298.2,6.55395
10315.5,6.092
10355.9,5.67396
10453.5,5.25215
10460.0,5.32432
10461.5,5.54704
10462.4,5.95459
10463.0,6.64234
10463.6,7.69071
10464.2,9.33217
10464.8,11.4433
10465.4,14.7141
10466.5,22.3674
10467.4,27.9541
10468.1,31.0837
10468.6,31.7197
10469.3,30.6337
10470.1,26.8381
10471.9,14.9234
10472.5,11.5991
10473.0,9.44011
10473.6,7.88632
10474.1,6.8367
10474.6,6.16713
10475.3,5.66621
10476.0,5.4238
10477.8,5.23621
10495.4,5.04644
10573.3,4.5537
10578.0,4.67685
10579.3,4.92742
10580.0,5.3292
10580.5,5.88454
10581.1,6.80536
10581.5,8.04421
10582.0,9.81858
10582.5,12.2961
10583.1,16.2628
10583.8,22.3962
10585.4,38.4021
10586.1,43.0278
10586.7,44.3547
10587.4,42.6791
10588.1,37.2413
10589.9,19.3025
10590.6,14.2561
10591.1,11.1037
10591.6,8.78684
10592.0,7.48535
10592.6,6.28744
10593.1,5.53797
10593.9,4.95212
10594.9,4.61941
10597.4,4.3663
10615.9,3.8443
10632.8,3.31
10643.4,2.80616
10651.4,2.26045
10657.3,1.71758
10662.1,1.17017
10667.1,0.540567
10668.3,0.411038
10669.2,0.351405
10669.8,0.329996
10670.0,0.328923
10670.5,0.339575
10670.9,0.369696
10671.3,0.424854
10671.7,0.495706
10672.1,0.594744
10672.4,0.738151
10672.8,0.931725
10673.2,1.1893
10673.6,1.52913
10674.0,1.97453
10674.4,2.55596
10674.7,3.31228
10675.1,4.29292
10675.5,5.55875
10675.9,7.38981
10676.3,9.78629
10676.8,12.8866
10677.2,17.2934
10677.7,23.5229
10678.2,31.4589
10678.8,43.0486
10679.6,61.4961
10681.6,116.455
10682.5,134.282
10683.3,140.544
10683.4,140.641
10684.2,136.59
10685.1,121.816
10687.4,71.9938
10688.4,55.2899
10689.4,43.9868
10690.3,36.083
10691.4,29.9702
10692.6,25.5072
10694.0,21.8619
10695.8,18.741
10698.3,15.8576
10700.8,13.9685
10704.1,12.3122
10709.0,10.7372
10715.7,9.43093
10724.2,8.43319
10737.7,7.50431
10755.5,6.80046
10797.8,5.84738
10838.6,5.00853
10856.4,4.43745
10869.0,3.7896
10877.0,3.13934
10882.6,2.48674
10886.7,1.84732
10892.1,0.825981
10893.0,0.699049
10893.6,0.653746
10893.8,0.651845
10894.1,0.664673
10894.5,0.706529
10894.8,0.786996
10895.1,0.907305
10895.4,1.07679
10895.8,1.34406
10896.1,1.69366
10896.4,2.17588
10896.7,2.8474
10897.0,3.70871
10897.4,4.82713
10897.7,6.42432
10898.1,8.48868
10898.5,11.3832
10898.9,15.0667
10899.3,20.511
10899.8,28.4045
10900.4,39.4782
10901.2,58.988
10902.7,94.9468
10903.5,110.029
10904.3,116.514
10904.6,116.919
10905.1,114.82
10905.9,104.999
10908.4,58.903
10909.2,47.1441
10910.1,37.552
10910.9,31.4939
10911.8,26.508
10913.0,22.2921
10914.2,19.5224
10915.8,17.0387
10917.8,15.0491
10921.0,12.9464
10924.3,11.6079
10929.6,10.2702
10937.4,9.13925
10948.1,8.27358
10960.7,7.67697
10985.9,7.02046
11010.5,6.70034
11014.5,6.81175
11015.7,7.08877
11016.5,7.58496
11017.1,8.29459
11017.7,9.46737
11018.2,11.1253
11018.8,13.467
11019.4,17.2729
11020.3,24.1314
11021.4,32.9721
11022.2,37.4353
11022.9,38.7184
11023.6,37.4127
11024.2,33.7724
11026.2,18.403
11026.9,14.3265
11027.5,11.452
11028.0,9.70976
11028.6,8.38842
11029.2,7.58797
11029.8,7.1275
11031.1,6.7129
11036.1,6.45065
11105.7,5.61728
11128.1,5.08346
11136.0,4.69652
11141.8,4.20656
11145.9,3.62088
11149.1,2.90267
11150.0,2.69692
11150.5,2.64588
11150.9,2.67339
11151.4,2.83447
11151.8,3.15764
11152.1,3.5565
11152.5,4.24578
11152.9,5.23922
11153.3,6.68207
11153.7,8.74434
11154.1,11.6
11154.6,15.7347
11155.2,22.3668
11157.0,43.5527
11157.8,50.3673
11158.4,52.7961
11158.6,52.8515
11159.2,51.3369
11160.0,45.5729
11162.0,26.7884
11162.8,20.8835
11163.5,17.2318
11164.1,14.9546
11165.0,12.9087
11166.0,11.362
11167.4,10.1617
11169.1,9.2943
11171.5,8.58539
11175.4,7.8774
11179.4,7.45081
11188.7,6.88329
11207.4,6.33296
11249.2,5.474
11261.4,4.99558
11267.5,4.56156
11271.9,4.04128
11274.9,3.45064
11277.1,2.93436
11277.7,2.88101
11278.4,2.98869
11278.8,3.25982
11279.2,3.67753
11279.6,4.33405
11280.0,5.29913
11280.3,6.64467
11280.8,8.64607
11281.2,11.3407
11281.7,15.0532
11282.3,21.3848
11284.0,40.8941
11284.8,46.9999
11285.5,49.3374
11285.6,49.404
11286.3,48.0064
11287.1,42.9315
11289.1,25.5012
11289.8,20.2807
11290.6,16.5021
11291.3,14.209
11292.2,12.2292
11293.3,10.7981
11294.7,9.76983
11297.5,8.73661
11300.6,8.08206
11306.9,7.39879
11316.9,6.94246
11317.3,6.94237
11319.2,7.07699
11320.2,7.48977
11321.0,8.15713
11321.5,9.02799
11322.1,10.633
11322.7,12.7583
11323.3,16.3075
11324.2,22.4774
11325.5,32.6927
11326.3,37.205
11327.0,38.5052
11327.7,37.1811
11328.4,33.4964
11330.4,18.0775
11331.1,14.0451
11331.7,11.2269
11332.3,9.53356
11332.9,8.25992
11333.5,7.49403
11334.2,7.05491
11335.5,6.65457
11340.6,6.35673
11402.4,5.21169
11419.6,4.63551
11429.3,4.08818
11436.8,3.41855
11441.6,2.76745
11445.4,2.07664
11449.6,1.11845
11450.3,1.01513
11450.9,0.980061
11451.3,1.00983
11451.6,1.08331
11452.0,1.21821
11452.3,1.41361
11452.6,1.68319
11452.9,2.11619
11453.2,2.69561
11453.5,3.46095
11453.8,4.39688
11454.1,5.66532
11454.5,7.37251
11454.9,9.96056
11455.2,13.2746
11455.7,18.0705
11456.2,24.8631
11456.8,35.1855
11457.7,54.6031
11459.0,81.6213
11459.9,94.6995
11460.6,99.3044
11460.7,99.4354
11461.4,97.3026
11462.2,89.0788
11464.6,51.2419
11465.5,39.9294
11466.3,32.5133
11467.1,27.426
11468.0,23.0756
11469.0,20.1775
11470.5,17.2968
11472.2,15.2734
11474.9,13.2231
11478.0,11.7772
11482.3,10.5841
11487.8,9.62771
11496.7,8.7521
11500.0,7.32887
11500.0,8.5763
13748.6,7.26283
14000.0,7.25545
16737.4,7.21221
17000.0,7.20806
20000.0,7.1865
22500.0,7.18067
26899.4,7.19127
30000.0,7.19873
35865.9,7.23216
37500.0,7.24147
44832.4,7.29153
45000.0,7.29268
53798.9,7.35482
56250.0,7.37213
67248.6,7.44618
67500.0,7.44788
80698.3,7.52744
83750.0,7.54584
100000.0,7.6119
100000.0,7.62943
200000.0,7.705
817632.0,7.05351
2457490.0,4.99727
3000000.0,4.506
3755500.0,4.1485
4500000.0,4.02
6500000.0,4.1795
1.009E7,4.55
1.2E7,4.592
2.0E7,4.002

