48-Cd-113(n,total) ENDF/B-VII.1
1.0E-5,764237.0
1.31241E-5,667126.0
1.70876E-5,584680.0
2.2426E-5,510398.0
2.91987E-5,447335.0
3.83206E-5,390515.0
4.98935E-5,342281.0
6.54808E-5,298825.0
8.52562E-5,261942.0
1.11891E-4,228712.0
1.45682E-4,200508.0
1.91195E-4,175110.0
2.48937E-4,153556.0
3.26707E-4,134144.0
4.25373E-4,117682.0
5.58264E-4,102865.0
7.26861E-4,90310.4
9.53941E-4,79017.6
0.00124203,69455.0
0.00163006,60872.7
0.00212234,53619.2
0.00278538,47127.8
0.00362657,41665.4
0.00475955,36811.2
0.00619694,32752.7
0.00813293,29203.8
0.0105891,26303.2
0.0138972,23780.7
0.0180942,21838.0
0.0234661,20383.8
0.0253,20038.9
0.0361611,19041.9
0.040345,18978.9
0.0547796,19630.6
0.0713232,21708.7
0.0894371,25616.8
0.106925,31355.5
0.124697,39534.5
0.154732,56182.9
0.163863,59600.3
0.172993,60843.0
0.183665,58993.8
0.196391,52729.4
0.228633,31166.9
0.2429,23723.6
0.25574,18613.2
0.269294,14559.3
0.28356,11413.1
0.297827,9093.55
0.313877,7175.12
0.33064,5711.11
0.3499,4489.48
0.369874,3572.47
0.3927,2814.13
0.415527,2262.57
0.439424,1834.51
0.466887,1471.15
0.498274,1168.52
0.532514,929.369
0.566754,754.421
0.606701,603.939
0.652354,478.906
0.700861,382.887
0.750795,310.398
0.806435,250.774
0.866355,203.425
0.931376,165.484
1.00915,132.553
1.09793,105.295
1.19695,83.7118
1.30577,66.8753
1.4199,54.224
1.5483,43.9747
1.69097,35.8128
1.86217,28.8931
2.05477,23.5177
2.2759,19.2069
2.53271,15.7906
2.83231,13.1031
3.11895,11.3366
3.48,9.78326
3.96,8.42036
4.48,7.46321
5.28,6.55782
6.344,5.88416
6.784,5.74488
6.9856,5.89438
7.296,5.54802
9.16,5.12218
13.08,4.76886
15.6045,4.68758
16.9372,4.78798
17.4131,5.04795
17.6392,5.42285
17.7748,5.91753
17.87,6.58674
17.9414,7.50449
17.9902,8.58967
18.0235,9.75911
18.0568,11.5544
18.086,13.9664
18.1101,16.8561
18.1333,20.6948
18.1565,25.8493
18.1841,34.0319
18.2127,44.9286
18.2984,84.9513
18.3288,95.4811
18.3614,100.328
18.3652,100.386
18.3974,96.59
18.434,84.3226
18.5185,45.2811
18.5482,34.1587
18.5765,26.033
18.6027,20.4852
18.6268,16.7686
18.6553,13.6697
18.6839,11.5696
18.7196,9.84222
18.7624,8.53896
18.8219,7.44765
18.8933,6.6721
18.9932,6.03977
19.1455,5.52378
19.4597,5.06362
20.0263,4.78704
21.0929,4.65948
21.4538,4.76579
21.5522,5.01845
21.6157,5.49237
21.6772,6.36903
21.7695,8.07775
21.8203,8.56029
21.8308,8.57479
21.8724,8.3291
21.9356,7.28526
22.0073,5.97729
22.0606,5.33142
22.118,4.95756
22.1754,4.7846
22.3394,4.63697
24.2092,4.50836
42.164,4.29135
42.8936,4.33286
43.092,4.52306
43.3506,5.17624
43.3797,5.18938
43.4952,4.99878
43.6968,4.46588
43.9176,4.3087
48.0093,4.22956
49.0657,4.2807
49.3018,4.42603
49.4179,4.69112
49.5379,5.29015
49.6932,6.28373
49.7695,6.4656
49.858,6.22359
50.0581,4.95716
50.1862,4.50657
50.3782,4.29811
51.2105,4.19455
54.1168,4.15021
55.3509,4.22479
55.6383,4.40834
55.7566,4.67731
55.8391,5.07927
55.9299,5.87491
56.0567,7.59763
56.1446,8.73407
56.2199,9.17412
56.2292,9.18009
56.2909,8.94034
56.3821,7.88855
56.5089,6.10884
56.5935,5.26443
56.6759,4.77187
56.7625,4.49595
56.94,4.27192
57.5993,4.11364
59.7801,4.04871
61.3971,4.15421
61.9942,4.39587
62.3214,4.74093
62.5434,5.21707
62.7186,5.92043
62.8354,6.73574
62.9231,7.72408
62.9943,9.00765
63.0504,10.6091
63.0925,12.4241
63.1345,15.1112
63.1696,18.3674
63.2052,23.0621
63.2379,29.0652
63.2706,37.2128
63.3034,48.0689
63.339,63.6329
63.3758,84.4128
63.4202,116.253
63.4827,172.185
63.5832,269.331
63.6449,311.943
63.6999,326.207
63.703,326.231
63.7542,314.599
63.8028,284.918
63.8863,208.929
63.9664,134.103
64.0131,98.3829
64.0528,74.2304
64.0914,56.1164
64.1264,43.6652
64.1615,34.3735
64.1983,27.2853
64.2351,22.2394
64.2772,18.236
64.3253,15.1749
64.3706,13.2294
64.4249,11.6086
64.5155,9.85795
64.6171,8.61834
64.7632,7.49206
64.9384,6.65772
65.1546,6.01966
65.4525,5.48949
65.8497,5.07997
66.5507,4.7025
68.1864,4.34519
72.7057,4.00869
79.1469,3.73151
80.6047,3.82802
81.0454,3.97841
81.3335,4.34363
81.5573,4.58759
81.5889,4.59059
81.8774,4.49858
82.1302,4.66239
82.4947,5.25478
82.7772,6.03193
82.9891,6.9222
83.187,8.1481
83.3566,9.68774
83.507,11.6615
83.6381,14.1294
83.7474,17.0265
83.8435,20.5692
83.9353,25.3343
84.0122,31.0266
84.0804,38.2426
84.1372,46.8406
84.1827,56.4119
84.2264,69.0393
84.2701,86.5859
84.3094,108.361
84.3435,133.462
84.3785,167.016
84.4135,210.48
84.4528,273.905
84.4956,363.759
84.5411,485.92
84.5979,678.633
84.6897,1061.95
84.7911,1479.51
84.854,1651.9
84.9132,1709.48
84.9687,1660.26
85.0359,1482.36
85.1504,1015.57
85.2334,681.303
85.2903,496.026
85.3392,370.943
85.3838,283.417
85.4275,218.652
85.4712,170.751
85.5132,137.02
85.5604,109.633
85.6128,88.3612
85.6653,73.4854
85.7352,59.8289
85.8051,50.4256
85.8891,42.4162
85.9983,35.1253
86.1295,29.1011
86.2737,24.4916
86.4485,20.5913
86.6583,17.3694
86.9293,14.5746
87.2571,12.3579
87.585,10.8605
88.022,9.50171
88.5465,8.42316
89.2459,7.49382
90.0574,6.80552
91.6565,6.01975
94.0193,5.4302
97.3498,5.04239
97.7774,5.10915
97.9799,5.32494
98.1487,5.81643
98.4165,7.00397
98.5189,7.16484
98.6438,6.91274
98.9251,5.61814
99.1051,5.15124
99.3751,4.92216
100.896,4.71757
101.335,4.70233
101.668,4.78317
101.844,5.06614
102.013,5.7532
102.216,6.7257
102.299,6.84929
102.417,6.58988
102.689,5.22642
102.838,4.81131
102.955,4.66917
103.587,4.51821
104.974,4.44602
105.805,4.56242
106.009,4.75314
106.205,5.25904
106.494,6.39293
106.605,6.54107
106.915,6.15808
107.043,6.27328
107.179,6.81573
107.281,7.59676
107.372,8.73149
107.447,10.2604
107.504,12.0437
107.551,14.2323
107.598,17.42
107.638,21.2249
107.679,26.7719
107.715,33.397
107.752,42.1733
107.79,54.522
107.832,72.1472
107.874,95.0208
107.921,128.211
107.978,178.585
108.058,264.925
108.18,407.716
108.254,470.349
108.322,495.896
108.336,496.587
108.401,479.05
108.474,423.444
108.675,201.369
108.738,144.039
108.789,107.547
108.838,80.8625
108.882,62.5476
108.925,49.4052
108.967,39.7959
109.008,32.7303
109.057,26.8442
109.113,22.2567
109.179,18.6909
109.242,16.3943
109.344,13.9724
109.47,12.0537
109.66,10.2642
109.85,9.13296
110.154,7.99979
110.535,7.16142
111.168,6.38963
112.232,5.7654
113.449,5.41545
116.236,5.04867
122.96,4.72136
140.064,4.34462
141.299,4.44054
141.782,4.69962
141.983,5.02349
142.117,5.52531
142.201,6.15608
142.268,7.02273
142.318,8.01863
142.372,9.56288
142.426,11.793
142.48,14.9309
142.533,19.205
142.592,25.449
142.657,34.2449
142.741,48.6329
142.904,78.8945
142.987,90.0423
143.067,94.467
143.075,94.5095
143.151,91.3429
143.232,81.4945
143.47,39.2706
143.545,28.5846
143.608,21.6709
143.666,16.9841
143.717,13.8894
143.768,11.6102
143.828,9.71555
143.889,8.44425
143.949,7.59105
144.04,6.7877
144.191,6.07408
144.385,5.6013
144.788,5.12703
145.593,4.75613
147.15,4.51124
155.998,4.07998
156.911,4.2069
157.225,4.40894
157.453,4.74483
157.607,5.2188
157.7,5.74782
157.777,6.49608
157.843,7.56078
157.894,8.80554
157.945,10.617
157.996,13.2368
158.042,16.5401
158.087,21.0174
158.133,26.9686
158.183,35.4723
158.237,47.5543
158.296,64.4289
158.368,89.9404
158.602,189.455
158.688,213.956
158.769,221.747
158.854,212.362
158.947,184.156
159.167,92.313
159.243,66.3661
159.302,50.3394
159.357,38.8007
159.407,30.6749
159.457,24.5145
159.507,19.9424
159.565,16.142
159.614,13.8984
159.675,11.9065
159.752,10.2841
159.845,9.0707
159.968,8.08095
160.184,7.08514
160.461,6.36541
160.831,5.81522
161.52,5.28521
162.495,4.93115
164.84,4.58648
165.704,4.53939
166.088,4.64887
166.584,5.0342
166.592,5.03428
166.888,4.81743
167.208,4.52331
168.04,4.3858
185.227,3.77089
186.766,3.82748
187.719,3.97743
188.599,4.31757
189.203,4.80395
189.698,5.52391
190.028,6.30327
190.358,7.50787
190.614,8.93856
190.834,10.7413
191.016,12.8783
191.182,15.6753
191.325,19.087
191.454,23.4409
191.564,28.7581
191.663,35.5898
191.751,44.2788
191.824,54.4198
191.892,67.2373
191.956,83.5918
192.02,105.467
192.086,135.446
192.15,173.666
192.221,228.819
192.304,310.826
192.401,432.219
192.656,797.045
192.758,897.283
192.853,933.539
192.866,933.573
192.95,905.403
193.063,800.092
193.356,396.641
193.449,292.714
193.532,221.234
193.61,170.063
193.678,136.081
193.747,110.462
193.825,89.1204
193.898,74.4769
193.99,61.2769
194.081,51.8551
194.21,42.5935
194.364,35.0579
194.527,29.5091
194.741,24.5006
194.99,20.5296
195.221,17.9623
195.517,15.8591
195.822,15.0466
196.16,14.4388
196.494,12.4051
196.767,10.8071
196.983,10.0281
197.447,9.06867
198.352,7.93819
199.63,6.98387
201.269,6.26259
202.55,5.94876
202.918,6.14626
203.44,7.11086
203.494,7.12869
203.718,6.83447
204.118,5.87225
204.438,5.56126
206.391,5.17993
210.695,4.67561
211.111,4.78222
211.368,5.14326
211.752,6.06512
211.879,6.16907
212.08,5.92451
212.456,5.03556
212.713,4.80415
212.841,4.79931
213.261,5.08891
213.484,5.4685
213.692,6.1113
213.817,6.76244
213.941,7.82618
214.025,8.97068
214.105,10.6979
214.174,12.9577
214.233,15.7934
214.283,19.0623
214.332,23.4431
214.387,30.0939
214.441,38.8731
214.495,50.4839
214.555,67.4178
214.616,89.6446
214.684,121.402
214.771,172.17
215.042,359.909
215.141,407.199
215.237,424.181
215.242,424.184
215.34,406.94
215.442,358.065
215.72,170.914
215.805,124.665
215.877,93.6321
215.943,71.6124
216.007,55.3671
216.069,43.7685
216.13,35.2587
216.192,29.0919
216.264,24.0302
216.345,20.1903
216.441,17.1999
216.557,14.8911
216.711,12.9237
216.942,11.0924
217.164,9.95587
217.498,8.83722
218.003,7.81666
218.516,7.18421
219.201,6.65009
220.742,6.00303
223.72,5.45758
230.263,4.96683
230.774,4.9617
231.158,5.02858
231.343,5.2088
231.458,5.50637
231.573,6.11948
231.674,7.0946
231.77,8.57926
231.867,10.7491
231.981,14.1399
232.206,21.8405
232.331,24.7508
232.42,25.4353
232.52,24.6373
232.64,21.8164
232.917,12.768
233.026,10.0031
233.118,8.32436
233.218,7.08129
233.305,6.40057
233.42,5.8616
233.535,5.57174
233.79,5.29461
234.677,5.03649
236.449,4.90563
236.973,5.01147
237.214,5.31358
237.47,6.03453
237.75,6.88347
237.869,6.9929
238.03,6.78346
238.446,5.44138
238.687,5.00425
238.999,4.82077
244.034,4.56356
251.238,4.27039
251.607,4.30718
251.895,4.50548
252.135,4.99678
252.528,6.23154
252.674,6.39841
252.848,6.16971
253.289,4.74253
253.529,4.31564
253.865,4.11883
257.588,3.74107
257.733,3.73953
258.423,3.81728
258.831,4.01812
259.148,4.39124
259.375,4.92868
259.533,5.60432
259.647,6.40323
259.737,7.40485
259.817,8.74148
259.885,10.4378
259.941,12.4317
259.998,15.1714
260.055,18.9269
260.113,24.1803
260.171,31.2952
260.229,40.7766
260.287,53.167
260.352,71.2459
260.417,94.3169
260.497,129.789
260.602,188.085
260.842,339.514
260.947,389.646
261.051,413.987
261.085,415.361
261.193,397.961
261.304,350.83
261.607,168.837
261.705,121.064
261.781,91.7551
261.857,69.1119
261.926,53.6766
261.991,42.7158
262.056,34.5861
262.133,27.8043
262.209,23.1076
262.303,19.2035
262.412,16.3034
262.557,13.8793
262.738,11.9858
262.974,10.4116
263.246,9.22037
263.681,8.014
264.306,7.00066
264.93,6.38729
265.78,5.87611
266.715,5.63742
267.182,5.74142
267.565,6.14677
267.777,6.70314
267.905,7.31726
268.033,8.38814
268.117,9.5767
268.203,11.426
268.275,13.8263
268.346,17.2206
268.406,21.2774
268.467,26.7196
268.528,33.8909
268.594,44.0642
268.664,58.049
268.746,79.1857
268.846,111.186
269.121,214.919
269.235,246.907
269.341,260.115
269.362,260.561
269.469,251.389
269.579,224.453
269.798,145.146
269.932,99.1382
270.03,72.427
270.115,54.5707
270.191,42.4457
270.268,33.4763
270.343,27.1493
270.417,22.6335
270.507,18.9279
270.607,16.2703
270.707,14.6175
270.827,13.4725
270.983,12.8532
271.061,12.7869
271.356,12.9902
271.577,12.5156
271.852,10.7276
272.125,8.87971
272.365,7.89983
272.678,7.30476
273.583,6.61967
274.704,6.18487
277.369,5.66725
280.331,5.38254
280.731,5.46799
280.949,5.80402
281.109,6.43512
281.253,7.43419
281.477,9.73584
281.665,11.6343
281.81,12.3488
281.842,12.3774
281.98,11.9464
282.17,10.2496
282.408,7.79373
282.564,6.66829
282.704,6.04822
282.873,5.66097
283.179,5.41574
284.953,5.18526
288.33,5.00079
288.856,5.08879
289.616,5.74132
289.651,5.74443
290.184,5.45236
290.344,5.59846
290.464,6.03208
290.552,6.67771
290.623,7.52525
290.705,9.03717
290.776,10.9305
290.847,13.5196
290.922,17.1139
291.013,22.8399
291.124,31.743
291.382,55.436
291.506,63.5477
291.621,66.2859
291.729,64.0548
291.852,56.6849
292.173,28.5798
292.275,21.5055
292.368,16.51
292.451,13.2405
292.524,11.1491
292.61,9.41213
292.707,8.13431
292.804,7.34554
292.934,6.73587
293.168,6.21065
293.687,5.75524
294.934,5.38592
298.257,5.11802
309.408,4.89778
310.774,4.95359
311.175,5.13947
311.416,5.58697
311.569,6.18594
311.75,7.32052
312.083,9.94932
312.252,10.6576
312.299,10.696
312.437,10.3813
312.637,9.04089
312.923,6.79572
313.103,5.84529
313.264,5.363
313.425,5.11457
313.826,4.91869
317.923,4.78719
341.228,4.59883
342.437,4.62848
342.765,4.72635
343.085,5.07071
343.638,6.23453
343.788,6.33924
344.014,6.11406
344.463,5.11577
344.783,4.73088
345.391,4.58522
349.85,4.52858
350.81,4.59061
351.609,4.87247
352.682,4.52738
356.433,4.47747
358.041,4.55066
358.39,4.80429
358.618,5.25665
359.152,6.98474
359.32,7.1747
359.496,6.96157
360.042,5.19056
360.282,4.7457
360.563,4.53972
361.645,4.43471
374.887,4.25149
375.408,4.29826
375.68,4.50872
375.855,4.90769
376.001,5.54305
376.146,6.5486
376.344,8.49051
376.617,11.3031
376.77,12.1579
376.836,12.2468
376.984,11.8043
377.171,10.2409
377.478,7.10821
377.625,6.00697
377.78,5.24749
377.935,4.81264
378.059,4.61936
378.381,4.41662
380.351,4.25246
383.249,4.18416
384.081,4.26944
384.638,4.70761
385.002,4.92158
385.33,4.74166
385.907,4.24187
386.371,4.12685
398.128,3.70642
403.993,3.30091
409.134,2.73376
409.643,2.7203
410.42,2.8322
410.886,3.07919
411.204,3.41823
411.458,3.87212
411.681,4.49603
411.871,5.31321
412.016,6.22244
412.157,7.51248
412.27,9.0186
412.376,11.0628
412.472,13.7355
412.556,17.1289
412.63,21.2425
412.708,27.1608
412.779,34.4749
412.849,44.2196
412.92,57.0715
412.998,75.7069
413.075,100.09
413.156,132.509
413.245,177.855
413.355,248.488
413.51,371.923
413.756,582.844
413.903,676.801
414.039,716.212
414.073,717.588
414.214,686.569
414.349,608.955
414.741,293.696
414.858,217.111
414.957,165.223
415.049,127.54
415.138,99.5632
415.227,78.5817
415.316,63.1304
415.4,52.3256
415.502,43.0109
415.621,35.5701
415.756,29.8859
415.907,25.617
416.105,21.8386
416.352,18.6561
416.649,16.0563
417.037,13.7599
417.581,11.6843
418.115,10.3479
419.006,8.91236
420.197,7.78628
421.223,7.29086
421.524,7.43158
421.765,7.98299
421.958,8.93866
422.197,10.8338
422.481,13.3023
422.669,14.1611
422.719,14.2045
422.875,13.8001
423.076,12.2921
423.452,8.76808
423.659,7.46638
423.844,6.78588
424.137,6.28658
424.74,5.96222
429.149,4.9458
429.771,4.86454
430.206,5.00891
430.393,5.36137
430.517,5.91872
430.611,6.67205
430.694,7.74224
430.764,9.05213
430.843,11.1428
430.922,14.0926
431.0,18.1403
431.079,23.5306
431.166,31.3597
431.26,42.1589
431.379,59.2031
431.631,103.661
431.799,130.509
431.942,144.307
432.031,146.881
432.153,142.325
432.284,128.348
432.501,92.9657
432.7,60.1927
432.819,44.5129
432.924,33.6488
433.011,26.7146
433.099,21.4646
433.186,17.6029
433.273,14.8259
433.378,12.5413
433.495,10.9085
433.651,9.60773
433.845,8.69282
434.156,7.88749
434.622,7.21827
435.244,6.70796
436.737,6.10024
439.723,5.59581
445.176,5.16647
445.585,5.23235
445.837,5.53265
445.97,5.93122
446.102,6.63303
446.222,7.63374
446.365,9.39827
446.535,12.2816
446.861,18.5456
447.024,20.5268
447.131,20.9223
447.286,20.1093
447.453,17.7415
447.822,10.9341
447.964,8.95232
448.105,7.5475
448.219,6.78967
448.408,6.04908
448.597,5.69864
448.975,5.44078
450.336,5.21099
455.66,4.93306
456.287,5.02641
456.483,5.2481
456.671,5.77177
456.825,6.59318
456.978,7.90224
457.144,9.89783
457.51,15.0276
457.682,16.4468
457.771,16.6475
457.938,15.9707
458.118,14.0076
458.46,9.35246
458.614,7.76257
458.767,6.66091
458.952,5.87809
459.167,5.43902
459.526,5.18651
461.25,4.97062
487.677,4.325
488.2,4.35233
488.639,4.55881
488.872,4.92972
489.109,5.67003
489.649,8.23194
489.858,8.69054
489.889,8.69777
490.059,8.44615
490.26,7.63361
490.663,5.62424
490.824,5.0526
491.079,4.51257
491.363,4.26184
492.184,4.09202
493.261,4.00597
493.728,4.10022
493.902,4.27966
494.093,4.69777
494.249,5.28879
494.455,6.44916
494.812,8.86379
495.004,9.64259
495.096,9.73843
495.268,9.39125
495.502,8.07928
495.824,5.91326
496.01,4.9975
496.196,4.41213
496.401,4.05866
496.643,3.86129
497.565,3.62372
498.165,3.56269
498.65,3.62348
498.93,3.81793
499.116,4.16132
499.256,4.70251
499.349,5.32639
499.443,6.30171
499.524,7.58725
499.606,9.45239
499.676,11.6769
499.746,14.6543
499.816,18.5764
499.886,23.6527
499.964,30.9742
500.048,41.047
500.149,56.5439
500.258,77.7103
500.418,116.075
500.717,192.845
500.862,219.163
501.006,229.957
501.025,230.075
501.157,222.519
501.313,196.882
501.746,92.1842
501.878,66.5237
501.991,49.4182
502.092,37.8714
502.18,30.2277
502.268,24.4807
502.361,20.0334
502.455,16.8555
502.571,14.1425
502.688,12.3557
502.828,10.9513
503.014,9.7678
503.294,8.68663
503.714,7.71933
504.32,6.90339
505.252,6.20627
506.893,5.58933
508.162,5.31967
511.889,4.86881
516.739,4.51328
517.306,4.64994
517.819,5.18387
518.208,5.54545
518.279,5.55644
518.605,5.33675
519.133,4.61476
519.598,4.29007
521.304,4.01233
522.194,3.94309
522.664,4.04433
522.89,4.28086
523.026,4.61311
523.162,5.25936
523.268,6.15812
523.35,7.21616
523.431,8.73178
523.513,10.8623
523.594,13.7937
523.676,17.7327
523.757,22.8917
523.849,30.396
523.951,41.157
524.074,57.4522
524.257,87.1319
524.492,126.765
524.648,146.023
524.8,154.198
524.822,154.355
524.966,148.921
525.119,132.61
525.552,64.2724
525.69,46.6202
525.808,34.882
525.907,27.3467
526.007,21.7179
526.107,17.6584
526.207,14.826
526.314,12.8103
526.434,11.4301
526.555,10.7025
526.732,10.3787
527.296,11.0632
527.525,10.7109
527.847,9.27004
528.221,7.39812
528.476,6.56986
528.768,6.06558
529.372,5.66413
530.881,5.28353
531.289,5.25344
531.696,5.38428
531.965,5.74937
532.218,6.46553
532.747,8.66695
532.976,9.08001
532.991,9.08195
533.22,8.7123
533.595,7.09261
533.896,5.88225
534.141,5.29674
534.447,4.95908
534.956,4.78843
536.009,4.69101
536.571,4.82895
537.404,5.49784
537.476,5.50652
537.852,5.28066
538.365,4.71938
538.781,4.48231
541.577,4.1708
541.778,4.16402
542.307,4.26077
543.164,4.9153
543.268,4.93189
543.612,4.73788
544.165,4.11994
544.582,3.8618
547.477,3.31858
548.448,3.23211
548.961,3.32786
549.23,3.49115
549.5,3.82745
549.682,4.24983
549.847,4.91043
549.965,5.68008
550.06,6.59683
550.154,7.92689
550.237,9.58612
550.319,11.9017
550.399,15.0132
550.475,18.976
550.55,24.2371
550.626,31.1322
550.705,40.5731
550.786,52.9228
550.881,71.4326
550.983,97.157
551.109,137.02
551.28,204.636
551.582,333.976
551.76,388.206
551.915,406.474
551.926,406.574
552.083,390.824
552.248,344.701
552.687,168.972
552.833,121.629
552.957,90.2953
553.065,69.5242
553.173,53.9681
553.275,43.1203
553.376,35.3226
553.478,29.6804
553.599,24.9229
553.72,21.6425
553.875,18.784
554.111,16.0152
554.381,14.0104
554.785,12.0848
555.352,10.4337
555.999,9.26895
556.916,8.25086
558.264,7.38124
559.774,6.81147
562.687,6.20504
568.596,5.6538
575.596,5.37681
576.237,5.45287
576.71,5.83562
577.44,7.05269
577.595,7.12421
577.905,6.85568
578.434,5.87188
578.746,5.50669
579.203,5.31282
582.451,5.20445
583.054,5.23518
583.519,5.43513
583.833,5.84698
584.507,7.28966
584.699,7.42011
584.989,7.12292
585.632,5.70305
586.017,5.29214
586.949,5.12181
589.688,5.07591
590.841,5.14845
591.219,5.38881
591.488,5.85739
591.797,6.86836
592.251,8.67638
592.495,9.05704
592.499,9.05712
592.733,8.71274
593.127,7.16322
593.368,6.23988
593.577,5.68099
593.785,5.34631
594.187,5.09055
596.517,4.96225
610.593,4.76384
611.556,4.87164
611.941,5.20945
612.31,5.97095
612.791,7.1536
612.999,7.32114
613.273,7.02479
613.867,5.50816
614.179,5.00398
614.484,4.78313
615.648,4.63181
620.855,4.28739
621.389,4.25794
621.722,4.35925
621.922,4.64015
622.055,5.06986
622.167,5.69909
622.278,6.71028
622.37,7.96354
622.463,9.70932
622.555,12.0671
622.665,15.79
622.781,21.0374
622.924,29.2901
623.137,44.5793
623.383,62.5922
623.564,71.8603
623.726,74.8623
623.89,72.0717
624.053,64.2665
624.514,32.4511
624.665,24.0495
624.782,18.9468
624.893,15.23
625.004,12.473
625.115,10.4963
625.226,9.11651
625.356,8.04459
625.522,7.2112
625.745,6.61096
626.189,6.06122
626.955,5.63953
628.107,5.36383
628.406,5.41924
628.705,5.73738
628.954,6.40405
629.2,7.53017
629.654,10.0222
629.887,10.6213
629.93,10.6345
630.149,10.2216
630.458,8.68327
630.809,6.83607
630.996,6.16041
631.245,5.62001
631.618,5.29232
632.988,5.08718
641.066,4.85005
658.14,4.63195
659.453,4.67751
659.864,4.86273
660.163,5.27942
660.446,6.06353
661.029,8.36624
661.292,8.86431
661.349,8.88205
661.899,8.27254
661.973,8.26628
662.186,8.58527
662.744,10.6883
662.902,10.8909
663.108,10.5403
663.378,9.20141
663.783,6.77871
663.977,5.93765
664.172,5.38205
664.399,5.01639
664.691,4.80663
665.6,4.65083
673.682,4.22894
674.669,4.15051
675.067,4.24201
675.266,4.4875
675.428,4.96967
675.557,5.69298
675.667,6.69022
675.778,8.17784
675.888,10.3082
675.993,13.0654
676.109,17.0731
676.251,23.4261
676.437,33.9071
676.785,54.9866
676.964,62.3816
677.135,64.7975
677.289,62.6558
677.483,54.914
677.952,28.1244
678.102,21.2401
678.231,16.6146
678.36,13.155
678.489,10.692
678.618,9.00874
678.746,7.89238
678.912,7.00689
679.133,6.3699
679.465,5.91373
680.165,5.49422
681.693,5.12966
685.437,4.84306
686.158,4.82791
687.555,4.99537
689.042,4.74231
707.016,4.41095
707.85,4.46942
708.306,4.70409
709.116,5.53504
709.29,5.58599
709.645,5.38836
710.294,4.64348
710.75,4.38075
712.305,4.22834
715.831,3.98413
716.193,4.08217
716.374,4.2944
716.555,4.79066
716.682,5.44683
716.806,6.46148
716.913,7.73239
717.019,9.46977
717.143,12.1934
717.27,15.8099
717.428,21.539
717.882,40.5771
718.064,45.687
718.234,47.3293
718.41,45.4495
718.6,39.9572
719.062,21.412
719.221,16.2181
719.363,12.6354
719.505,10.0106
719.647,8.19236
719.789,6.98819
719.959,6.09791
720.129,5.58064
720.469,5.07191
720.952,4.75217
721.399,4.63055
721.591,4.6909
721.777,4.93791
721.895,5.27714
722.012,5.85171
722.13,6.77082
722.244,8.11675
722.354,9.9764
722.464,12.5077
722.593,16.4387
722.74,22.29
722.953,32.9547
723.247,48.5699
723.447,56.1575
723.626,58.6914
723.635,58.6957
723.788,56.9594
723.982,50.4892
724.494,25.3083
724.658,18.9001
724.805,14.5829
724.934,11.8212
725.063,9.851
725.21,8.34095
725.364,7.3486
725.482,6.86077
725.717,6.28323
726.187,5.77874
727.069,5.38651
728.422,5.11041
731.588,4.83912
743.422,4.52252
751.716,4.39671
752.646,4.49161
753.135,4.79967
753.848,5.44892
753.989,5.47884
754.397,5.25938
755.146,4.53129
755.603,4.3521
756.953,4.25768
757.501,4.37646
757.754,4.67671
757.965,5.25047
758.123,5.98997
758.281,7.07118
758.487,9.02565
758.957,14.5705
759.176,16.3132
759.334,16.7205
759.536,16.0813
759.761,14.124
760.228,8.91691
760.438,7.17059
760.614,6.16746
760.818,5.43598
760.987,5.08159
761.324,4.7464
762.167,4.53441
766.009,4.35454
766.651,4.35428
767.213,4.42053
767.615,4.65545
767.928,5.09095
768.667,6.65849
768.899,6.82197
769.165,6.59959
769.92,4.96438
770.105,4.69267
770.506,4.38174
771.43,4.2458
780.036,4.05337
780.677,4.10453
781.174,4.34142
782.008,5.13062
782.189,5.17821
782.545,4.99868
783.346,4.17306
783.803,3.96986
787.229,3.68178
787.602,3.73701
787.852,3.96173
788.038,4.41471
788.174,5.03954
788.302,5.99205
788.412,7.19419
788.522,8.85173
788.65,11.4795
788.789,15.2906
788.943,20.6853
789.214,32.3953
789.487,43.8579
789.68,49.1035
789.835,50.4678
790.017,48.5287
790.213,42.7873
790.711,22.3363
790.888,16.5126
791.034,12.8306
791.162,10.4269
791.291,8.67581
791.437,7.30317
791.602,6.3306
791.767,5.74745
792.041,5.2358
792.554,4.84258
793.433,4.55621
795.426,4.28026
800.129,4.01862
818.303,3.33767
822.315,3.12358
822.747,3.19317
823.013,3.40296
823.235,3.81084
823.407,4.35432
823.597,5.25377
823.821,6.70531
824.255,9.92714
824.473,10.967
824.624,11.1936
824.823,10.8065
825.047,9.59841
825.539,6.04159
825.762,4.82476
825.958,4.09024
826.145,3.64276
826.369,3.33411
826.758,3.10454
827.679,2.94974
827.979,2.93611
828.832,3.04889
829.288,3.10889
829.832,2.99153
830.641,2.69253
831.721,2.52664
836.962,1.97379
837.699,1.94297
838.436,2.00481
838.763,2.10905
839.009,2.26464
839.173,2.44385
839.353,2.7785
839.5,3.24823
839.623,3.87191
839.721,4.60492
839.82,5.63549
839.918,7.07245
840.016,9.0516
840.109,11.5647
840.204,14.9717
840.3,19.3895
840.409,25.9052
840.53,35.1881
840.669,48.9066
840.849,70.966
841.316,137.572
841.508,156.973
841.697,164.64
841.716,164.684
841.883,159.322
842.093,139.84
842.643,63.8744
842.804,45.8559
842.941,33.6425
843.059,25.4962
843.174,19.4094
843.272,15.4166
843.37,12.3541
843.485,9.71462
843.591,7.95767
843.705,6.60631
843.847,5.45598
843.989,4.69578
844.159,4.09381
844.387,3.58452
844.691,3.16989
845.103,2.8568
845.598,2.71567
845.681,2.71309
846.175,2.82459
846.588,3.10914
846.897,3.47244
847.258,4.12006
847.594,5.03071
847.866,6.0835
848.138,7.54751
848.369,9.25572
848.6,11.5945
848.797,14.3405
848.995,18.1205
849.16,22.4546
849.317,28.0591
849.465,35.317
849.61,44.9848
849.733,56.1144
849.857,70.7623
849.993,92.1788
850.123,119.215
850.265,157.948
850.414,210.324
850.581,285.302
850.785,399.176
851.304,728.193
851.542,830.865
851.746,862.33
851.951,834.261
852.211,725.633
852.797,382.239
853.003,285.033
853.184,218.691
853.357,170.931
853.518,137.909
853.704,110.222
853.889,90.5958
854.075,76.4858
854.306,63.9608
854.594,53.1421
854.941,44.2738
855.328,37.4028
855.823,31.3333
856.462,26.0588
857.183,22.0604
858.049,18.8024
859.245,15.8406
860.688,13.5471
862.543,11.6699
865.017,10.1106
868.109,8.92774
868.913,8.80529
869.407,9.04851
870.423,10.5872
870.557,10.6338
870.954,10.241
871.677,8.69921
872.086,8.18649
872.689,7.89006
877.992,7.10634
889.201,6.20647
898.702,5.555
899.142,5.65088
899.445,6.02258
899.641,6.63376
899.787,7.44547
899.934,8.70522
900.08,10.5575
900.227,13.1313
900.407,17.374
900.642,24.5538
901.025,37.1553
901.251,42.2331
901.434,43.647
901.638,42.0268
901.869,36.7844
902.398,20.3903
902.593,15.6566
902.768,12.4795
902.944,10.2627
903.12,8.80663
903.316,7.81348
903.511,7.23326
903.902,6.67095
904.684,6.24578
906.894,5.75963
908.919,5.48166
909.408,5.58957
909.653,5.90647
909.842,6.48502
909.992,7.31877
910.143,8.6606
910.268,10.3072
910.393,12.5576
910.543,16.1909
910.712,21.5905
910.952,31.3533
911.344,48.294
911.558,54.4688
911.739,56.3434
911.931,54.5389
912.167,47.7943
912.709,25.8862
912.907,19.5481
913.082,15.3651
913.232,12.7689
913.408,10.6789
913.608,9.18865
913.825,8.2571
914.103,7.61555
914.548,7.11718
915.759,6.5648
917.65,6.26762
918.293,6.47633
918.683,6.95966
919.459,8.42125
919.687,8.55622
920.054,8.21267
920.882,6.53581
921.388,6.06636
922.353,5.87903
937.125,5.33161
937.746,5.46203
938.013,5.78149
938.19,6.21883
938.398,7.08361
938.597,8.38309
938.831,10.5136
939.345,16.1591
939.593,17.8847
939.745,18.1988
939.978,17.4862
940.239,15.3272
940.714,10.3898
940.936,8.61855
941.165,7.36189
941.387,6.61781
941.654,6.13771
942.127,5.8106
943.844,5.56656
960.865,4.97738
962.951,4.80347
963.385,4.96179
963.61,5.3257
963.769,5.85331
963.929,6.74171
964.088,8.13774
964.242,10.1055
964.405,12.9593
964.6,17.4391
965.152,32.524
965.378,36.478
965.544,37.4308
965.732,36.3112
965.94,32.692
966.546,17.2701
966.742,13.4008
966.919,10.8035
967.1,8.96397
967.281,7.76795
967.499,6.91531
967.788,6.34115
968.223,5.97736
969.208,5.65932
973.481,5.14181
973.963,5.29282
974.169,5.58384
974.376,6.19522
974.548,7.09212
974.72,8.47412
974.9,10.5474
975.126,14.0581
975.639,23.5019
975.873,26.3138
976.042,26.9957
976.253,26.0831
976.482,23.2305
977.04,13.6435
977.267,10.6629
977.456,8.8914
977.645,7.69805
977.872,6.83335
978.148,6.29567
978.698,5.90233
980.405,5.59833
985.877,5.35334
994.371,5.22844
995.944,5.29768
996.347,5.48268
996.678,5.86324
997.065,6.70373
997.71,8.44895
997.999,8.72851
998.29,8.44127
999.191,6.073
999.476,5.62177
999.855,5.32552
1000.74,5.17637
1008.87,5.08382
1010.07,5.16489
1010.68,5.49993
1011.58,6.45365
1011.8,6.51729
1012.23,6.26809
1013.04,5.3786
1013.33,5.20823
1014.13,5.05277
1017.44,5.00817
1018.6,5.06305
1019.37,5.36367
1020.14,5.71163
1020.19,5.71348
1020.81,5.48685
1021.64,5.07201
1023.08,4.95619
1043.56,4.66005
1048.66,4.37255
1049.06,4.4313
1049.28,4.60095
1049.5,5.01436
1049.66,5.60687
1049.83,6.57033
1049.99,8.03589
1050.15,10.0679
1050.33,13.1381
1050.58,18.5447
1051.0,28.6815
1051.23,32.6978
1051.44,34.0198
1051.66,32.786
1051.89,29.1338
1052.48,15.8439
1052.68,12.4078
1052.86,10.0219
1053.04,8.33996
1053.23,7.22253
1053.41,6.5129
1053.7,5.89543
1054.14,5.51073
1055.12,5.20554
1058.25,4.88411
1061.61,4.71477
1062.34,4.77225
1063.64,5.17834
1064.26,4.97586
1065.22,4.50445
1065.83,4.4091
1066.2,4.53778
1066.46,4.92226
1066.63,5.46752
1066.79,6.31866
1066.95,7.52113
1067.1,9.21122
1067.25,11.5127
1067.45,15.2199
1068.01,27.8571
1068.24,31.5241
1068.44,32.7117
1068.66,31.5732
1068.89,28.1621
1069.48,15.5846
1069.68,12.2778
1069.86,9.95877
1070.04,8.30678
1070.22,7.19741
1070.4,6.48545
1070.69,5.85921
1071.13,5.46611
1072.11,5.15488
1075.35,4.8068
1078.91,4.6328
1079.56,4.73991
1079.92,5.0196
1080.3,5.69121
1080.72,6.9476
1081.17,8.30717
1081.47,8.68994
1081.49,8.69117
1081.78,8.36785
1082.16,7.23319
1082.64,5.66697
1082.98,4.94008
1083.28,4.57375
1083.68,4.34975
1085.17,4.14735
1085.46,4.13851
1086.17,4.24618
1086.42,4.42874
1086.68,4.85377
1086.87,5.49942
1087.03,6.41796
1087.17,7.67458
1087.3,9.3086
1087.43,11.5625
1087.55,14.588
1087.69,18.786
1087.85,25.2947
1088.04,35.2008
1088.31,53.2326
1088.69,78.3477
1088.93,89.684
1089.15,93.5352
1089.38,89.9194
1089.61,79.5196
1090.23,40.8145
1090.44,30.4209
1090.62,23.4284
1090.78,18.736
1090.93,15.646
1091.11,12.8611
1091.3,11.007
1091.49,9.78194
1091.78,8.58699
1092.16,7.74982
1092.7,7.05302
1093.61,6.41212
1095.0,5.90075
1097.98,5.38848
1105.41,4.8393
1112.45,4.30098
1115.63,3.80431
1117.25,3.48565
1117.52,3.55445
1117.75,3.80293
1117.93,4.23734
1118.06,4.86113
1118.19,5.80075
1118.31,7.10017
1118.42,8.72665
1118.52,10.9246
1118.63,13.831
1118.74,18.1264
1118.86,23.6983
1119.0,31.5836
1119.16,43.7879
1119.35,61.6759
1119.89,120.933
1120.13,138.563
1120.34,144.762
1120.36,144.773
1120.58,138.91
1120.78,125.125
1121.21,81.0461
1121.47,56.5744
1121.66,41.7923
1121.82,32.2901
1121.98,25.3004
1122.14,20.2894
1122.29,16.7368
1122.45,14.2667
1122.63,12.2903
1122.88,10.6857
1123.23,9.44112
1123.75,8.44018
1124.27,7.83765
1125.56,7.00186
1126.44,6.70509
1126.88,6.67146
1127.28,6.84242
1127.69,7.38834
1128.63,9.66406
1128.88,9.84969
1129.24,9.43991
1130.13,6.97208
1130.44,6.43919
1130.84,6.06744
1131.81,5.82183
1138.93,5.43117
1143.97,5.31476
1144.82,5.36924
1145.33,5.60974
1145.71,6.08707
1146.22,7.25071
1146.71,8.35652
1146.99,8.58671
1147.36,8.23286
1148.19,6.22792
1148.49,5.7299
1148.9,5.38918
1149.66,5.2177
1166.99,4.83624
1167.72,4.94329
1168.03,5.23086
1168.24,5.62513
1168.48,6.38121
1168.76,7.74551
1169.42,11.9935
1169.71,13.124
1169.85,13.2765
1170.09,12.8846
1170.42,11.2414
1170.98,7.83397
1171.28,6.56198
1171.6,5.77167
1171.88,5.39423
1172.3,5.15573
1172.75,5.0898
1173.12,5.20023
1173.37,5.44962
1173.62,5.96454
1173.88,6.87009
1174.2,8.54657
1174.74,11.8212
1175.02,12.8296
1175.15,12.9445
1175.43,12.4368
1175.77,10.7451
1176.28,7.84479
1176.58,6.64043
1176.89,5.88866
1177.23,5.4862
1177.75,5.25958
1180.91,5.04596
1231.01,4.40846
1240.16,4.15958
1244.86,3.92112
1248.46,3.5599
1249.16,3.47617
1249.59,3.54838
1249.85,3.8131
1250.04,4.26589
1250.2,4.97547
1250.35,5.92786
1250.49,7.30936
1250.63,9.17768
1250.77,11.7176
1250.93,15.4913
1251.14,21.5286
1251.5,34.9308
1251.81,45.9542
1252.06,51.6111
1252.25,53.0668
1252.46,51.4449
1252.65,47.244
1253.0,35.6467
1253.35,23.4939
1253.57,17.3824
1253.74,13.6689
1253.92,10.8849
1254.07,9.10574
1254.23,7.74272
1254.39,6.80375
1254.59,6.06551
1254.85,5.48441
1255.11,5.14866
1255.8,4.68594
1257.47,4.14379
1262.46,2.98923
1263.89,2.66234
1264.03,2.65553
1264.31,2.69835
1264.53,2.82718
1264.74,3.13084
1264.91,3.60341
1265.05,4.23085
1265.17,5.05416
1265.29,6.23866
1265.39,7.64006
1265.49,9.50354
1265.59,11.9478
1265.71,15.7139
1265.83,20.6877
1265.95,27.4961
1266.09,37.1574
1266.24,50.785
1266.41,70.0898
1266.66,103.817
1267.17,181.871
1267.43,208.397
1267.66,216.879
1267.9,208.377
1268.13,186.21
1268.8,92.8015
1269.03,66.9509
1269.21,50.8726
1269.37,40.0276
1269.54,31.904
1269.7,25.9805
1269.89,21.2409
1270.06,18.1317
1270.29,15.5455
1270.51,13.8455
1270.87,12.1094
1271.31,10.7625
1272.06,9.38158
1273.06,8.29896
1274.38,7.453
1276.17,6.77969
1279.6,6.08784
1285.47,5.51494
1286.67,5.44998
1287.69,5.55971
1288.94,5.98876
1288.96,5.98878
1289.74,5.71035
1290.76,5.27185
1295.17,4.985
1304.39,4.4205
1307.92,4.06599
1308.26,4.24154
1308.5,4.59462
1308.67,5.09631
1308.84,5.90977
1309.01,7.05347
1309.18,8.77586
1309.36,11.3348
1309.57,15.0316
1309.88,22.1007
1310.27,31.2255
1310.52,35.3338
1310.76,36.6748
1310.98,35.4907
1311.26,31.2662
1311.91,17.0294
1312.14,12.9262
1312.35,10.1908
1312.53,8.45253
1312.74,7.07505
1312.97,6.09795
1313.21,5.4961
1313.55,4.97164
1314.24,4.4291
1315.0,4.08153
1315.19,4.06223
1315.44,4.16899
1315.63,4.449
1315.75,4.80507
1315.91,5.55009
1316.04,6.49061
1316.16,7.85539
1316.29,9.88935
1316.43,12.708
1316.56,16.4898
1316.69,21.4036
1316.84,28.7376
1317.02,39.1988
1317.26,57.11
1317.76,98.0113
1318.02,112.785
1318.24,117.696
1318.26,117.73
1318.46,114.597
1318.73,101.576
1319.42,50.1746
1319.63,37.2498
1319.83,28.4327
1319.99,22.6284
1320.16,18.3511
1320.33,15.1984
1320.52,12.8688
1320.71,11.3271
1320.96,10.0325
1321.32,8.96743
1321.89,8.08092
1322.56,7.46151
1324.02,6.72034
1326.13,6.1755
1329.44,5.73169
1343.29,4.8341
1343.78,4.93639
1344.12,5.2588
1344.4,5.86595
1344.66,6.80925
1344.96,8.44628
1345.57,12.6492
1345.87,13.9546
1346.05,14.2026
1346.34,13.6631
1346.69,11.7988
1347.21,8.44875
1347.52,6.9659
1347.76,6.17942
1348.05,5.58774
1348.45,5.19542
1348.98,4.99216
1354.68,4.33508
1355.08,4.43698
1355.38,4.7162
1355.63,5.20139
1355.89,5.99983
1356.21,7.47396
1356.8,10.6524
1357.1,11.5757
1357.24,11.7
1357.49,11.3509
1357.83,9.95451
1358.46,6.58546
1358.77,5.36874
1359.01,4.75251
1359.3,4.26503
1359.73,3.88279
1360.81,3.42616
1361.42,3.29349
1361.72,3.38513
1361.95,3.67936
1362.08,4.01535
1362.21,4.56804
1362.34,5.42387
1362.47,6.68525
1362.6,8.38779
1362.72,10.7422
1362.84,13.9179
1362.97,18.0956
1363.1,24.0564
1363.24,31.639
1363.41,43.612
1363.63,62.6351
1364.24,126.964
1364.49,145.757
1364.73,153.466
1364.77,153.646
1365.02,147.56
1365.29,128.341
1365.93,66.7981
1366.15,50.1117
1366.32,39.1368
1366.5,30.8125
1366.67,24.6256
1366.84,20.1704
1367.02,17.032
1367.21,14.6556
1367.44,12.8095
1367.74,11.3058
1368.2,10.019
1368.9,8.91455
1369.99,7.95474
1371.76,7.14486
1374.31,6.55374
1378.33,6.09272
1385.86,5.69337
1407.93,5.21848
1408.93,5.31013
1409.74,5.70913
1410.56,6.17472
1410.68,6.18527
1411.24,5.97929
1412.23,5.31562
1413.03,5.11554
1416.33,4.93118
1416.88,5.06349
1417.19,5.39893
1417.45,5.99924
1417.71,7.04555
1417.96,8.56864
1418.29,11.3939
1418.78,15.8218
1419.07,17.5225
1419.27,17.8776
1419.55,17.1696
1419.86,15.091
1420.49,9.81974
1420.77,8.07714
1421.02,7.03229
1421.33,6.25914
1421.74,5.76258
1422.29,5.52515
1423.84,5.33395
1433.12,5.05932
1439.69,4.95298
1440.95,5.09172
1442.07,5.32541
1444.19,4.87581
1454.93,4.47815
1458.29,4.22046
1458.7,4.29859
1458.98,4.51123
1459.2,4.86607
1459.45,5.56968
1459.69,6.70062
1459.97,8.51651
1460.7,14.6221
1460.99,16.0737
1461.17,16.3409
1461.45,15.6785
1461.76,13.7458
1462.4,8.72659
1462.69,7.00538
1462.93,6.05744
1463.22,5.32138
1463.58,4.8829
1464.05,4.69158
1464.28,4.68754
1464.77,4.85136
1465.1,5.1753
1465.34,5.65225
1465.55,6.32748
1465.75,7.37723
1465.9,8.62518
1466.06,10.3896
1466.22,12.8395
1466.37,16.1667
1466.55,21.0753
1466.73,28.1856
1466.93,37.8091
1467.2,54.3366
1467.82,97.4711
1468.1,110.771
1468.36,115.584
1468.39,115.593
1468.63,111.691
1468.86,101.604
1469.37,69.9018
1469.71,48.7917
1469.96,36.8021
1470.18,28.73
1470.38,23.3259
1470.6,18.9027
1470.82,15.9452
1471.07,13.6738
1471.39,11.8647
1471.77,10.5054
1472.28,9.38625
1473.06,8.38339
1474.2,7.53731
1476.08,6.80434
1478.47,6.32655
1483.61,5.84657
1495.91,5.4311
1508.57,5.1695
1509.25,5.23423
1509.74,5.56419
1510.12,6.2185
1510.51,7.40632
1511.25,10.2407
1511.6,10.8695
1511.67,10.8878
1512.0,10.5069
1512.45,9.03163
1512.99,7.15661
1513.38,6.30573
1513.77,5.93492
1513.91,5.90968
1514.27,6.08708
1514.68,6.71171
1515.63,8.99451
1515.99,9.32323
1516.35,8.99264
1516.95,7.50664
1517.44,6.32966
1517.85,5.73156
1518.32,5.41825
1519.12,5.27924
1539.88,5.02778
1541.76,5.1162
1542.97,5.28892
1545.08,4.99028
1557.65,4.72164
1562.46,4.40156
1563.94,4.20753
1564.39,4.2854
1564.68,4.59755
1564.91,5.15313
1565.09,5.97551
1565.26,7.13814
1565.44,8.89863
1565.61,11.3459
1565.81,15.0317
1566.04,20.6384
1566.76,41.5203
1567.04,47.0429
1567.28,48.5639
1567.53,46.7493
1567.8,41.6187
1568.53,22.0083
1568.78,16.6829
1568.99,13.3483
1569.17,11.1578
1569.4,9.2631
1569.63,8.09142
1569.85,7.37088
1570.2,6.72588
1570.72,6.27644
1571.71,5.9005
1574.17,5.51898
1576.44,5.38527
1578.41,5.61317
1580.9,5.20619
1599.73,4.89825
1600.94,5.0548
1602.24,5.43598
1602.28,5.43654
1603.14,5.21278
1604.31,4.86256
1616.34,4.46363
1620.15,4.21677
1620.68,4.35221
1621.08,4.75605
1621.41,5.45703
1621.74,6.56213
1622.5,9.72956
1622.84,10.4681
1622.95,10.5188
1623.24,10.1761
1623.53,9.23394
1624.29,6.06084
1624.57,5.18637
1624.8,4.64822
1625.1,4.22654
1625.4,4.08212
1625.63,4.20465
1625.78,4.45106
1625.97,5.03778
1626.12,5.83997
1626.28,7.12611
1626.42,8.69435
1626.56,10.7946
1626.72,14.0409
1626.89,18.5282
1627.09,25.3566
1627.37,37.0137
1627.92,62.5912
1628.21,71.747
1628.47,74.8455
1628.72,72.3606
1629.01,64.0269
1629.76,32.396
1630.0,24.3523
1630.22,18.7732
1630.42,15.1143
1630.62,12.4078
1630.82,10.5514
1631.05,9.16562
1631.37,8.03756
1631.79,7.28444
1632.41,6.70519
1633.74,6.08416
1636.49,5.49735
1642.88,4.63802
1643.29,4.75274
1643.54,5.03091
1643.78,5.63569
1643.99,6.5761
1644.17,7.74908
1644.36,9.6186
1644.55,12.1577
1644.79,16.2803
1645.23,25.6013
1645.57,32.5951
1645.86,36.5982
1646.07,37.5365
1646.31,36.5058
1646.58,33.0127
1647.36,17.7678
1647.6,14.011
1647.82,11.4514
1648.03,9.59317
1648.2,8.52983
1648.46,7.46509
1648.72,6.83215
1649.06,6.36464
1649.58,6.01714
1651.23,5.54708
1657.28,4.5954
1657.66,4.74587
1657.89,5.06609
1658.06,5.52143
1658.26,6.41199
1658.43,7.60407
1658.61,9.39714
1658.79,11.8714
1658.98,15.4771
1659.22,21.0453
1659.92,41.0417
1660.21,46.8392
1660.48,48.7994
1660.74,47.09
1661.02,42.0652
1661.76,22.6081
1662.02,17.2849
1662.24,13.9398
1662.47,11.2839
1662.71,9.528
1662.94,8.45218
1663.12,7.88964
1663.48,7.22078
1664.21,6.64551
1665.88,6.14303
1669.38,5.75353
1676.97,5.46147
1706.57,5.13552
1708.18,5.18484
1708.87,5.3985
1709.63,6.03016
1710.38,6.65379
1710.6,6.69594
1711.12,6.46017
1712.25,5.41898
1712.86,5.17783
1715.76,5.05969
1728.67,4.83734
1731.02,4.72142
1731.56,4.82206
1731.91,5.12102
1732.19,5.69686
1732.43,6.52881
1732.68,7.90274
1732.93,9.83972
1733.27,13.2647
1733.86,19.8582
1734.17,21.9624
1734.39,22.42
1734.65,21.7139
1734.99,19.1744
1735.69,12.0233
1736.0,9.52409
1736.26,8.05187
1736.57,6.94868
1736.95,6.20758
1737.32,5.85323
1738.16,5.5552
1741.28,5.27759
1743.22,5.22519
1744.3,5.29526
1744.92,5.61153
1745.33,6.13547
1745.91,7.3876
1746.51,8.74472
1746.9,9.06569
1747.27,8.75765
1747.9,7.34419
1748.44,6.13844
1748.93,5.51047
1749.55,5.1993
1752.19,5.06594
1769.15,4.80737
1769.94,4.91961
1770.39,5.25664
1770.75,5.85904
1771.17,6.9923
1771.9,9.36081
1772.28,9.98546
1772.37,10.013
1772.7,9.72139
1773.16,8.51556
1773.77,6.67266
1774.19,5.81283
1774.61,5.3418
1775.13,5.08996
1777.55,4.86875
1783.14,4.49833
1784.19,4.3865
1784.68,4.50294
1784.94,4.78124
1785.14,5.19809
1785.34,5.89293
1785.53,6.97471
1785.73,8.55667
1785.93,10.7334
1786.17,14.2611
1786.51,20.5238
1786.99,30.1689
1787.31,34.5386
1787.59,35.8594
1787.87,34.4944
1788.15,30.8935
1788.93,16.8999
1789.18,13.3756
1789.4,11.02
1789.62,9.30488
1789.88,7.93233
1790.19,6.99342
1790.46,6.53761
1790.98,6.08687
1792.01,5.74997
1794.54,5.43646
1802.4,5.16634
1804.52,5.14247
1805.91,5.2111
1806.48,5.45045
1806.99,6.02255
1807.51,7.06763
1808.2,8.5904
1808.6,8.91262
1808.97,8.62932
1809.58,7.30631
1810.12,6.13762
1810.6,5.49962
1811.21,5.16472
1812.85,5.03427
1819.42,4.89378
1820.22,5.02336
1820.67,5.39773
1821.04,6.05978
1821.46,7.29702
1822.2,9.87285
1822.58,10.5577
1822.69,10.5906
1823.0,10.2862
1823.47,8.99564
1824.08,7.00416
1824.51,6.06753
1824.93,5.5523
1825.46,5.27872
1826.94,5.11419
1839.63,4.94623
1841.29,5.01623
1841.95,5.28764
1842.34,5.69144
1842.88,6.61329
1843.62,7.99399
1844.0,8.24947
1844.43,7.92679
1845.51,5.87879
1846.05,5.25212
1846.58,5.00002
1848.37,4.86837
1859.09,4.67533
1864.24,4.36845
1864.65,4.42514
1864.94,4.61111
1865.19,4.97582
1865.44,5.66077
1865.66,6.64385
1865.85,7.93344
1866.06,9.76784
1866.31,12.6352
1866.76,19.2322
1867.19,25.1632
1867.5,27.7271
1867.69,28.1737
1867.96,27.2743
1868.3,23.9236
1869.04,13.9929
1869.35,10.8439
1869.62,8.83878
1869.85,7.69037
1870.11,6.83161
1870.37,6.3057
1870.89,5.80293
1871.68,5.61672
1872.13,5.71563
1872.7,6.11401
1873.7,7.08572
1873.97,7.15693
1874.46,6.90905
1875.63,5.58604
1876.3,5.20769
1877.91,5.02717
1886.56,4.84419
1887.66,4.96986
1888.28,5.34867
1888.95,6.24166
1889.64,7.21564
1890.0,7.38443
1890.41,7.14882
1891.6,5.40403
1892.21,4.91753
1893.14,4.70792
1901.45,4.27664
1904.45,3.88712
1905.66,3.67792
1906.04,3.75713
1906.3,4.02054
1906.5,4.44846
1906.67,5.04779
1906.84,5.9621
1907.01,7.35583
1907.17,9.13292
1907.34,11.8357
1907.52,15.3982
1907.73,20.7423
1907.99,29.057
1908.67,54.8553
1908.97,62.8916
1909.26,66.1639
1909.3,66.1974
1909.59,63.4814
1909.92,55.1109
1910.66,29.5252
1910.94,22.0876
1911.16,17.4295
1911.39,13.9521
1911.6,11.6341
1911.84,9.83867
1912.08,8.68213
1912.44,7.69307
1912.9,7.01087
1913.59,6.47196
1914.34,6.19527
1914.77,6.29696
1915.06,6.6008
1915.44,7.4363
1915.82,8.91852
1916.66,13.2756
1917.03,14.3845
1917.19,14.4947
1917.46,14.1687
1917.88,12.5654
1918.6,8.94597
1919.02,7.46506
1919.38,6.68615
1919.66,6.32921
1920.21,5.97488
1921.77,5.68957
1928.25,5.35595
1951.36,5.05757
1971.93,4.94839
1974.06,5.0032
1974.79,5.25942
1975.24,5.69454
1975.75,6.56509
1976.55,8.17086
1976.99,8.52911
1977.0,8.52916
1977.43,8.20108
1978.61,5.8802
1979.0,5.39927
1979.62,5.04266
1981.25,4.90237
1990.36,4.83456
1992.02,4.8765
1992.68,5.06064
1993.2,5.4829
1993.77,6.39339
1994.57,7.88203
1995.0,8.18175
1995.41,7.89343
1996.61,5.68858
1997.03,5.20698
1997.55,4.90598
1998.48,4.75827
2004.86,4.51641
2005.49,4.59845
2005.91,4.91259
2006.23,5.47936
2006.49,6.30427
2006.73,7.43102
2007.05,9.48213
2007.89,16.5697
2008.23,18.4751
2008.49,18.9669
2008.8,18.343
2009.17,16.1567
2009.9,10.4749
2010.21,8.56199
2010.49,7.36711
2010.81,6.46293
2011.19,5.86712
2011.65,5.57792
2011.86,5.54999
2012.27,5.66295
2012.76,6.12628
2013.45,7.3543
2014.06,8.38726
2014.38,8.55888
2014.83,8.22274
2016.01,5.93453
2016.4,5.44897
2017.02,5.07538
2018.65,4.89643
2035.14,4.52462
2041.05,4.22228
2041.61,4.35397
2041.97,4.66905
2042.27,5.19227
2042.57,6.04233
2042.92,7.5049
2043.77,11.9667
2044.19,13.342
2044.56,13.6909
2046.34,12.0039
2046.84,10.6455
2047.77,6.96977
2048.18,5.75432
2048.55,5.03536
2048.83,4.675
2049.41,4.2625
2050.24,3.97799
2050.45,3.96561
2050.76,4.07013
2050.96,4.29532
2051.19,4.79342
2051.37,5.49445
2051.56,6.57605
2051.74,8.1625
2051.92,10.3837
2052.11,13.414
2052.32,17.9562
2052.59,25.1637
2053.37,50.8905
2053.69,58.459
2053.97,60.9431
2054.0,60.9613
2054.29,58.7338
2054.62,51.5632
2055.43,27.4878
2055.7,20.9007
2055.95,16.3446
2056.2,13.1301
2056.44,10.9138
2056.68,9.44201
2056.93,8.48391
2057.28,7.66156
2057.86,6.96938
2058.78,6.44241
2060.93,5.88363
2065.42,5.42438
2075.91,4.88675
2076.36,4.99826
2076.65,5.22927
2076.95,5.69472
2077.26,6.56104
2077.58,7.99706
2077.98,10.4865
2078.64,15.051
2079.0,16.5279
2079.19,16.7592
2079.48,16.3278
2079.81,14.851
2080.69,9.31243
2081.05,7.71291
2081.37,6.74405
2081.81,6.01109
2082.4,5.61306
2084.06,5.34135
2090.25,5.11242
2091.61,5.2462
2093.2,5.71784
2093.27,5.71944
2094.26,5.45574
2095.23,5.12251
2096.94,4.99271
2098.23,5.13854
2099.87,5.74014
2099.98,5.74441
2100.8,5.50594
2101.93,5.01893
2103.7,4.83824
2109.31,4.59837
2112.06,4.33316
2112.56,4.43245
2112.89,4.75318
2113.14,5.27988
2113.34,6.01532
2113.57,7.2374
2113.8,9.05168
2114.05,11.8034
2114.37,16.3431
2115.07,27.807
2115.41,31.6467
2115.7,32.7931
2116.0,31.6545
2116.31,28.3777
2117.17,15.69
2117.45,12.4403
2117.7,10.2527
2117.96,8.69916
2118.2,7.68518
2118.48,6.95025
2118.85,6.39666
2119.59,5.92911
2121.5,5.54149
2125.34,5.27878
2137.98,5.02943
2157.94,4.74646
2158.27,4.73985
2158.95,4.80323
2159.46,5.08266
2159.84,5.59924
2160.22,6.51484
2160.72,8.29513
2161.34,10.7515
2161.73,11.6256
2161.91,11.7175
2162.25,11.3433
2162.74,9.83395
2163.41,7.3997
2163.83,6.33423
2164.27,5.66713
2164.72,5.33198
2165.73,5.09342
2171.45,4.89537
2177.6,4.81609
2178.9,4.9216
2179.75,5.25576
2180.78,5.733
2180.98,5.75161
2181.71,5.53072
2182.7,4.9929
2183.67,4.75513
2188.93,4.60554
2189.94,4.68109
2190.59,4.99274
2191.15,5.65087
2192.26,7.579
2192.68,7.84526
2193.1,7.56854
2193.78,6.34088
2194.37,5.24772
2194.9,4.6258
2195.57,4.2475
2196.75,3.9856
2197.14,3.98113
2197.44,4.09189
2197.75,4.43323
2197.97,4.9646
2198.16,5.68668
2198.35,6.75524
2198.54,8.26312
2198.76,10.6331
2198.97,13.775
2199.26,19.1236
2200.05,36.8872
2200.38,42.1758
2200.69,44.1031
2200.71,44.1066
2200.99,42.693
2201.3,38.333
2202.19,20.2019
2202.5,15.395
2202.74,12.492
2203.01,10.1856
2203.28,8.65508
2203.59,7.57656
2203.9,6.94454
2204.51,6.32491
2205.87,5.81562
2208.81,5.40799
2217.97,5.02515
2233.08,4.612
2237.1,4.26529
2237.9,4.17064
2238.42,4.25746
2238.76,4.57656
2239.01,5.11539
2239.23,5.87983
2239.42,6.91242
2239.65,8.63726
2239.87,11.0161
2240.14,14.7873
2240.54,21.855
2241.05,31.2617
2241.39,35.5923
2241.7,37.0355
2242.02,35.6508
2242.34,31.8526
2243.19,17.7887
2243.47,14.0539
2243.72,11.4986
2243.97,9.63618
2244.27,8.14642
2244.57,7.23854
2244.97,6.57189
2245.58,6.11163
2246.74,5.74439
2249.63,5.37819
2255.0,5.06327
2255.63,5.15813
2256.04,5.41129
2256.45,5.96177
2256.9,7.02586
2257.82,10.0124
2258.26,10.8051
2258.41,10.8652
2258.78,10.5169
2259.31,9.13546
2260.0,7.08948
2260.48,6.16561
2261.03,5.62381
2261.57,5.40249
2263.32,5.22791
2275.04,5.03013
2276.42,5.11218
2277.19,5.43469
2278.01,6.25473
2278.78,7.02866
2279.1,7.11961
2279.62,6.8728
2280.85,5.53263
2281.49,5.15807
2282.32,5.03097
2284.45,5.21372
2286.9,4.94922
2302.82,4.71667
2303.5,4.76938
2304.05,5.03153
2304.5,5.59599
2304.94,6.60271
2305.94,9.73062
2306.36,10.4658
2306.5,10.5231
2306.86,10.2119
2307.36,8.99725
2308.12,6.78284
2308.61,5.85797
2309.02,5.42884
2309.57,5.16162
2311.21,4.97668
2328.09,4.59601
2328.8,4.75302
2329.23,5.13261
2329.52,5.64569
2329.87,6.58716
2330.31,8.27484
2331.02,11.3681
2331.42,12.3844
2331.61,12.5018
2331.97,12.078
2332.44,10.5146
2333.12,7.77235
2333.55,6.513
2333.97,5.7383
2334.4,5.32757
2335.08,5.05905
2337.52,4.83877
2343.4,4.52228
2343.87,4.64447
2344.19,4.90419
2344.5,5.43398
2344.79,6.26833
2345.09,7.61359
2345.41,9.60571
2346.32,16.4706
2346.69,18.1289
2346.92,18.4123
2347.2,17.919
2347.62,15.7946
2348.45,10.0025
2348.83,8.05545
2349.15,6.94774
2349.54,6.1029
2350.01,5.59738
2350.33,5.42573
2351.96,5.10433
2353.58,4.96984
2354.43,5.09113
2354.94,5.49675
2355.36,6.22308
2355.85,7.59008
2356.65,10.2101
2357.08,10.9197
2357.21,10.9574
2357.59,10.5947
2358.15,9.08693
2358.84,7.03013
2359.31,6.10284
2359.69,5.65354
2360.28,5.31768
2361.29,5.14472
2368.83,4.937
2380.86,4.84078
2382.82,4.89565
2383.72,5.17468
2385.31,6.31191
2385.6,6.36657
2386.14,6.18165
2387.44,5.17611
2388.17,4.89958
2390.34,4.78562
2398.11,4.74481
2399.49,4.78636
2400.27,4.97083
2401.03,5.49249
2402.1,6.5009
2402.5,6.6251
2403.04,6.39584
2404.25,5.23648
2404.86,4.89531
2405.89,4.71823
2418.31,4.60429
2421.15,4.81103
2424.33,4.53661
2436.62,4.28227
2442.11,3.99398
2445.43,3.59216
2446.86,3.34962
2447.28,3.43413
2447.57,3.69432
2447.78,4.10131
2448.0,4.79799
2448.18,5.69193
2448.36,6.99376
2448.53,8.70806
2448.73,11.3357
2448.94,14.777
2449.18,20.2649
2449.51,29.4155
2450.25,52.3288
2450.59,59.4528
2450.89,61.91
2450.92,61.9313
2451.2,60.1208
2451.57,53.1556
2452.47,28.0497
2452.79,20.8937
2453.05,16.4638
2453.31,13.3352
2453.56,11.154
2453.84,9.48802
2454.2,8.2306
2454.62,7.42255
2455.16,6.85179
2455.97,6.38331
2457.77,5.85342
2461.66,5.37607
2471.15,4.98532
2477.97,4.85691
2479.37,4.9485
2480.19,5.32015
2481.63,6.60673
2481.99,6.70443
2482.53,6.48332
2483.89,5.17346
2484.59,4.83098
2485.79,4.67323
2486.45,4.74065
2487.02,5.05485
2487.48,5.67051
2487.99,6.80652
2488.84,9.10121
2489.29,9.73649
2489.41,9.7683
2489.78,9.50121
2490.31,8.38679
2491.1,6.44358
2491.62,5.62474
2492.03,5.26365
2492.58,5.03068
2494.32,4.85157
2499.37,4.73666
2500.92,4.80869
2501.6,5.08433
2502.12,5.59921
2502.72,6.61544
2503.45,7.99026
2503.93,8.41634
2504.0,8.42334
2504.45,8.1231
2505.12,6.89731
2505.8,5.65152
2506.35,5.04383
2506.81,4.79479
2508.05,4.61345
2520.34,4.29155
2524.45,4.0215
2524.97,4.10788
2525.28,4.31013
2525.59,4.73639
2525.83,5.27681
2526.1,6.23385
2526.39,7.66974
2526.77,10.2302
2527.54,16.3276
2527.93,18.3215
2528.21,18.7938
2528.51,18.2755
2528.86,16.4993
2529.79,9.78969
2530.16,7.76985
2530.48,6.47415
2530.85,5.54434
2531.22,5.02318
2531.67,4.79525
2531.98,4.91064
2532.29,5.34636
2532.53,5.97277
2532.76,6.93913
2533.04,8.60217
2533.32,10.8855
2533.7,14.9596
2534.36,22.5528
2534.74,25.367
2535.03,26.0348
2535.32,25.2954
2535.67,22.8334
2536.6,13.1755
2536.92,10.5919
2537.22,8.78946
2537.52,7.54303
2537.88,6.60043
2538.25,6.06399
2538.8,5.66455
2539.89,5.35156
2541.21,5.21724
2542.22,5.38864
2543.76,6.06837
2543.94,6.08293
2544.58,5.9071
2545.78,5.18822
2546.79,4.88409
2551.76,4.68407
2557.2,4.5795
2558.93,4.66961
2559.46,4.87958
2560.1,5.45754
2561.36,7.19021
2561.79,7.40156
2562.29,7.12368
2563.61,5.2622
2564.22,4.74472
2564.82,4.52762
2566.0,4.4189
2586.53,3.86647
2594.1,3.6524
2595.92,3.73161
2597.28,3.96284
2598.23,4.33229
2598.98,4.89242
2599.55,5.61333
2600.0,6.51782
2600.36,7.5994
2600.72,9.19325
2601.04,11.2512
2601.32,13.8577
2601.61,17.4697
2601.86,21.8514
2602.13,27.8114
2602.42,36.397
2602.75,48.8384
2603.21,70.7418
2604.02,111.972
2604.43,126.629
2604.81,132.169
2604.88,132.19
2605.28,126.846
2605.68,113.118
2606.76,64.3163
2607.19,48.9566
2607.57,38.6443
2607.95,31.116
2608.33,25.6364
2608.79,21.2259
2609.24,18.2142
2609.88,15.3922
2610.68,13.0935
2611.65,11.3366
2612.47,10.377
2613.46,9.77692
2615.09,9.25046
2617.01,7.72808
2618.15,7.24322
2621.07,6.5963
2627.56,5.77665
2634.66,5.07838
2635.21,5.16125
2635.65,5.48346
2636.03,6.12445
2636.35,7.03959
2636.69,8.51949
2637.21,11.5237
2637.76,14.7809
2638.18,16.2667
2638.4,16.4967
2638.7,16.1071
2639.06,14.7741
2640.1,9.05571
2640.47,7.52868
2640.88,6.43603
2641.36,5.73029
2641.83,5.37229
2643.24,4.93405
2647.06,4.08983
2647.46,4.18519
2647.78,4.51046
2648.02,5.06837
2648.23,5.85528
2648.43,7.05605
2648.64,8.80282
2648.84,11.2339
2649.04,14.3297
2649.27,18.9914
2649.53,25.7312
2649.95,39.0476
2650.52,57.9573
2650.89,66.1932
2651.21,68.8516
2651.25,68.8524
2651.58,65.9856
2651.99,56.9058
2652.85,31.4974
2653.19,23.5338
2653.46,18.7629
2653.73,15.2513
2653.96,13.0802
2654.2,11.4403
2654.56,9.88307
2655.01,8.7977
2655.55,8.0964
2656.54,7.42462
2658.17,6.84329
2661.58,6.2744
2668.39,5.80963
2685.59,5.38497
2692.49,5.30326
2694.22,5.42195
2694.84,5.70581
2695.46,6.3152
2696.64,7.93374
2697.1,8.15352
2697.66,7.82212
2699.03,5.94482
2699.53,5.55146
2700.39,5.27606
2704.3,5.176
2705.68,5.22813
2706.54,5.4661
2708.32,6.63015
2708.59,6.67085
2709.22,6.45697
2710.49,5.517
2710.92,5.31748
2712.21,5.1116
2717.58,5.0477
2719.15,5.14421
2721.17,5.57087
2721.18,5.57088
2722.42,5.31963
2723.5,5.06581
2727.94,4.94075
2740.29,4.79787
2742.17,4.89283
2742.98,5.19342
2744.38,5.99131
2744.68,6.03406
2745.39,5.80717
2746.74,4.95577
2747.89,4.67824
2751.27,4.51816
2752.16,4.63796
2752.72,5.01923
2753.16,5.66193
2753.73,6.96567
2754.49,8.96759
2754.96,9.63813
2755.12,9.68247
2755.53,9.35455
2756.14,8.03977
2756.89,6.23764
2757.34,5.50892
2757.73,5.10795
2758.28,4.80358
2759.48,4.58152
2766.05,3.9614
2769.03,3.4486
2769.49,3.55439
2769.74,3.78048
2769.99,4.23495
2770.2,4.8825
2770.4,5.87935
2770.61,7.34254
2770.82,9.39869
2771.02,12.0444
2771.25,16.078
2771.51,22.0063
2771.88,32.2145
2772.62,54.9057
2772.98,62.3974
2773.31,65.0764
2773.34,65.0897
2773.66,62.812
2773.99,56.6011
2775.0,29.3884
2775.33,22.0353
2775.61,17.5544
2775.88,14.2392
2776.14,11.9229
2776.39,10.4208
2776.72,9.10085
2777.14,8.12885
2777.62,7.48907
2778.56,6.82111
2780.54,6.14678
2782.73,5.75671
2790.41,4.8892
2790.94,4.99938
2791.25,5.25548
2791.57,5.78584
2791.89,6.73397
2792.18,8.13647
2792.51,10.3267
2792.9,13.7961
2793.61,20.817
2794.01,23.4788
2794.34,24.1944
2794.68,23.4259
2795.09,20.7258
2795.98,12.8893
2796.37,10.2491
2796.71,8.64863
2797.06,7.53715
2797.43,6.83457
2797.99,6.30233
2798.88,5.9665
2800.44,5.72402
2804.61,5.44534
2822.53,4.88057
2824.76,4.71461
2825.46,4.78556
2825.93,5.11454
2826.24,5.61822
2826.55,6.48013
2826.88,7.89325
2827.23,9.99449
2828.23,17.6981
2828.64,19.7957
2828.93,20.2777
2829.25,19.7642
2829.64,17.8648
2830.63,10.9614
2831.05,8.7945
2831.4,7.56543
2831.83,6.63087
2832.35,6.07303
2833.19,5.7317
2834.65,5.52611
2840.89,5.25951
2846.89,5.17295
2848.43,5.27958
2850.57,5.93537
2850.69,5.93912
2851.67,5.69504
2853.05,5.21964
2855.24,5.08772
2860.95,5.04669
2863.17,5.16352
2865.21,5.6811
2865.29,5.68261
2866.27,5.48765
2867.64,5.10107
2870.62,4.98585
2901.18,4.8152
2903.01,4.9041
2903.71,5.15016
2904.5,5.77356
2905.59,6.83405
2906.0,6.95686
2906.53,6.74396
2907.91,5.36356
2908.66,4.93809
2909.66,4.76108
2918.67,4.51149
2919.38,4.60676
2919.95,4.95299
2920.42,5.59472
2920.88,6.62478
2921.93,9.53247
2922.4,10.1685
2922.53,10.1962
2922.97,9.81044
2923.63,8.25969
2924.37,6.36466
2924.86,5.51445
2925.26,5.08125
2925.79,4.78842
2926.05,4.73301
2926.56,4.82014
2926.99,5.23437
2927.36,5.98528
2927.65,6.95341
2928.02,8.74152
2928.54,12.1496
2929.14,16.199
2929.56,17.9948
2929.83,18.3542
2930.14,17.9355
2930.52,16.3565
2931.6,9.85247
2931.96,8.22848
2932.33,7.04219
2932.67,6.35033
2933.19,5.77911
2934.01,5.42318
2935.44,5.22007
2939.27,5.02267
2972.53,4.54903
2974.61,4.49224
2975.19,4.57575
2975.76,4.90511
2976.22,5.50897
2976.69,6.51653
2977.81,9.78326
2978.28,10.5009
2978.42,10.5453
2978.83,10.2293
2979.42,8.8698
2980.18,6.82486
2980.72,5.80536
2981.3,5.20707
2981.88,4.93452
2983.47,4.70656
2984.45,4.65423
2985.33,4.7864
2985.89,5.18688
2986.34,5.83468
2986.92,7.12392
2987.75,9.15383
2988.25,9.69752
2988.35,9.7106
2988.74,9.43305
2989.35,8.23269
2990.12,6.5156
2990.68,5.65436
2991.24,5.19186
2991.81,4.98112
2993.83,4.79338
3017.78,4.3315
3018.95,4.29754
3019.53,4.35553
3020.12,4.62715
3020.49,5.02401
3020.92,5.80953
3021.47,7.32468
3022.3,9.8671
3022.77,10.6129
3022.92,10.6694
3023.34,10.3304
3023.79,9.30186
3024.7,6.73208
3025.14,5.83868
3025.54,5.30097
3026.12,4.88163
3026.91,4.66696
3030.23,4.46882
3038.09,4.28708
3039.34,4.37395
3039.99,4.64141
3040.56,5.192
3041.27,6.34332
3042.08,7.73863
3042.58,8.06157
3043.08,7.74801
3043.84,6.44108
3044.56,5.16699
3044.98,4.67007
3045.59,4.26383
3046.38,4.06138
3051.5,3.66248
3052.23,3.7349
3052.55,3.91488
3052.88,4.29072
3053.2,4.9694
3053.49,5.90057
3053.8,7.35199
3054.16,9.60688
3055.09,16.4917
3055.5,18.5589
3055.82,19.0838
3056.15,18.5536
3056.54,16.7127
3057.56,9.74028
3057.96,7.6435
3058.25,6.52124
3058.62,5.54338
3058.89,5.06223
3059.26,4.6546
3059.79,4.3678
3060.11,4.32142
3060.6,4.4666
3061.03,4.93582
3061.38,5.6352
3061.78,6.88895
3062.32,9.20614
3062.98,12.0749
3063.43,13.1686
3063.63,13.3002
3063.96,12.9803
3064.44,11.5421
3065.41,7.51844
3065.87,6.10394
3066.25,5.32599
3066.68,4.7622
3067.2,4.38876
3068.2,4.05806
3070.32,3.70986
3070.41,3.70791
3070.86,3.76674
3071.21,3.96205
3071.57,4.39973
3071.85,5.01265
3072.17,6.07104
3072.49,7.5767
3072.88,9.98892
3073.72,15.7297
3074.12,17.4584
3074.41,17.8342
3074.74,17.3105
3075.12,15.6027
3076.18,8.84817
3076.57,6.92719
3076.88,5.80165
3077.22,4.96833
3077.64,4.32856
3078.07,3.96615
3078.74,3.65473
3081.72,2.94498
3084.76,2.26511
3085.59,2.15467
3086.12,2.20459
3086.43,2.3483
3086.73,2.64664
3086.94,3.0157
3087.13,3.50596
3087.32,4.2129
3087.5,5.21499
3087.69,6.61162
3087.88,8.5242
3088.07,11.1615
3088.26,14.572
3088.47,19.5308
3088.68,25.9358
3088.92,35.6028
3089.18,48.379
3089.53,69.7244
3090.47,134.439
3090.86,153.231
3091.22,160.078
3091.25,160.146
3091.63,154.255
3092.04,136.372
3093.1,71.6002
3093.45,54.364
3093.74,43.1099
3094.04,34.5272
3094.33,28.2047
3094.62,23.6496
3094.95,20.0114
3095.37,17.0108
3095.88,14.6866
3096.57,12.7693
3097.42,11.2631
3098.52,10.0164
3099.78,9.08478
3102.24,7.9756
3104.61,7.34003
3109.62,6.58128
3115.12,6.13116
3128.55,5.58911
3135.33,5.44256
3136.96,5.54656
3138.17,6.01377
3139.31,6.46965
3139.47,6.4795
3140.35,6.22838
3141.54,5.61369
3142.69,5.35189
3169.74,4.96733
3196.95,4.58814
3203.13,4.36624
3206.72,4.10686
3207.28,4.26782
3207.66,4.63255
3207.95,5.15496
3208.23,5.98508
3208.53,7.28113
3208.83,9.07009
3209.22,12.1268
3210.1,20.0008
3210.52,22.47
3210.85,23.0905
3211.19,22.396
3211.62,19.9156
3212.64,11.7823
3213.03,9.4313
3213.41,7.76658
3213.81,6.66168
3214.21,6.01073
3214.8,5.5177
3216.04,5.14652
3220.16,4.7254
3223.4,4.50709
3223.89,4.55888
3224.36,4.75572
3224.78,5.16312
3225.21,5.88632
3225.72,7.2253
3226.6,9.96064
3227.1,10.8858
3227.33,11.0055
3227.75,10.6627
3228.21,9.61155
3229.15,6.94214
3229.59,5.99109
3230.0,5.40522
3230.6,4.92973
3231.36,4.66971
3237.08,3.92283
3238.38,3.74328
3238.77,3.81183
3239.06,3.99954
3239.35,4.39993
3239.59,4.98514
3239.83,5.92572
3240.08,7.27047
3240.32,9.13458
3240.59,11.9898
3240.92,16.359
3241.43,24.9377
3241.97,34.1479
3242.38,38.9727
3242.74,40.4542
3243.11,39.0953
3243.53,34.4571
3244.53,19.2731
3244.9,14.7921
3245.23,11.8284
3245.58,9.67333
3245.92,8.26515
3246.27,7.37876
3246.68,6.7421
3247.23,6.27347
3248.34,5.81381
3250.99,5.31949
3256.28,4.86682
3264.72,4.29329
3268.34,3.86067
3270.85,3.39446
3270.97,3.39445
3271.32,3.47615
3271.68,3.78497
3271.95,4.3067
3272.17,5.03915
3272.4,6.15004
3272.63,7.75452
3272.85,9.96976
3273.08,12.8986
3273.34,17.2744
3273.66,23.8945
3274.71,50.189
3275.11,56.9206
3275.45,58.8814
3275.82,56.8262
3276.2,50.9259
3277.27,27.0855
3277.63,20.5543
3277.96,16.1859
3278.29,13.0638
3278.58,11.1129
3278.94,9.53319
3279.4,8.37108
3279.94,7.60681
3281.03,6.85445
3282.84,6.25521
3286.32,5.7209
3290.44,5.44473
3292.86,5.59217
3296.12,5.17913
3313.67,4.62061
3318.32,4.37278
3319.08,4.55207
3319.54,4.92965
3320.0,5.66095
3320.45,6.81416
3321.49,10.17
3321.97,11.1296
3322.22,11.2679
3322.62,10.9401
3323.17,9.625
3323.9,7.55789
3324.17,7.05577
3324.47,6.83045
3324.7,6.95676
3324.94,7.39164
3325.24,8.40028
3325.59,10.2308
3326.07,13.6579
3326.71,18.4792
3327.15,20.5635
3327.45,21.0223
3327.79,20.4738
3328.22,18.4088
3329.26,11.3092
3329.67,9.16746
3330.07,7.66341
3330.46,6.74244
3330.84,6.18118
3331.42,5.73646
3332.69,5.372
3335.92,5.0531
3356.91,4.2558
3358.37,4.16434
3359.19,4.27843
3359.65,4.59046
3360.06,5.17969
3360.41,5.98186
3360.86,7.50315
3361.97,12.193
3362.42,13.2887
3362.65,13.4337
3363.03,13.0342
3363.57,11.385
3364.45,7.93395
3364.96,6.44563
3365.43,5.56538
3365.78,5.15784
3366.48,4.73605
3367.76,4.46301
3372.07,4.00039
3373.24,3.9266
3373.9,4.07052
3374.24,4.32041
3374.57,4.81179
3374.84,5.50802
3375.13,6.59978
3375.42,8.2478
3375.71,10.5307
3376.02,13.765
3376.47,19.596
3377.21,30.0231
3377.64,34.3201
3378.05,35.8296
3378.46,34.533
3378.9,30.4903
3379.94,17.6695
3380.32,13.8637
3380.66,11.3797
3380.99,9.58387
3381.4,8.14725
3381.83,7.19591
3382.27,6.62571
3383.14,6.01959
3384.48,5.57184
3386.75,5.18832
3391.41,4.81183
3406.67,4.2511
3407.47,4.2473
3409.99,4.39358
3413.41,4.04073
3420.21,3.80518
3421.07,3.84628
3421.85,4.07499
3422.36,4.44244
3423.04,5.2574
3424.0,6.56436
3424.55,6.87346
3424.58,6.87399
3425.12,6.59621
3425.91,5.48998
3426.71,4.36848
3427.35,3.81345
3428.0,3.54295
3429.07,3.37907
3436.3,2.90604
3437.06,2.9679
3437.64,3.17114
3438.22,3.5979
3439.55,5.12204
3440.08,5.39916
3440.15,5.40235
3440.61,5.21557
3441.22,4.51414
3442.18,3.19381
3442.69,2.70065
3443.13,2.42239
3443.56,2.24452
3444.48,2.03985
3446.85,1.73804
3448.54,1.59689
3449.05,1.58278
3450.0,1.62846
3450.61,1.73832
3451.22,1.95569
3451.75,2.28747
3452.2,2.7344
3452.55,3.25403
3452.91,3.99427
3453.23,4.9398
3453.53,6.19186
3453.8,7.71362
3454.07,9.78727
3454.3,12.1926
3454.52,15.2109
3454.75,19.1164
3454.98,24.364
3455.23,31.6925
3455.5,42.0831
3455.78,55.9098
3456.12,77.2499
3456.51,108.315
3457.62,212.241
3458.1,245.373
3458.52,257.518
3458.59,257.8
3458.97,250.829
3459.43,225.497
3460.74,119.939
3461.21,89.5639
3461.61,70.1375
3462.01,55.885
3462.41,45.6854
3462.87,37.6146
3463.3,32.1964
3463.93,26.8896
3464.67,22.6893
3465.57,19.3552
3466.81,16.3015
3468.0,14.3618
3469.42,12.7779
3470.84,12.0013
3471.31,11.9589
3471.94,11.9754
3473.1,11.6065
3475.11,9.67417
3476.44,8.97348
3481.07,7.81719
3492.43,5.9159
3495.64,5.09109
3495.89,5.08512
3496.28,5.23276
3496.57,5.56818
3496.81,6.08851
3497.09,7.09694
3497.33,8.42003
3497.57,10.2728
3497.84,13.1357
3498.15,17.369
3498.56,24.4
3499.4,40.4441
3499.83,45.9957
3500.22,47.58
3500.62,45.6577
3501.09,39.5925
3502.05,23.7427
3502.45,18.5015
3502.81,15.0214
3503.13,12.8241
3503.52,11.0305
3503.94,9.86981
3504.46,9.03899
3505.52,8.22551
3507.44,7.54855
3511.29,6.90311
3518.99,6.25861
3529.06,5.51317
3532.85,4.95995
3533.34,5.04857
3533.73,5.36536
3534.03,5.86431
3534.32,6.69651
3534.61,7.93494
3534.9,9.6692
3535.25,12.4397
3535.81,18.2305
3536.41,24.4159
3536.86,27.5008
3537.22,28.3045
3537.61,27.47
3538.28,23.369
3538.78,20.1868
3539.18,18.6822
3539.66,18.3145
3540.76,19.6624
3541.29,18.9302
3541.82,16.8044
3542.85,11.5725
3543.39,9.54827
3543.83,8.46182
3544.37,7.69256
3545.08,7.18931
3546.04,6.88559
3548.42,6.53227
3552.7,6.2158
3573.27,5.39291
3576.88,5.0931
3577.46,5.27101
3577.84,5.64569
3578.22,6.38768
3578.56,7.49149
3578.91,9.15381
3579.34,11.873
3580.29,19.0025
3580.76,21.2745
3581.09,21.7716
3581.43,21.2447
3581.92,18.9507
3582.97,12.0624
3583.43,9.80891
3583.82,8.47117
3584.25,7.52976
3584.76,6.9162
3585.56,6.47623
3587.97,6.07944
3596.14,5.7028
3603.6,5.55315
3604.99,5.62714
3605.86,5.8984
3607.85,7.26258
3608.19,7.32179
3608.87,7.08333
3610.17,6.04458
3611.16,5.57257
3612.8,5.38976
3616.99,5.31028
3618.42,5.37794
3619.14,5.60798
3619.9,6.2065
3621.49,8.29651
3621.98,8.51555
3622.57,8.19545
3624.0,6.16433
3624.5,5.66848
3625.06,5.43782
3625.61,5.5894
3626.12,6.13782
3626.7,7.28143
3627.75,9.87138
3628.3,10.6095
3628.48,10.657
3628.99,10.2674
3629.82,8.54683
3630.57,6.97628
3631.22,6.10541
3631.82,5.6982
3633.19,5.391
3640.78,5.07867
3654.22,4.68057
3655.93,4.83623
3657.64,5.16597
3657.68,5.16611
3658.71,4.97745
3660.57,4.4266
3668.03,3.67266
3669.21,3.56436
3669.79,3.67806
3670.14,3.92555
3670.5,4.419
3670.76,5.01936
3671.08,6.05768
3671.43,7.65688
3671.86,10.3222
3672.85,17.3671
3673.33,19.662
3673.77,20.4048
3673.84,20.413
3674.91,19.4651
3675.23,20.1669
3675.52,21.8201
3675.79,24.4686
3676.13,29.5276
3676.49,36.9075
3677.06,52.0884
3677.85,73.2313
3678.34,81.6593
3678.69,83.5811
3679.08,81.5384
3679.61,72.4348
3680.92,40.3012
3681.41,30.8688
3681.77,25.8141
3682.17,21.9997
3682.53,20.0531
3682.81,19.5029
3683.1,19.8195
3683.5,21.5692
3684.05,25.9692
3684.8,32.4933
3685.29,34.6374
3685.41,34.7308
3685.79,33.8031
3686.3,30.0695
3687.4,18.8748
3687.89,15.0876
3688.32,12.8091
3688.69,11.5004
3689.25,10.3007
3689.92,9.51606
3691.4,8.67309
3693.9,7.91773
3698.24,7.22128
3704.63,6.69398
3711.9,6.40351
3713.6,6.68743
3715.2,7.10129
3715.23,7.1016
3716.27,6.87889
3717.65,6.37971
3719.84,6.14687
3725.11,6.03759
3727.61,6.17935
3729.24,6.38085
3732.44,5.94309
3740.4,5.81346
3743.07,5.97775
3744.45,6.11364
3748.2,5.72883
3755.63,5.63764
3757.98,5.74047
3759.94,5.99126
3763.56,5.53213
3770.93,5.27168
3771.65,5.41913
3772.16,5.79178
3772.56,6.37535
3772.96,7.30482
3773.47,9.01139
3774.56,13.3969
3775.08,14.5239
3775.29,14.643
3775.78,14.0954
3776.43,12.1271
3777.29,9.07122
3777.83,7.72465
3778.31,6.95537
3778.95,6.40554
3779.81,6.10478
3781.95,5.87842
3793.44,5.62131
3794.25,5.61751
3796.2,5.74734
3798.61,6.50453
3798.78,6.51197
3799.74,6.30284
3801.07,5.7877
3802.37,5.57778
3824.72,5.41573
3826.56,5.54953
3827.39,5.91627
3828.31,6.80138
3829.36,7.95738
3829.89,8.16049
3830.54,7.86886
3832.16,6.07485
3832.99,5.57779
3834.25,5.36559
3843.32,5.16479
3844.16,5.27034
3844.76,5.58189
3845.35,6.26986
3845.98,7.47045
3847.0,9.70927
3847.57,10.3032
3847.69,10.323
3848.19,9.9951
3849.02,8.49348
3849.89,6.89142
3850.42,6.25588
3851.02,5.86012
3852.39,5.56373
3859.2,5.37634
3876.08,5.23576
3878.44,5.35453
3880.73,5.80249
3880.77,5.80274
3882.06,5.58253
3883.85,5.22239
3901.89,4.89613
3908.27,4.61235
3911.34,4.31669
3911.99,4.40092
3912.37,4.62947
3912.74,5.12032
3913.02,5.74711
3913.35,6.90283
3913.7,8.65023
3914.11,11.4368
3915.3,21.5899
3915.77,24.0211
3916.08,24.5167
3916.5,23.6668
3917.02,20.6216
3918.02,12.901
3918.48,10.1131
3918.9,8.34187
3919.25,7.33642
3919.71,6.48675
3920.18,5.99523
3921.11,5.49564
3922.81,5.02953
3923.24,5.00418
3923.67,5.11965
3924.1,5.51998
3924.42,6.13405
3924.77,7.2272
3925.07,8.62036
3925.43,10.9059
3925.9,14.8131
3926.79,22.9449
3927.25,25.6225
3927.59,26.2847
3928.03,25.3119
3928.5,22.4171
3929.55,13.9893
3930.02,11.0757
3930.41,9.37723
3930.88,8.05394
3931.27,7.3767
3931.99,6.73533
3932.95,6.37309
3935.82,5.95529
3941.56,5.64171
3971.74,4.99763
3972.59,5.1982
3973.12,5.5467
3973.85,6.42248
3975.07,8.24997
3975.68,8.58662
3976.16,8.37428
3977.1,7.16489
3978.01,5.98375
3978.86,5.38322
3980.09,5.08214
3986.8,4.49279
3990.01,3.98636
3990.46,4.04646
3990.79,4.24487
3991.05,4.57693
3991.36,5.26443
3991.62,6.21675
3991.89,7.61286
3992.14,9.47813
3992.42,12.1614
3992.76,16.4151
3993.21,23.4527
3993.99,36.6651
3994.46,42.3185
3994.88,44.2009
3995.29,42.7927
3995.73,38.3218
3996.89,21.392
3997.33,16.3825
3997.73,13.1132
3998.08,11.0884
3998.51,9.49774
3998.93,8.52938
3999.56,7.72828
4000.48,7.16337
4002.6,6.57684
4006.54,6.12157
4014.44,5.77662
4040.38,5.4463
4077.65,5.15573
4078.89,5.21795
4079.86,5.56876
4080.8,6.3649
4081.88,7.33563
4082.39,7.48325
4083.03,7.25889
4084.8,5.83087
4085.69,5.52895
4086.0,5.50773
4087.18,5.70765
4088.67,6.05699
4088.73,6.05768
4089.77,5.84732
4091.15,5.3519
4092.54,5.12057
4095.23,4.96519
4095.98,5.03628
4096.49,5.26402
4096.99,5.78884
4097.47,6.67219
4098.03,8.25861
4099.1,11.9561
4099.65,13.0329
4099.9,13.1647
4100.32,12.8234
4100.85,11.6053
4101.91,8.40405
4102.42,7.25573
4102.88,6.55154
4103.56,5.98974
4104.47,5.69323
4106.2,5.52402
4116.69,5.28819
4126.47,5.16146
4128.06,5.27037
4128.9,5.61313
4130.81,7.1091
4131.28,7.22023
4131.91,7.03451
4133.67,5.77079
4134.27,5.51832
4135.67,5.30294
4145.83,5.16056
4147.95,5.28622
4148.88,5.61743
4150.69,6.69914
4151.09,6.76434
4151.92,6.50103
4153.57,5.46095
4154.07,5.28272
4155.71,5.08904
4175.75,4.80135
4184.89,4.46039
4189.14,4.21101
4189.92,4.32409
4190.49,4.67375
4190.86,5.15881
4191.2,5.94195
4191.5,6.99987
4191.8,8.51946
4192.11,10.6827
4192.42,13.5852
4192.84,18.5885
4193.61,30.0438
4194.21,38.4332
4194.68,42.5078
4195.04,43.4388
4195.47,41.9175
4195.94,37.4618
4197.18,21.6248
4197.64,16.9736
4198.02,14.0908
4198.4,11.9866
4198.88,10.2115
4199.34,9.10789
4199.9,8.29142
4200.72,7.57738
4202.23,6.89892
4205.09,6.29856
4210.8,5.81198
4218.47,5.49884
4219.76,5.63185
4220.58,6.03046
4222.41,7.6061
4222.89,7.73339
4223.62,7.46148
4225.16,6.19254
4226.02,5.78545
4227.87,5.54065
4249.84,5.23317
4269.08,4.94602
4271.45,4.85816
4272.36,4.94024
4273.0,5.23011
4273.47,5.69599
4274.09,6.70907
4275.47,9.81832
4276.05,10.4744
4276.21,10.5084
4276.76,10.1183
4277.65,8.4396
4278.5,6.78146
4279.14,5.98434
4279.96,5.4627
4281.1,5.19219
4283.4,5.02116
4284.14,5.17165
4284.69,5.52625
4285.31,6.30725
4286.2,8.09692
4287.02,9.64456
4287.6,10.063
4288.13,9.76242
4288.97,8.35647
4289.9,6.71134
4290.6,5.93229
4291.18,5.57136
4292.45,5.26125
4301.34,4.6206
4304.96,4.18028
4305.47,4.31611
4305.86,4.66094
4306.15,5.1606
4306.47,6.0753
4306.75,7.28717
4307.04,8.97084
4307.33,11.2852
4307.69,14.9343
4308.35,23.1993
4308.97,30.969
4309.45,34.7238
4309.82,35.67
4310.22,34.5297
4310.7,30.749
4311.86,17.9044
4312.26,14.3423
4312.66,11.6739
4313.03,9.94557
4313.45,8.65196
4313.87,7.84802
4314.5,7.1756
4315.47,6.68706
4317.08,6.30328
4320.95,5.89745
4328.69,5.59353
4363.39,5.1229
4364.49,5.20155
4365.14,5.42189
4365.98,6.08185
4367.45,7.76897
4368.11,8.05389
4368.81,7.7402
4370.35,6.17176
4371.17,5.66037
4371.73,5.4816
4374.21,5.28254
4396.18,4.92954
4402.04,4.64529
4402.82,4.74418
4403.41,5.11639
4403.85,5.73409
4404.29,6.77342
4404.78,8.49466
4406.01,14.1564
4406.55,15.7865
4406.9,16.1152
4407.26,15.7927
4407.8,14.2607
4409.04,9.27303
4409.55,7.73699
4409.99,6.83994
4410.58,6.1246
4411.17,5.75699
4412.89,5.37381
4417.54,4.94393
4418.4,5.08317
4418.91,5.45683
4419.4,6.1956
4419.81,7.19928
4420.27,8.80887
4421.43,13.795
4421.97,15.2935
4422.3,15.5717
4422.68,15.2584
4423.23,13.793
4424.47,9.16216
4425.0,7.7178
4425.46,6.89506
4426.03,6.28738
4426.99,5.85197
4429.73,5.53982
4441.9,5.23023
4470.72,4.81016
4478.94,4.48062
4479.75,4.67008
4480.24,5.01207
4480.76,5.67829
4481.36,6.88008
4482.48,9.54141
4483.06,10.301
4483.27,10.3612
4483.83,9.94394
4484.53,8.54518
4485.46,6.41768
4486.07,5.42544
4486.77,4.71215
4487.48,4.34845
4487.91,4.27357
4488.31,4.35379
4488.71,4.67884
4489.01,5.1789
4489.31,5.99631
4489.6,7.18848
4489.89,8.85777
4490.22,11.4239
4490.64,15.6196
4491.85,30.4026
4492.34,34.1885
4492.73,35.1571
4493.14,34.0308
4493.63,30.2594
4494.83,17.5004
4495.24,13.9951
4495.66,11.3849
4496.04,9.70316
4496.47,8.44941
4496.91,7.67088
4497.55,7.01533
4498.88,6.42224
4500.21,6.12329
4505.46,5.5199
4507.08,5.40625
4507.79,5.49062
4508.46,5.84733
4509.08,6.60606
4509.71,7.89513
4510.84,10.615
4511.44,11.3577
4511.63,11.4003
4512.15,11.0291
4512.9,9.62191
4513.87,7.56097
4514.58,6.57901
4515.23,6.0986
4516.15,5.80533
4517.9,5.62395
4524.78,5.39296
4565.74,4.72807
4574.34,4.39598
4579.99,3.94741
4583.12,3.4766
4585.44,3.01553
4585.58,3.0126
4586.02,3.09958
4586.38,3.36789
4586.67,3.80874
4586.92,4.44546
4587.17,5.40734
4587.42,6.79662
4587.68,8.76544
4587.93,11.2742
4588.2,14.8464
4588.51,20.1083
4588.92,28.7981
4590.09,58.1422
4590.57,66.4811
4591.02,69.259
4591.49,66.6487
4591.98,58.8691
4593.18,32.8159
4593.64,24.8921
4593.99,20.2135
4594.34,16.7066
4594.72,14.0669
4595.1,12.1941
4595.56,10.7263
4596.17,9.54886
4596.94,8.69439
4598.54,7.73118
4601.12,6.93214
4604.07,6.44345
4604.81,6.51329
4605.55,6.87805
4606.42,7.8184
4607.63,9.31988
4608.22,9.56889
4608.9,9.22402
4610.68,7.1244
4611.56,6.53683
4613.02,6.18169
4622.49,5.65607
4623.67,5.84712
4624.26,6.20389
4624.94,6.94296
4626.33,8.9024
4627.02,9.28487
4627.53,9.09013
4628.57,7.87013
4629.37,6.90059
4630.22,6.26159
4631.46,5.91354
4633.41,5.77752
4654.45,5.44506
4672.38,5.19297
4673.68,5.29401
4674.52,5.64771
4675.42,6.43685
4676.62,7.61253
4677.21,7.81508
4677.91,7.55488
4679.7,5.97594
4680.55,5.55452
4681.8,5.30637
4683.37,5.20599
4684.4,5.36665
4685.03,5.76442
4685.66,6.547
4686.65,8.46259
4687.4,9.79569
4688.0,10.2178
4688.03,10.219
4688.53,9.95756
4689.41,8.61094
4690.45,6.89041
4691.2,6.14167
4691.83,5.81959
4693.53,5.54117
4700.3,5.34655
4724.44,4.95817
4729.1,4.73409
4729.87,4.9118
4730.45,5.38734
4730.9,6.10331
4731.41,7.39106
4732.05,9.72181
4732.94,13.2569
4733.5,14.6196
4733.83,14.8525
4734.31,14.3706
4734.92,12.6944
4735.99,8.9885
4736.57,7.49835
4737.06,6.67654
4737.64,6.08934
4738.42,5.71092
4740.4,5.39446
4744.49,5.11496
4745.37,5.22859
4746.0,5.55812
4746.63,6.24363
4747.39,7.56541
4748.38,9.43047
4749.01,9.97541
4749.13,9.9897
4749.63,9.73382
4750.51,8.41888
4751.55,6.72342
4752.3,5.9735
4752.93,5.6443
4754.55,5.35148
4767.57,4.75147
4770.47,4.55525
4771.31,4.70192
4771.76,5.01322
4772.21,5.63401
4772.57,6.46539
4772.92,7.68167
4773.33,9.57308
4773.87,12.9879
4774.89,20.0987
4775.4,22.4892
4775.85,23.1937
4776.29,22.4774
4776.89,19.7112
4778.08,12.5524
4778.63,10.0196
4779.17,8.37893
4779.61,7.49958
4780.17,6.82717
4780.73,6.4394
4781.84,6.04208
4784.52,5.64044
4793.31,5.11105
4799.01,4.7819
4802.64,4.41613
4804.53,4.1299
4805.05,4.121
4805.57,4.28852
4805.95,4.65867
4806.25,5.18951
4806.51,5.88131
4806.81,7.04188
4807.12,8.65931
4807.46,11.1364
4807.86,14.8487
4809.11,28.8917
4809.62,32.6434
4810.03,33.6436
4810.46,32.5818
4810.97,28.9971
4812.21,16.8337
4812.64,13.4837
4813.07,10.9837
4813.47,9.36723
4813.91,8.15438
4814.36,7.39194
4815.03,6.73129
4816.35,6.08944
4817.89,5.70224
4818.1,5.69718
4818.76,5.89801
4819.2,6.33903
4819.66,7.22091
4820.08,8.50416
4820.59,10.6657
4821.72,16.4098
4822.27,18.228
4822.63,18.6092
4823.07,18.1373
4823.7,16.0027
4824.85,10.8284
4825.38,9.07445
4825.91,7.89055
4826.48,7.12308
4827.13,6.65323
4828.01,6.35125
4831.17,5.93104
4841.72,5.18215
4842.39,5.28395
4842.98,5.65477
4843.48,6.33152
4843.97,7.47128
4844.56,9.47873
4845.64,13.7326
4846.21,15.1217
4846.54,15.3581
4847.03,14.8788
4847.64,13.1786
4848.73,9.4071
4849.32,7.88953
4849.82,7.05048
4850.41,6.44586
4851.2,6.04466
4853.46,5.62502
4855.75,5.36931
4856.69,5.50062
4857.25,5.8927
4857.67,6.46515
4858.16,7.51976
4858.84,9.63018
4859.79,12.8335
4860.38,13.9603
4860.62,14.0803
4861.09,13.7241
4861.77,12.112
4862.85,8.84779
4863.41,7.57987
4864.02,6.6911
4864.73,6.17603
4865.21,6.07018
4865.78,6.20759
4866.27,6.64642
4866.77,7.48401
4867.35,9.02745
4868.74,13.7053
4869.33,14.7328
4869.55,14.812
4870.04,14.356
4870.68,12.771
4871.83,9.27293
4872.46,7.93642
4873.12,7.08206
4873.89,6.59177
4875.68,6.21092
4881.27,5.90698
4904.02,5.59353
4922.7,5.46119
4924.85,5.62605
4925.85,5.98976
4927.59,6.84781
4927.98,6.8941
4928.99,6.60115
4930.48,5.77812
4931.81,5.42043
4936.33,5.21874
4937.46,5.31912
4938.08,5.57589
4938.63,6.03612
4939.37,7.04001
4940.58,8.95729
4941.24,9.42364
4941.33,9.43137
4941.86,9.20103
4942.8,8.01296
4943.78,6.67153
4944.68,5.95357
4945.29,5.70765
4947.33,5.44162
4953.91,5.03469
4954.75,5.21237
4955.27,5.6259
4955.71,6.29797
4956.15,7.36507
4956.7,9.27671
4957.94,14.6756
4958.5,16.1875
4958.86,16.4645
4959.4,15.7933
4960.11,13.5043
4961.11,9.71859
4961.61,8.31556
4962.11,7.34975
4962.7,6.67009
4963.54,6.20991
4964.47,6.05685
4965.54,6.26546
4966.43,6.83026
4967.8,7.85369
4968.32,7.9714
4969.04,7.7513
4970.88,6.42446
4972.11,5.98533
4974.67,5.78648
4997.1,5.56141
4998.55,5.556
5000.0,9.10925
5000.0,5.55212
5500.0,9.02088
6000.0,8.94695
7000.0,8.83126
8000.0,8.74625
9000.0,8.68252
10000.0,8.63416
11955.3,8.58943
14292.9,8.53595
15000.0,8.51977
17932.9,8.5096
20000.0,8.50243
23910.6,8.51765
25000.0,8.52189
29888.2,8.55635
30000.0,8.55714
35865.9,8.60796
40000.0,8.64378
47821.2,8.71327
50000.0,8.73262
59776.5,8.81375
60000.0,8.81561
70000.0,8.89054
80000.0,8.95716
90000.0,9.01583
100000.0,7.60342
100000.0,9.06717
651718.0,7.09046
2500000.0,4.967
3250000.0,4.407
4077100.0,4.1225
5000000.0,4.05
1.05E7,4.535
1.225E7,4.575
1.55E7,4.432
2.0E7,3.989

