49-In-113(n,&gamma;) ENDF/B-VII.1
1.0E-5,597.124
1.31241E-5,521.232
1.70876E-5,456.799
2.2426E-5,398.744
2.91987E-5,349.454
3.83206E-5,305.04
4.98935E-5,267.335
6.54808E-5,233.359
8.52562E-5,204.518
1.11891E-4,178.528
1.45682E-4,156.463
1.91195E-4,136.585
2.48937E-4,119.707
3.26707E-4,104.498
4.25373E-4,91.5885
5.58264E-4,79.9564
7.26861E-4,70.0857
9.53941E-4,61.1902
0.00124203,53.6386
0.00163006,46.8381
0.00212234,41.0645
0.00278538,35.8659
0.00362657,31.4551
0.00475955,27.4904
0.00619694,24.1232
0.00813293,21.1125
0.0105891,18.5668
0.0138972,16.239
0.0180942,14.3005
0.0234661,12.6306
0.0253,12.1801
0.033204,10.6948
0.0432317,9.48222
0.0567377,8.36554
0.0738726,7.44155
0.105586,6.41485
0.150913,5.61708
0.215698,5.014
0.308296,4.64102
0.410668,4.53218
0.538965,4.68474
0.644349,4.99779
0.770339,5.63017
0.900458,6.67848
1.00298,7.93757
1.09908,9.67752
1.18263,11.9056
1.25307,14.6159
1.31471,18.0044
1.3695,22.3193
1.41744,27.7008
1.45854,34.219
1.49278,41.7566
1.52605,51.9323
1.55344,63.5915
1.57986,79.2544
1.60334,98.8901
1.62438,123.738
1.6415,151.901
1.65715,187.277
1.67085,229.597
1.6843,286.558
1.69629,355.892
1.70827,449.639
1.72026,575.3
1.73347,757.729
1.75059,1059.16
1.77339,1485.37
1.78669,1658.4
1.7991,1715.39
1.81252,1646.57
1.82818,1425.31
1.86164,805.657
1.87509,608.251
1.88757,467.922
1.89931,368.802
1.91129,293.519
1.92328,237.645
1.93698,190.618
1.95239,152.353
1.97,121.093
1.98981,96.1384
2.01036,77.5831
2.03482,61.7156
2.06221,49.0911
2.09156,39.4142
2.12581,31.3291
2.16005,25.4863
2.20115,20.3979
2.24811,16.2487
2.29556,13.2266
2.35378,10.5617
2.41639,8.51267
2.48488,6.89528
2.55582,5.67764
2.64143,4.61462
2.73927,3.75465
2.842,3.11577
2.94473,2.65603
3.07601,2.24531
3.22252,1.94139
3.3481,1.77536
3.53117,1.65621
3.59219,1.6471
3.73302,1.69164
3.83863,1.79877
3.93956,1.9869
4.03813,2.29681
4.12028,2.71173
4.19022,3.25264
4.24373,3.8605
4.29255,4.65382
4.33855,5.73695
4.37799,7.08882
4.4099,8.64927
4.43948,10.6986
4.4653,13.2576
4.4883,16.5317
4.50731,20.3876
4.5228,24.7343
4.53829,30.7093
4.55237,38.1768
4.56716,48.933
4.58147,63.1086
4.59626,82.534
4.61316,111.285
4.64039,169.379
4.6677,226.535
4.68723,251.549
4.69955,256.099
4.71352,249.668
4.73004,227.837
4.75868,168.416
4.78356,115.249
4.80092,85.0413
4.81571,65.0349
4.83026,50.1021
4.84505,38.9104
4.85772,31.7876
4.8718,25.8529
4.8887,20.6852
4.90607,16.8768
4.92579,13.7559
4.94879,11.1496
4.97413,9.09443
5.0023,7.44737
5.0361,6.03143
5.07553,4.86592
5.12059,3.93275
5.16518,3.2735
5.2187,2.70317
5.28676,2.19569
5.35717,1.82916
5.43932,1.52815
5.54494,1.26372
5.65759,1.073
5.79842,0.91251
5.98618,0.775957
6.18333,0.685165
6.46498,0.606799
6.80295,0.555843
7.29114,0.525433
7.55401,0.521763
8.22996,0.539738
8.90591,0.591393
9.4692,0.66289
10.0612,0.774398
10.613,0.929394
11.0635,1.11459
11.4638,1.34895
11.7975,1.62528
12.1311,2.0191
12.398,2.46674
12.6399,3.03962
12.8442,3.71799
13.0361,4.61054
13.2029,5.70399
13.3489,7.04307
13.4823,8.75608
13.5907,10.6804
13.6929,13.1806
13.7868,16.3865
13.8702,20.3859
13.9411,25.1222
14.0078,31.3444
14.0662,39.0039
14.1162,48.1917
14.16,59.4064
14.1988,73.332
14.2313,89.7285
14.2614,111.22
14.2864,136.843
14.3072,166.778
14.3264,204.787
14.3431,249.532
14.3598,309.252
14.376,386.557
14.3936,496.961
14.4111,642.35
14.4313,862.125
14.4542,1185.96
14.4828,1694.62
14.5424,2881.11
14.5703,3274.99
14.5964,3426.13
14.5994,3427.81
14.6254,3305.4
14.6551,2904.42
14.7301,1436.78
14.7543,1045.88
14.7743,788.308
14.7918,610.909
14.8106,464.781
14.8275,365.648
14.8444,290.875
14.8632,229.606
14.8794,190.303
14.9003,153.227
14.9211,126.512
14.9436,105.38
14.9737,85.1795
15.0087,68.6815
15.0437,56.8221
15.0888,45.7826
15.1422,36.5269
15.2005,29.351
15.2673,23.5064
15.3403,18.9397
15.4237,15.2049
15.5092,12.4362
15.6093,10.0788
15.7281,8.07987
15.8595,6.50899
15.9971,5.32576
16.1639,4.30074
16.3558,3.47547
16.5601,2.85969
16.777,2.39716
17.0272,2.02352
17.3191,1.72582
17.669,1.4997
17.9355,1.39444
18.3084,1.31967
18.5037,1.30986
18.8552,1.34423
19.2067,1.45378
19.4703,1.60457
19.7339,1.84427
19.9634,2.1684
20.1513,2.56614
20.3124,3.06212
20.4564,3.70633
20.5736,4.4596
20.6761,5.39104
20.7738,6.66113
20.8568,8.22083
20.9251,10.047
20.9837,12.2427
21.0374,15.0875
21.0784,18.1309
21.1184,22.3124
21.1477,26.6052
21.177,32.5961
21.2034,40.2689
21.2258,49.3952
21.2478,61.6622
21.2698,78.5098
21.2913,100.909
21.3118,129.274
21.3323,165.905
21.3552,218.116
21.3821,295.115
21.4206,431.727
21.4826,663.266
21.5152,748.208
21.5457,780.749
21.5493,781.134
21.5797,755.151
21.6144,669.029
21.7111,314.887
21.7404,228.006
21.7658,168.977
21.7892,127.273
21.8097,99.5053
21.8317,77.1298
21.8537,60.7114
21.8771,48.0656
21.9015,38.6859
21.9259,31.9595
21.9542,26.3594
21.9884,21.6041
22.0294,17.6466
22.0704,14.8393
22.1217,12.3172
22.1832,10.1901
22.2579,8.41355
22.3458,7.01078
22.4483,5.94179
22.5557,5.22537
22.6631,4.77508
22.8242,4.43059
22.956,4.35985
23.1217,4.48745
23.3289,4.98226
23.4946,5.69098
23.6577,6.76582
23.7931,8.08768
23.9092,9.69279
24.0253,11.9724
24.122,14.6784
24.205,17.9154
24.2824,22.1342
24.3515,27.4505
24.4095,33.731
24.4593,41.2403
24.5057,51.1518
24.5455,63.3837
24.5765,76.8497
24.6041,93.5157
24.6318,116.868
24.6539,142.546
24.676,176.886
24.7003,228.074
24.7246,297.603
24.7479,385.344
24.7744,515.769
24.8054,712.035
24.8485,1055.86
24.9148,1621.61
24.9467,1821.15
24.9794,1922.38
24.9891,1928.42
25.0218,1865.72
25.0541,1692.14
25.1072,1261.12
25.1617,801.774
25.1951,572.849
25.2225,426.243
25.2465,326.519
25.2708,249.737
25.2952,192.729
25.3195,151.021
25.3444,120.087
25.3692,97.6436
25.3969,79.5943
25.4301,64.2579
25.4632,53.3293
25.503,43.837
25.55,35.7945
25.6064,28.9215
25.6645,23.8257
25.7308,19.5671
25.8082,15.9661
25.8982,12.977
25.9931,10.7334
26.101,8.94698
26.1904,7.92149
26.2977,7.18339
26.3503,7.07646
26.4011,7.26334
26.4331,7.63919
26.4651,8.35191
26.4971,9.58241
26.5251,11.2712
26.5549,13.9169
26.586,17.795
26.6213,23.716
26.6777,35.7879
26.7285,46.5619
26.7673,52.0396
26.7994,53.5106
26.8301,51.9708
26.8677,46.5886
26.935,31.8054
26.9809,21.9609
27.0128,16.4338
27.0408,12.6723
27.0672,9.9897
27.0935,8.01017
27.1198,6.58436
27.1462,5.57008
27.1801,4.68226
27.2177,4.04194
27.2647,3.52788
27.3339,3.05598
27.4223,2.67486
27.5328,2.35953
27.7172,2.02073
27.9759,1.7331
28.2675,1.54226
28.6438,1.41866
28.9097,1.39352
29.2848,1.43892
29.5661,1.54314
29.8942,1.76781
30.1615,2.07554
30.3724,2.45352
30.4793,2.73996
30.56,3.07337
30.635,3.57891
30.7194,4.44394
30.8169,5.51254
30.884,5.92104
30.9388,6.0
31.0044,5.97423
31.0963,6.17943
31.175,6.7856
31.2688,8.00952
31.3621,9.79533
31.4485,12.1513
31.5225,15.0094
31.5867,18.4941
31.6417,22.6896
31.6903,27.9322
31.7323,34.4613
31.7674,42.287
31.7994,52.5609
31.8265,64.8295
31.8535,81.9999
31.8775,103.06
31.9026,132.889
31.9276,173.223
31.9526,226.737
31.9787,299.066
32.0067,398.225
32.044,564.551
32.1459,1109.1
32.1859,1264.25
32.2256,1327.26
32.2293,1327.75
32.2685,1276.32
32.3121,1113.41
32.4203,540.125
32.4543,391.914
32.4828,292.87
32.5099,219.782
32.5347,168.503
32.5579,131.793
32.583,102.24
32.6055,82.4649
32.6305,66.1597
32.6546,54.6222
32.6846,44.1568
32.7147,36.6639
32.7537,29.7413
32.7988,24.1725
32.8528,19.4961
32.9109,15.9275
32.981,12.8412
33.0561,10.4654
33.1437,8.46409
33.2464,6.79058
33.3515,5.55624
33.4717,4.52875
33.606,3.6945
33.7628,2.99039
33.9471,2.40048
34.1581,1.92714
34.3737,1.58561
34.5781,1.36091
34.685,1.30564
34.745,1.32429
34.8125,1.41878
34.9587,1.80778
35.0135,1.87038
35.0679,1.81139
35.135,1.59306
35.24,1.17358
35.3056,0.98815
35.3638,0.885121
35.4575,0.793332
35.6375,0.703347
35.9676,0.597059
36.4082,0.498153
36.9239,0.41779
37.5802,0.34944
38.1052,0.312787
38.8927,0.278779
39.6803,0.264943
39.8546,0.264518
40.5953,0.27521
41.113,0.297914
41.5191,0.329327
41.9252,0.379261
42.2636,0.443155
42.5537,0.524562
42.8003,0.624722
43.0372,0.764481
43.2402,0.93994
43.4143,1.15794
43.5666,1.43374
43.6899,1.75309
43.7914,2.1207
43.8833,2.58395
43.9679,3.19039
44.0283,3.79815
44.0815,4.53568
44.1298,5.48579
44.1733,6.73613
44.2072,8.14196
44.2398,10.068
44.2688,12.4779
44.2978,15.8257
44.3261,20.3234
44.3522,25.8894
44.3812,34.0766
44.4102,44.7963
44.4431,60.4393
44.4779,81.2363
44.534,122.504
44.6143,184.682
44.6636,211.559
44.71,220.966
44.7108,220.972
44.7564,212.74
44.8057,187.658
44.9133,113.759
44.9454,96.9258
44.973,86.8644
45.0046,81.0455
45.0152,80.5355
45.0392,82.0661
45.0633,87.2453
45.0994,101.244
45.1461,128.01
45.235,185.083
45.2829,204.779
45.3171,209.287
45.3625,201.398
45.4127,176.449
45.5441,82.4251
45.5827,59.9194
45.6175,43.894
45.6465,33.5168
45.6754,25.5331
45.7015,20.0681
45.7276,15.9196
45.7566,12.5118
45.7846,10.118
45.8174,8.11271
45.8502,6.69997
45.8913,5.46881
45.9381,4.50613
45.9961,3.68736
46.0685,2.98497
46.141,2.48731
46.2279,2.05281
46.3365,1.66474
46.4549,1.36407
46.6046,1.09532
46.7736,0.883562
46.9716,0.710358
47.1744,0.584883
47.4062,0.481828
47.667,0.398635
47.9712,0.329447
48.3449,0.269809
48.7707,0.222733
49.2624,0.185507
49.8249,0.156797
50.3171,0.14112
50.4765,0.139483
50.5909,0.143192
50.6603,0.152169
50.7137,0.166939
50.7606,0.189055
50.8075,0.222683
50.8628,0.279103
51.0081,0.468477
51.067,0.514606
51.098,0.52136
51.145,0.506067
51.2069,0.445842
51.3405,0.264781
51.3963,0.207035
51.4441,0.172042
51.4975,0.14651
51.5538,0.130663
51.61,0.12168
51.7422,0.112105
51.9625,0.105465
52.3751,0.0986502
53.1251,0.0914625
54.125,0.0877212
54.65,0.0895244
54.8375,0.093079
54.9453,0.100089
55.01,0.109819
55.0634,0.123563
55.1258,0.148356
55.2031,0.192068
55.3137,0.258401
55.376,0.278557
55.4005,0.280526
55.46,0.270426
55.5313,0.236382
55.655,0.163992
55.715,0.13866
55.7713,0.123186
55.85,0.112071
55.9344,0.108236
55.9625,0.107954
56.1688,0.11181
56.45,0.125722
56.6281,0.142282
56.735,0.161554
56.81,0.186522
56.8756,0.222397
56.9375,0.272046
57.0266,0.367622
57.1306,0.479463
57.2015,0.523485
57.2525,0.531987
57.4114,0.502442
57.4644,0.512838
57.5122,0.548235
57.56,0.620038
57.6034,0.732372
57.6382,0.871185
57.6685,1.04508
57.6989,1.288
57.7297,1.63077
57.757,2.04464
57.7844,2.59092
57.8139,3.36751
57.845,4.43512
57.8761,5.8024
57.9138,7.90075
57.959,11.0492
58.0927,22.0557
58.1473,25.2069
58.1971,26.289
58.1995,26.2912
58.2508,25.2401
58.3017,22.3865
58.4034,14.0326
58.4608,9.55342
58.5032,6.87534
58.5399,5.05203
58.571,3.85315
58.6021,2.93159
58.6292,2.31788
58.6587,1.81544
58.6883,1.44881
58.7178,1.18604
58.7479,0.998179
58.7798,0.864166
58.8197,0.76312
58.8675,0.707094
58.92,0.695204
59.0512,0.723911
59.1195,0.697587
59.1863,0.624571
59.356,0.354544
59.415,0.282062
59.4713,0.232398
59.5275,0.198798
59.6007,0.171727
59.6719,0.155854
59.8145,0.137413
60.0376,0.121071
60.2251,0.112384
60.5627,0.102739
61.0877,0.0957498
61.6503,0.0938238
62.5504,0.0974091
63.5252,0.108585
64.4062,0.126529
65.114,0.149231
65.7375,0.179334
66.1894,0.211267
66.42,0.236432
66.5325,0.258389
66.6544,0.297572
66.8475,0.371233
66.9563,0.386114
67.2188,0.364344
67.3763,0.378269
67.6031,0.430915
67.8985,0.531818
68.1422,0.650031
68.354,0.792371
68.5565,0.982422
68.7301,1.21089
68.8793,1.4826
69.007,1.80125
69.127,2.21226
69.2365,2.73572
69.3304,3.36371
69.4086,4.09087
69.4738,4.92787
69.526,5.84482
69.5807,7.20466
69.6224,8.6896
69.659,10.4961
69.6955,13.0156
69.7278,16.1072
69.7607,20.41
69.7935,26.3009
69.8258,34.1438
69.8571,44.1897
69.8916,58.6654
69.9281,78.6409
69.9698,107.982
70.0209,153.465
70.1774,320.239
70.2337,361.308
70.2896,376.01
70.3392,364.256
70.3943,326.768
70.483,234.469
70.5628,149.26
70.6097,107.995
70.6499,79.7079
70.6864,59.5523
70.7197,45.2945
70.751,35.0143
70.7823,27.1888
70.812,21.5711
70.8449,16.9521
70.8778,13.5828
70.9106,11.1189
70.9482,9.0808
70.9888,7.50552
71.041,6.09489
71.0932,5.10301
71.1644,4.14375
71.2442,3.39001
71.3374,2.77245
71.4237,2.37458
71.5099,2.11569
71.5812,2.00212
71.6525,1.97162
71.8175,2.03814
71.9098,1.97109
72.005,1.73974
72.1832,1.13594
72.2544,0.949793
72.3332,0.804372
72.4195,0.700777
72.5329,0.614535
72.7439,0.512937
73.0125,0.425766
73.328,0.35664
73.5624,0.325278
73.6304,0.322231
73.7256,0.329691
73.8025,0.353671
73.8728,0.396598
73.9525,0.471698
74.095,0.630142
74.176,0.679835
74.2053,0.683551
74.2769,0.660456
74.425,0.555682
74.455,0.548518
74.5025,0.564681
74.5374,0.605542
74.5723,0.677502
74.6073,0.785928
74.6501,0.974543
74.7007,1.28076
74.7678,1.80647
74.878,2.74647
74.9437,3.13238
74.9995,3.24365
75.0563,3.12143
75.1126,2.79381
75.228,1.80271
75.2951,1.2547
75.3424,0.942376
75.3847,0.724356
75.4269,0.559796
75.4667,0.446321
75.5078,0.363303
75.5488,0.305963
75.5981,0.260672
75.6473,0.231946
75.713,0.208428
75.8068,0.189222
75.9945,0.169112
76.2478,0.154498
76.7263,0.13957
77.4768,0.128191
78.4337,0.122985
78.7527,0.122743
79.8785,0.126537
80.7155,0.133805
82.2936,0.15896
83.4533,0.190265
84.4345,0.230784
85.2225,0.278062
85.9355,0.338807
86.5593,0.414168
87.1175,0.509501
87.5677,0.616925
87.9899,0.757167
88.3088,0.905168
88.5208,1.04762
88.6278,1.16258
88.7169,1.31619
88.791,1.51265
88.866,1.79581
88.9899,2.42896
89.1137,3.04944
89.2008,3.27938
89.2379,3.30261
89.3388,3.16709
89.4927,2.76054
89.5809,2.63721
89.6165,2.62684
89.73,2.73465
89.8567,3.04897
90.0255,3.70212
90.1677,4.48049
90.3099,5.56744
90.4201,6.73875
90.5244,8.27004
90.6114,10.0502
90.692,12.3939
90.7552,15.0368
90.8122,18.4625
90.8596,22.5646
90.9023,27.7745
90.9402,34.1818
90.9782,42.9473
91.0133,53.8954
91.0512,69.7816
91.0891,91.049
91.1296,121.111
91.1676,157.494
91.2156,216.419
91.2713,303.088
91.3598,472.755
91.4559,658.719
91.5166,743.52
91.5779,781.868
91.5899,782.906
91.6507,754.988
91.7165,670.047
91.8316,448.779
91.9138,294.529
91.9669,213.727
92.0112,160.179
92.0491,123.946
92.0864,96.1092
92.1218,75.8104
92.1572,60.4391
92.1927,49.0341
92.2281,40.7466
92.267,34.4793
92.3058,30.5068
92.3523,28.1998
92.3717,27.9537
92.4144,28.8786
92.4577,32.0357
92.4954,36.8926
92.5379,45.1238
92.5803,56.7503
92.6228,72.203
92.6728,95.3209
92.7472,138.236
92.8695,212.947
92.9327,239.677
92.9969,249.87
93.055,242.099
93.1264,212.897
93.2446,139.474
93.3241,91.8246
93.3751,67.0447
93.4215,49.1811
93.4607,37.4188
93.4995,28.4731
93.5351,22.2071
93.5708,17.4756
93.6065,13.9511
93.6422,11.3477
93.6842,9.1435
93.7288,7.51625
93.7798,6.2393
93.8435,5.17092
93.9097,4.4147
93.9989,3.70575
94.1238,3.02966
94.2691,2.49326
94.4474,2.03896
94.6564,1.6716
94.9061,1.36864
95.1813,1.1375
95.4871,0.958256
95.8541,0.811225
96.2179,0.713531
96.5754,0.651257
97.0521,0.611702
97.2055,0.609945
97.4932,0.625044
97.7808,0.676163
97.9726,0.746846
98.1165,0.83741
98.2363,0.961727
98.3202,1.10328
98.3897,1.29136
98.4401,1.50225
98.482,1.75804
98.524,2.12503
98.5659,2.65491
98.6037,3.32802
98.6383,4.16492
98.6748,5.33609
98.7112,6.8764
98.7522,9.13973
98.7934,12.0673
98.8452,16.7421
98.9104,24.1182
99.0523,42.3399
99.1195,48.8082
99.1847,51.7244
99.1997,51.832
99.2633,49.8963
99.3227,44.9851
99.4263,32.2549
99.5222,20.2225
99.5797,14.3678
99.6243,10.7646
99.6646,8.19891
99.7049,6.2205
99.7401,4.90059
99.7753,3.89608
99.8131,3.09837
99.8508,2.52151
99.8928,2.07001
99.9347,1.75884
99.9767,1.54297
100.027,1.36614
100.092,1.21921
100.188,1.09089
100.331,0.993135
100.485,0.950013
100.604,0.9422
100.868,0.978664
101.113,1.06614
101.414,1.24768
101.676,1.4947
101.895,1.79409
102.104,2.2017
102.283,2.69936
102.435,3.29232
102.582,4.09692
102.707,5.08265
102.811,6.2484
102.901,7.66767
102.969,9.20353
103.029,11.077
103.077,13.1612
103.124,16.0667
103.163,19.3303
103.203,23.9635
103.244,30.3759
103.283,39.0903
103.322,50.6806
103.361,66.1911
103.4,86.5735
103.439,113.446
103.487,155.006
103.542,216.099
103.617,320.599
103.754,528.635
103.824,603.977
103.89,634.731
103.9,635.182
103.967,610.423
104.036,539.779
104.167,343.099
104.244,232.731
104.3,167.816
104.347,123.54
104.392,91.7316
104.431,69.9185
104.47,53.2996
104.508,41.3677
104.546,32.4536
104.583,25.8494
104.621,20.9701
104.664,16.9178
104.711,13.7316
104.759,11.4637
104.819,9.4462
104.884,7.87254
104.974,6.36161
105.078,5.13459
105.201,4.12513
105.326,3.38455
105.471,2.75899
105.632,2.25734
105.807,1.85929
106.016,1.51434
106.224,1.26589
106.412,1.10763
106.553,1.04601
106.599,1.046
106.673,1.0802
106.746,1.17203
106.825,1.35265
106.926,1.7071
107.08,2.30034
107.161,2.46211
107.186,2.47423
107.256,2.40094
107.335,2.1525
107.544,1.19321
107.617,0.936738
107.682,0.766334
107.755,0.639121
107.821,0.56387
107.887,0.514622
108.019,0.457181
108.27,0.398436
108.664,0.337902
109.227,0.277988
109.837,0.232875
110.616,0.193179
111.441,0.164911
112.302,0.145287
113.199,0.132347
114.21,0.125006
114.773,0.123902
115.842,0.128155
116.686,0.138932
117.362,0.154682
117.924,0.176261
118.234,0.195627
118.381,0.211933
118.491,0.235512
118.558,0.260481
118.624,0.299717
118.69,0.359812
118.755,0.446574
118.83,0.583561
118.935,0.833337
119.065,1.14786
119.151,1.27776
119.204,1.30216
119.277,1.26073
119.365,1.11368
119.558,0.678924
119.633,0.552317
119.709,0.465894
119.772,0.421605
119.857,0.392361
119.941,0.385219
120.119,0.404452
120.401,0.471369
120.7,0.577849
120.962,0.712458
121.187,0.876643
121.375,1.06918
121.522,1.28139
121.649,1.53747
121.766,1.8717
121.885,2.34895
122.003,2.98898
122.106,3.71694
122.201,4.62514
122.271,5.58233
122.328,6.70312
122.378,8.16837
122.425,10.1099
122.467,12.6101
122.502,15.4347
122.542,19.7367
122.581,25.4577
122.621,33.034
122.664,43.8008
122.707,57.8582
122.757,78.8949
122.816,110.412
122.896,163.907
123.048,273.242
123.124,311.143
123.198,324.833
123.199,324.836
123.265,314.511
123.343,278.092
123.468,189.66
123.561,124.481
123.624,87.8678
123.671,66.2707
123.718,49.1651
123.761,37.1116
123.799,28.8182
123.837,22.4176
123.876,17.4577
123.915,13.7288
123.954,10.9679
123.993,8.9276
124.038,7.23144
124.084,5.97705
124.133,5.01522
124.189,4.21879
124.258,3.50624
124.339,2.91586
124.44,2.39031
124.563,1.93352
124.697,1.57738
124.853,1.27857
125.038,1.02776
125.233,0.837566
125.445,0.687716
125.713,0.552384
126.015,0.445739
126.328,0.367363
126.663,0.306635
127.065,0.254422
127.534,0.212186
128.031,0.181817
128.635,0.157997
129.118,0.146708
129.722,0.140918
129.842,0.140854
130.445,0.14688
130.947,0.162731
131.349,0.18679
131.675,0.218867
131.946,0.25984
132.172,0.310265
132.383,0.379247
132.564,0.466182
132.714,0.571357
132.835,0.691121
132.935,0.831502
133.021,1.00087
133.096,1.21864
133.156,1.47439
133.209,1.79849
133.254,2.19313
133.298,2.73084
133.336,3.3622
133.373,4.20738
133.411,5.33342
133.451,6.94612
133.49,8.96756
133.532,11.9033
133.575,15.6795
133.624,21.2937
133.678,29.15
133.745,41.0748
133.945,83.3109
134.026,94.829
134.1,98.5647
134.166,95.4928
134.245,84.9197
134.367,59.6561
134.472,37.8533
134.538,26.5674
134.592,19.2671
134.639,14.3515
134.684,10.6775
134.725,8.14888
134.763,6.33011
134.803,4.88201
134.843,3.80821
134.883,3.01857
134.922,2.45515
134.966,1.99154
135.016,1.61718
135.067,1.35305
135.134,1.10526
135.21,0.916819
135.3,0.758544
135.413,0.61944
135.549,0.50228
135.707,0.406359
135.887,0.329346
136.098,0.266381
136.309,0.221497
136.59,0.179098
136.892,0.147468
137.253,0.120916
137.675,0.0994907
138.121,0.0836899
138.692,0.069695
139.381,0.0583857
140.225,0.0494928
140.975,0.0447646
141.28,0.0439093
141.509,0.0448346
141.603,0.0467562
141.697,0.0511267
141.767,0.0572636
141.837,0.0671493
141.902,0.0805946
141.978,0.102418
142.072,0.13867
142.239,0.209401
142.325,0.234255
142.4,0.241606
142.483,0.232216
142.569,0.205658
142.783,0.115011
142.861,0.0886703
142.929,0.0716203
142.997,0.0596096
143.061,0.0520282
143.131,0.0467958
143.225,0.0430038
143.366,0.040705
143.6,0.0398093
144.05,0.0405922
144.575,0.0440075
144.95,0.0487148
145.286,0.0556745
145.58,0.0654654
145.822,0.0780921
146.022,0.0940247
146.176,0.112247
146.304,0.134086
146.411,0.160397
146.497,0.191088
146.568,0.228681
146.625,0.272493
146.675,0.327193
146.725,0.405556
146.767,0.49743
146.808,0.623483
146.85,0.796058
146.892,1.03056
146.93,1.31475
146.972,1.73457
147.015,2.28361
147.063,3.07386
147.114,4.17025
147.174,5.79044
147.254,8.48244
147.436,15.3544
147.52,17.5189
147.599,18.2535
147.672,17.6336
147.752,15.6861
147.879,11.0438
147.986,7.04781
148.055,4.96037
148.11,3.6123
148.157,2.7131
148.204,2.01403
148.247,1.53261
148.289,1.16282
148.327,0.914036
148.367,0.719727
148.408,0.567002
148.45,0.455456
148.497,0.36427
148.539,0.306918
148.592,0.253973
148.651,0.213728
148.717,0.181369
148.8,0.152925
148.912,0.126456
149.055,0.103371
149.197,0.0871919
149.397,0.0713703
149.63,0.0589094
149.901,0.0491281
150.243,0.0409212
150.643,0.0346343
151.137,0.0295496
151.755,0.0254749
152.62,0.0219388
153.656,0.0193885
155.125,0.0171621
157.295,0.0153314
159.321,0.0142497
162.794,0.0132558
167.424,0.012975
172.626,0.0137345
176.664,0.0152384
180.121,0.0175528
182.426,0.0198634
184.155,0.0221969
186.46,0.0264638
188.188,0.0311982
189.629,0.0367851
191.023,0.0442964
192.084,0.0526883
192.954,0.0626801
193.636,0.074316
194.166,0.0882487
194.545,0.103981
194.805,0.1209
194.982,0.138473
195.124,0.160318
195.231,0.187068
195.313,0.220473
195.376,0.261073
195.43,0.310623
195.483,0.381482
195.531,0.470886
195.579,0.593244
195.627,0.758697
195.672,0.966533
195.72,1.24639
195.773,1.65382
195.832,2.23871
195.896,3.04674
195.981,4.36622
196.216,8.64686
196.309,9.79823
196.4,10.2036
196.483,9.85879
196.576,8.75912
196.729,6.01909
196.849,3.89337
196.918,2.87199
196.985,2.09224
197.042,1.56264
197.092,1.21119
197.142,0.940996
197.192,0.73814
197.239,0.595088
197.292,0.479212
197.339,0.406296
197.399,0.343572
197.47,0.296261
197.541,0.267808
197.612,0.25048
197.744,0.233801
197.955,0.226009
197.995,0.225912
198.348,0.236179
198.69,0.260457
199.059,0.302708
199.3,0.344342
199.47,0.389782
199.583,0.440159
199.667,0.501393
199.743,0.586067
199.813,0.705949
199.872,0.848152
199.931,1.04049
199.99,1.29367
200.061,1.68941
200.148,2.321
200.283,3.5444
200.434,4.87241
200.528,5.4045
200.61,5.55802
200.706,5.34448
200.809,4.71615
201.039,2.84873
201.137,2.233
201.21,1.914
201.283,1.70617
201.355,1.59475
201.43,1.56122
201.546,1.63008
201.662,1.80567
201.81,2.16289
201.942,2.63058
202.052,3.19014
202.144,3.85829
202.226,4.73191
202.29,5.7071
202.352,7.04665
202.411,8.83776
202.462,11.0123
202.514,13.9703
202.565,17.9727
202.615,23.2436
202.667,30.2842
202.723,40.4387
202.779,53.3775
202.84,71.4632
202.914,98.3864
203.022,147.534
203.201,233.833
203.306,269.029
203.399,279.938
203.482,271.343
203.567,246.297
203.702,185.157
203.856,111.069
203.935,79.7894
204.004,58.025
204.065,42.8555
204.118,32.7586
204.166,25.5326
204.219,19.4913
204.272,14.9922
204.325,11.6834
204.374,9.3825
204.426,7.63174
204.484,6.18147
204.543,5.13893
204.609,4.29116
204.682,3.61108
204.774,3.00083
204.887,2.46401
205.019,2.01958
205.173,1.64678
205.349,1.33978
205.547,1.09024
205.781,0.877707
206.038,0.711113
206.331,0.574403
206.638,0.470614
206.99,0.384321
207.43,0.307658
207.891,0.250775
208.375,0.207705
208.946,0.171068
209.613,0.140992
210.36,0.117489
211.107,0.101075
212.112,0.0861298
213.294,0.0755511
214.692,0.0691106
215.85,0.0675112
217.257,0.0699239
218.665,0.0771993
219.679,0.0863527
220.694,0.100485
221.6,0.11942
222.405,0.144196
223.095,0.174915
223.713,0.214599
224.216,0.260401
224.705,0.323447
225.107,0.397511
225.452,0.48653
225.754,0.594805
226.042,0.739642
226.293,0.919745
226.509,1.13824
226.696,1.40535
226.847,1.70654
226.991,2.1126
227.098,2.54903
227.195,3.11515
227.271,3.75102
227.336,4.51884
227.4,5.60521
227.458,6.96723
227.508,8.59265
227.559,10.8022
227.608,13.6118
227.663,17.8184
227.718,23.4221
227.773,30.7971
227.834,41.1966
227.896,54.8988
227.974,76.3038
228.074,110.66
228.279,187.893
228.379,216.236
228.477,229.005
228.499,229.482
228.595,221.051
228.684,199.568
228.822,150.276
228.982,90.5134
229.068,64.1016
229.135,47.5346
229.196,35.7852
229.252,27.227
229.304,21.0713
229.355,16.3186
229.407,12.7072
229.456,10.1278
229.506,8.12651
229.564,6.44982
229.621,5.24493
229.686,4.27957
229.758,3.52879
229.848,2.88595
229.938,2.43954
230.063,2.0023
230.214,1.64213
230.376,1.37192
230.556,1.1582
230.771,0.978592
231.037,0.831739
231.28,0.745567
231.523,0.693277
231.888,0.666803
232.17,0.688476
232.451,0.756214
232.672,0.857177
232.838,0.978134
232.971,1.1216
233.087,1.30731
233.19,1.55787
233.267,1.84707
233.335,2.22148
233.393,2.68447
233.452,3.34386
233.501,4.13062
233.55,5.16285
233.598,6.54088
233.647,8.3616
233.695,10.7352
233.747,13.9775
233.802,18.4909
233.863,24.851
233.934,34.2754
234.017,48.0938
234.165,78.1385
234.309,106.404
234.407,119.231
234.5,123.562
234.598,118.805
234.699,104.925
234.899,64.9625
235.005,44.8878
235.082,33.2449
235.146,25.5717
235.204,20.4747
235.255,17.2956
235.298,15.4691
235.346,14.349
235.378,14.1083
235.426,14.4598
235.48,15.8065
235.548,18.7766
235.629,23.9565
235.773,35.9365
235.92,47.8496
236.027,53.1642
236.098,54.2469
236.198,52.0463
236.298,46.0411
236.484,29.7203
236.596,20.1544
236.674,14.6937
236.744,10.7145
236.808,7.92296
236.866,5.99281
236.922,4.55947
236.973,3.57715
237.019,2.90377
237.07,2.34062
237.121,1.92783
237.182,1.57817
237.243,1.34035
237.311,1.16352
237.379,1.04637
237.481,0.938208
237.583,0.87824
237.719,0.844795
237.788,0.844513
237.914,0.876615
238.008,0.940899
238.103,1.06637
238.166,1.20759
238.229,1.42261
238.284,1.69934
238.332,2.03563
238.382,2.51279
238.433,3.15579
238.488,4.10721
238.544,5.37646
238.604,7.19961
238.665,9.55237
238.735,13.0296
238.821,18.3019
239.082,37.5758
239.193,43.4699
239.29,45.5164
239.3,45.5337
239.393,43.9718
239.494,39.1334
239.657,27.3682
239.793,17.5357
239.878,12.564
239.948,9.29389
240.012,7.01961
240.067,5.51106
240.124,4.33366
240.182,3.48924
240.239,2.91234
240.288,2.58802
240.354,2.35014
240.408,2.29411
240.463,2.35543
240.529,2.59041
240.583,2.94565
240.638,3.48853
240.69,4.23343
240.742,5.27406
240.794,6.70102
240.846,8.62332
240.898,11.1653
240.956,14.8783
241.013,19.6983
241.077,26.456
241.152,36.6314
241.243,51.7129
241.476,96.1428
241.589,111.751
241.691,117.282
241.699,117.317
241.788,113.706
241.885,102.275
242.028,76.4486
242.182,46.9887
242.272,32.838
242.345,23.7486
242.408,17.6294
242.462,13.4494
242.514,10.3171
242.566,7.90153
242.618,6.07111
242.667,4.76966
242.717,3.76672
242.768,3.02398
242.825,2.40915
242.884,1.96257
242.955,1.59197
243.036,1.30574
243.117,1.10764
243.235,0.90736
243.379,0.741765
243.552,0.604311
243.743,0.497509
243.985,0.401712
244.245,0.329575
244.557,0.268376
244.92,0.218385
245.301,0.181169
245.786,0.14753
246.34,0.120707
246.963,0.09949
247.69,0.0820372
248.584,0.0671065
249.637,0.0552004
250.837,0.0456448
252.147,0.0384732
253.645,0.0328597
255.392,0.0286897
256.89,0.0263194
258.903,0.0248331
259.574,0.0247707
260.916,0.0254384
262.258,0.0274761
263.301,0.0305565
264.345,0.0356987
265.04,0.0412277
265.691,0.0489513
266.25,0.0587789
266.715,0.0706855
267.15,0.0868325
267.522,0.107007
267.811,0.129271
268.06,0.155636
268.308,0.192652
268.525,0.239182
268.706,0.294822
268.835,0.350393
268.964,0.429516
269.055,0.510083
269.13,0.60463
269.202,0.735515
269.266,0.900498
269.32,1.09824
269.374,1.37047
269.422,1.69471
269.469,2.11083
269.515,2.6546
269.562,3.35933
269.616,4.43581
269.668,5.77385
269.724,7.6711
269.786,10.3364
269.85,13.7636
269.929,19.1462
270.024,27.1646
270.277,51.0475
270.388,58.4599
270.492,61.14
270.5,61.1535
270.603,58.7947
270.707,52.307
270.883,36.0015
271.022,23.0328
271.106,16.6155
271.182,11.9172
271.245,8.91892
271.301,6.75228
271.36,5.0365
271.411,3.86817
271.463,2.97413
271.515,2.29972
271.565,1.8076
271.619,1.41681
271.674,1.13327
271.728,0.927346
271.794,0.750007
271.864,0.620185
271.945,0.51584
272.038,0.433661
272.155,0.362396
272.31,0.29705
272.496,0.243354
272.703,0.202141
272.961,0.167216
273.22,0.143992
273.478,0.128619
273.813,0.117187
274.148,0.113769
274.411,0.116906
274.674,0.126636
274.928,0.1455
275.084,0.164922
275.201,0.186444
275.318,0.218881
275.415,0.261613
275.493,0.314711
275.562,0.384492
275.62,0.471135
275.669,0.570519
275.718,0.703554
275.767,0.880889
275.815,1.11552
275.866,1.4404
275.918,1.86571
275.969,2.41367
276.02,3.10713
276.078,4.10554
276.147,5.58103
276.223,7.64224
276.328,11.1704
276.578,20.5468
276.689,23.4445
276.795,24.4922
276.8,24.4944
276.901,23.5999
277.003,21.1303
277.167,15.1755
277.323,9.35852
277.408,6.72449
277.483,4.89143
277.541,3.73459
277.604,2.74673
277.659,2.08685
277.714,1.57901
277.763,1.23283
277.809,0.978354
277.86,0.764308
277.911,0.605159
277.963,0.487496
278.022,0.388538
278.085,0.316344
278.146,0.266228
278.219,0.22373
278.316,0.185316
278.438,0.153496
278.584,0.127626
278.76,0.105996
278.95,0.0892562
279.213,0.0729341
279.52,0.0599159
279.881,0.049459
280.29,0.0413071
280.817,0.0342146
281.402,0.0289237
282.104,0.0246417
282.937,0.0212861
284.033,0.0184353
285.494,0.0161762
286.798,0.0151228
288.538,0.0144637
288.973,0.0144364
290.372,0.0147566
291.771,0.0154906
293.218,0.016992
294.664,0.0195597
295.93,0.0232086
296.833,0.027125
297.762,0.0328526
298.481,0.0394165
299.097,0.0474128
299.691,0.0584269
300.183,0.0714583
300.593,0.0867023
300.971,0.106263
301.317,0.131441
301.62,0.162629
301.879,0.200289
302.106,0.24649
302.301,0.301877
302.479,0.373931
302.614,0.452135
302.722,0.541362
302.817,0.654528
302.896,0.794057
302.963,0.959971
303.029,1.19598
303.086,1.47975
303.141,1.85896
303.198,2.39003
303.246,2.99653
303.303,3.93242
303.36,5.17915
303.419,6.90134
303.479,9.13919
303.544,12.2711
303.611,16.3956
303.694,22.7131
303.803,33.0464
304.067,61.0589
304.183,69.6648
304.295,72.7808
304.3,72.785
304.408,70.0548
304.516,62.5267
304.7,43.474
304.846,28.1395
304.943,19.7036
305.024,14.1234
305.094,10.3479
305.159,7.65361
305.219,5.75769
305.273,4.43192
305.327,3.41578
305.381,2.64754
305.437,2.04856
305.494,1.61076
305.551,1.29198
305.608,1.05951
305.677,0.858297
305.749,0.71013
305.835,0.59028
305.932,0.495265
306.056,0.410776
306.218,0.334604
306.407,0.272753
306.613,0.22504
306.877,0.181768
307.175,0.148336
307.499,0.123137
307.823,0.10545
308.25,0.0896295
308.675,0.0796025
309.206,0.0727263
309.631,0.0709314
310.034,0.0722043
310.537,0.078666
310.94,0.0893681
311.287,0.104986
311.559,0.124058
311.786,0.147594
311.967,0.17466
312.118,0.206664
312.239,0.243153
312.344,0.289598
312.435,0.348958
312.511,0.422243
312.571,0.505643
312.631,0.621852
312.692,0.785022
312.742,0.970505
312.795,1.23008
312.848,1.57584
312.901,2.03163
312.954,2.62481
313.014,3.5095
313.077,4.71354
313.146,6.42878
313.224,8.90435
313.31,12.3262
313.437,18.5935
313.654,30.0834
313.777,34.6941
313.888,36.3625
313.9,36.378
314.001,35.2172
314.101,31.9798
314.262,24.0324
314.445,14.4116
314.544,10.0708
314.625,7.27024
314.695,5.34261
314.756,4.04629
314.812,3.09198
314.869,2.35196
314.922,1.82125
314.975,1.41545
315.028,1.10879
315.081,0.879142
315.133,0.70816
315.194,0.565846
315.25,0.469553
315.318,0.386791
315.398,0.320104
315.488,0.268113
315.602,0.223917
315.753,0.184193
315.934,0.151731
316.155,0.124403
316.397,0.103713
316.709,0.0854134
317.061,0.071625
317.484,0.0608136
317.968,0.0531231
318.572,0.0478359
319.176,0.045785
319.377,0.0456868
319.914,0.0467853
320.584,0.0510895
321.12,0.0574933
321.651,0.0676102
322.1,0.0807058
322.485,0.0971734
322.806,0.116703
323.105,0.142461
323.362,0.173702
323.587,0.212108
323.774,0.256718
323.934,0.309872
324.068,0.372178
324.175,0.44301
324.26,0.523223
324.346,0.639141
324.421,0.788509
324.485,0.972204
324.541,1.19452
324.597,1.49687
324.653,1.90738
324.709,2.46133
324.765,3.20161
324.82,4.1518
324.88,5.51573
324.941,7.28599
325.009,9.87221
325.084,13.5187
325.166,18.6106
325.279,27.1788
325.543,50.282
325.672,58.3871
325.785,61.3252
325.799,61.362
325.907,59.245
326.016,53.2216
326.194,38.402
326.36,24.0022
326.452,17.3357
326.527,12.9273
326.602,9.41545
326.666,7.06538
326.726,5.34676
326.786,4.02487
326.843,3.08561
326.899,2.3745
326.955,1.84272
327.011,1.44872
327.067,1.1584
327.126,0.936067
327.19,0.761677
327.265,0.619369
327.34,0.520018
327.425,0.439357
327.532,0.368168
327.666,0.305586
327.826,0.252194
328.013,0.207332
328.238,0.168611
328.495,0.136976
328.794,0.110707
329.104,0.0911433
329.478,0.0740977
329.906,0.0602372
330.355,0.0497979
330.879,0.0410085
331.463,0.0339818
332.183,0.0278671
333.022,0.022961
333.88,0.0195236
334.91,0.016605
336.157,0.0142999
337.323,0.0129897
338.489,0.012347
338.878,0.0122744
339.985,0.0125228
341.092,0.0136058
341.83,0.0151366
342.515,0.0175725
343.005,0.0203038
343.455,0.0240407
343.867,0.0291508
344.16,0.0344181
344.454,0.0418872
344.689,0.0504017
344.885,0.0602848
345.051,0.0719259
345.198,0.0864548
345.316,0.103331
345.419,0.125277
345.502,0.15179
345.57,0.183331
345.639,0.228443
345.698,0.282883
345.755,0.356067
345.807,0.443845
345.858,0.559206
345.909,0.709644
345.961,0.903877
346.021,1.19896
346.082,1.59284
346.149,2.15603
346.217,2.877
346.295,3.93635
346.388,5.51137
346.516,8.16796
346.734,12.9895
346.867,15.1317
346.984,15.909
347.0,15.9196
347.112,15.3528
347.219,13.8517
347.392,10.2455
347.574,6.23993
347.676,4.39033
347.754,3.24196
347.826,2.39729
347.893,1.78041
347.955,1.34464
348.016,1.00944
348.075,0.765402
348.126,0.602297
348.177,0.476758
348.225,0.386956
348.28,0.308268
348.335,0.249929
348.39,0.206658
348.457,0.168982
348.534,0.138391
348.616,0.115957
348.714,0.0973939
348.836,0.0813771
348.993,0.0671887
349.164,0.0561595
349.404,0.0452399
349.654,0.0372712
349.947,0.0306
350.29,0.0251072
350.701,0.0205135
351.181,0.0168256
351.71,0.0140157
352.356,0.0116506
353.11,0.00978527
354.038,0.00823991
355.151,0.00699848
356.45,0.00606022
358.305,0.00518394
360.532,0.00452885
363.501,0.00402474
366.47,0.00370092
370.923,0.00343228
376.861,0.00333096
381.579,0.00342317
386.298,0.00369417
390.23,0.00418009
393.375,0.00484125
395.735,0.00570162
397.701,0.00685539
399.077,0.00812245
400.257,0.00974161
401.24,0.0117277
402.125,0.0143122
402.815,0.0172252
403.406,0.0207504
403.94,0.0252154
404.412,0.0307589
404.838,0.0378033
405.201,0.0462572
405.512,0.056324
405.802,0.0694416
406.057,0.0856425
406.28,0.105841
406.466,0.130187
406.617,0.158981
406.721,0.187785
406.811,0.223644
406.889,0.267338
406.967,0.329904
407.033,0.405352
407.097,0.505695
407.16,0.64401
407.215,0.803095
407.269,1.01083
407.328,1.30188
407.39,1.71055
407.452,2.24495
407.514,2.93174
407.584,3.91988
407.662,5.32552
407.753,7.41676
407.857,10.4092
408.021,16.1691
408.218,23.2784
408.359,26.9356
408.488,28.2651
408.5,28.275
408.618,27.3128
408.757,24.0266
408.977,16.2195
409.145,10.3272
409.247,7.40752
409.336,5.3477
409.414,3.93952
409.486,2.93265
409.553,2.19692
409.615,1.67444
409.678,1.27516
409.74,0.974603
409.798,0.763254
409.857,0.604581
409.915,0.486118
409.973,0.397849
410.043,0.320885
410.113,0.266122
410.199,0.219159
410.29,0.184611
410.393,0.156725
410.523,0.131972
410.699,0.108319
410.917,0.0879253
411.166,0.0715345
411.447,0.0584522
411.773,0.0476329
412.157,0.0387184
412.562,0.0321013
413.075,0.02625
413.604,0.0220854
414.134,0.0191254
414.741,0.0167187
415.602,0.0144799
416.463,0.0130606
417.755,0.0119985
418.682,0.011818
420.05,0.012333
420.962,0.0132611
421.874,0.0148206
422.779,0.0172665
423.453,0.020108
424.014,0.0235424
424.555,0.0283327
424.984,0.0337967
425.362,0.0405878
425.683,0.048683
426.005,0.0602308
426.255,0.0731191
426.469,0.0887343
426.638,0.106082
426.791,0.129066
426.898,0.152818
426.99,0.182234
427.077,0.222855
427.148,0.271047
427.22,0.339291
427.281,0.420489
427.342,0.530534
427.402,0.675473
427.465,0.877856
427.527,1.14748
427.59,1.50179
427.652,1.96005
427.724,2.63697
427.8,3.57521
427.883,4.87356
427.975,6.6771
428.093,9.51336
428.422,18.6657
428.561,21.3641
428.692,22.342
428.7,22.3451
428.831,21.4616
428.972,18.7914
429.344,8.55487
429.455,6.0265
429.542,4.43862
429.625,3.23622
429.695,2.43985
429.767,1.81033
429.828,1.3941
429.889,1.07192
429.951,0.826161
430.012,0.641037
430.069,0.510467
430.127,0.411935
430.184,0.337832
430.253,0.272719
430.322,0.226165
430.395,0.19085
430.486,0.159554
430.578,0.137617
430.701,0.116943
430.864,0.0979077
431.068,0.0814985
431.313,0.0678584
431.62,0.0562399
431.977,0.0472305
432.334,0.0412136
432.814,0.0360528
433.396,0.0326221
433.978,0.0312414
434.172,0.0311399
434.752,0.0317925
435.477,0.0346461
436.057,0.0388541
436.646,0.0455732
437.182,0.0549628
437.643,0.0669753
438.015,0.0809973
438.36,0.0994906
438.661,0.122605
438.93,0.152206
439.149,0.186928
439.313,0.223738
439.45,0.267072
439.56,0.316594
439.647,0.372558
439.735,0.45239
439.812,0.552875
439.877,0.673002
439.939,0.825943
440.006,1.05355
440.064,1.31634
440.121,1.66069
440.179,2.10828
440.242,2.74675
440.307,3.6172
440.373,4.74082
440.447,6.36425
440.524,8.51009
440.611,11.598
440.72,16.4044
440.881,25.0867
441.102,37.6266
441.251,43.732
441.382,45.9451
441.4,45.9753
441.525,44.3645
441.672,38.8756
441.917,25.1723
442.081,16.2995
442.189,11.584
442.276,8.50328
442.359,6.22768
442.434,4.61143
442.504,3.45808
442.569,2.62593
442.635,1.99391
442.693,1.57275
442.75,1.2492
442.808,1.00248
442.869,0.803801
442.931,0.656286
443.005,0.528151
443.079,0.437314
443.166,0.361618
443.262,0.304043
443.372,0.257689
443.509,0.216609
443.69,0.178367
443.92,0.144318
444.166,0.118483
444.462,0.0963491
444.807,0.0781262
445.19,0.0638423
445.617,0.0525628
446.138,0.0429524
446.697,0.0357834
447.348,0.0299855
448.098,0.0254608
449.037,0.0218056
450.164,0.0192487
451.476,0.0177298
452.413,0.0173822
453.815,0.0179667
455.218,0.0198327
456.459,0.0229051
457.376,0.0265747
458.14,0.0310922
458.767,0.0363377
459.354,0.0432456
459.857,0.0516026
460.319,0.0624837
460.696,0.0751296
461.032,0.0910647
461.325,0.111128
461.535,0.131455
461.713,0.15582
461.871,0.187782
461.981,0.221499
462.075,0.263954
462.158,0.318002
462.228,0.383584
462.299,0.475103
462.358,0.578774
462.417,0.715762
462.476,0.895885
462.536,1.13687
462.601,1.47327
462.665,1.91164
462.729,2.47392
462.8,3.26404
462.872,4.28103
462.951,5.66301
463.055,7.97387
463.187,11.5669
463.515,21.7027
463.657,24.7576
463.794,25.8681
463.8,25.87
463.934,24.8805
464.068,22.143
464.287,15.5745
464.469,10.024
464.586,7.05766
464.681,5.16415
464.765,3.83943
464.838,2.93369
464.912,2.23413
464.974,1.77376
465.045,1.3823
465.116,1.09838
465.187,0.89802
465.258,0.761369
465.328,0.672836
465.391,0.625345
465.469,0.597894
465.508,0.59547
465.586,0.611567
465.683,0.673175
465.761,0.763499
465.839,0.903988
465.907,1.08376
465.975,1.33625
466.037,1.65203
466.1,2.07327
466.162,2.62848
466.224,3.35061
466.297,4.45303
466.367,5.82771
466.449,7.90305
466.538,10.821
466.64,15.0849
466.768,21.7311
467.11,42.0466
467.255,48.0547
467.391,50.2274
467.4,50.2359
467.535,48.2941
467.666,43.1829
467.889,30.2339
468.074,19.3106
468.196,13.4376
468.291,9.76851
468.372,7.27248
468.446,5.48517
468.521,4.09756
468.587,3.13706
468.65,2.44378
468.712,1.90989
468.775,1.50325
468.837,1.19621
468.899,0.965667
468.966,0.782433
469.033,0.64768
469.113,0.531123
469.206,0.436789
469.3,0.370939
469.419,0.312007
469.567,0.260653
469.775,0.211102
470.024,0.170228
470.315,0.137064
470.618,0.112572
470.974,0.0918695
471.39,0.0746688
471.889,0.0601635
472.471,0.048433
473.041,0.0402948
473.789,0.0327334
474.597,0.0270633
475.6,0.0222296
476.769,0.018395
478.059,0.0156071
479.493,0.0135143
481.499,0.0116815
483.219,0.0107597
485.513,0.010134
487.042,0.010013
489.909,0.0103222
492.777,0.0113344
495.167,0.0129341
497.078,0.01495
498.99,0.0179298
500.424,0.0213387
501.618,0.0253924
502.758,0.0308226
503.746,0.0376211
504.592,0.0458985
505.364,0.0566235
506.04,0.0699817
506.582,0.084969
507.101,0.104949
507.532,0.127949
507.948,0.158926
508.289,0.194498
508.601,0.239594
508.868,0.293341
509.091,0.355018
509.276,0.425306
509.425,0.501915
509.566,0.603551
509.67,0.708996
509.774,0.857976
509.865,1.04524
509.945,1.27666
510.022,1.59126
510.089,1.95785
510.156,2.44481
510.223,3.08876
510.29,3.93372
510.364,5.17071
510.438,6.79775
510.512,8.89848
510.598,12.0063
510.679,15.7653
510.779,21.4662
510.904,30.3211
511.279,62.1225
511.44,71.9779
511.582,75.5516
511.599,75.5951
511.731,73.14
511.867,65.895
512.075,49.1314
512.301,29.9306
512.43,20.8794
512.523,15.6006
512.617,11.403
512.699,8.54998
512.773,6.52846
512.843,5.03506
512.918,3.83305
512.992,2.93437
513.066,2.27076
513.14,1.78491
513.218,1.41565
513.296,1.15011
513.385,0.934578
513.474,0.78216
513.591,0.642658
513.708,0.545185
513.875,0.447364
514.087,0.362154
514.31,0.298673
514.569,0.244969
514.881,0.19867
515.238,0.161025
515.616,0.132333
516.084,0.107037
516.544,0.0891619
517.123,0.0729967
517.799,0.0598344
518.526,0.0499512
519.41,0.0416944
520.452,0.0352329
521.797,0.0301212
523.142,0.027091
524.217,0.0257287
526.127,0.0249572
528.106,0.0260926
530.086,0.0290715
531.888,0.0338462
533.24,0.039415
534.532,0.0471876
535.71,0.0575276
536.762,0.0709552
537.646,0.0872336
538.403,0.107004
539.077,0.131677
539.666,0.161962
540.192,0.199881
540.634,0.244125
541.023,0.297644
541.391,0.367739
541.728,0.458002
542.023,0.570217
542.275,0.707349
542.464,0.851788
542.622,1.01848
542.748,1.20267
542.859,1.42459
542.964,1.71991
543.056,2.08169
543.148,2.58794
543.232,3.23274
543.317,4.12087
543.39,5.16551
543.464,6.53361
543.545,8.52431
543.632,11.3259
543.719,14.9789
543.815,20.1923
543.916,27.1131
544.045,38.0802
544.261,60.797
544.48,83.8216
544.632,95.2454
544.78,99.956
544.8,100.023
544.943,96.5014
545.103,85.2641
545.372,56.9855
545.564,37.2392
545.688,26.765
545.794,19.6076
545.893,14.4343
545.982,10.8161
546.062,8.31306
546.147,6.3235
546.22,5.00685
546.294,4.00224
546.378,3.14837
546.465,2.51185
546.557,2.02916
546.662,1.64247
546.767,1.37115
546.883,1.1572
547.041,0.951909
547.23,0.781448
547.451,0.641661
547.704,0.527809
547.998,0.432978
548.367,0.35011
548.735,0.292254
549.219,0.240155
549.692,0.206408
550.166,0.184415
550.776,0.16925
551.197,0.166509
551.71,0.172642
552.052,0.184314
552.395,0.204958
552.718,0.237402
552.971,0.27798
553.173,0.328683
553.325,0.387911
553.432,0.450592
553.532,0.5351
553.618,0.639523
553.703,0.788867
553.774,0.962696
553.842,1.18674
553.909,1.47803
553.975,1.86211
554.041,2.36408
554.108,3.01292
554.185,3.99867
554.264,5.31264
554.351,7.18571
554.438,9.57152
554.54,13.0501
554.669,18.6026
554.914,31.3805
555.127,41.8343
555.284,46.6731
555.4,47.8136
555.542,46.1059
555.683,41.3722
555.911,29.9596
556.127,18.7467
556.26,13.0248
556.362,9.5523
556.456,6.97972
556.544,5.15209
556.624,3.85013
556.7,2.9137
556.766,2.28321
556.833,1.79563
556.899,1.42256
556.969,1.12785
557.045,0.891565
557.121,0.720762
557.209,0.579813
557.298,0.48165
557.402,0.401391
557.513,0.34235
557.671,0.284677
557.874,0.235281
558.095,0.197752
558.405,0.161121
558.747,0.133345
559.164,0.109916
559.651,0.0912541
560.189,0.0771184
560.834,0.0655288
561.627,0.0560736
562.645,0.0484385
563.917,0.0430924
565.444,0.0400828
566.378,0.0395839
567.956,0.0406784
569.534,0.0441651
571.026,0.0501973
572.345,0.0586246
573.445,0.069011
574.5,0.0833964
575.424,0.101617
576.215,0.12386
576.919,0.151692
577.535,0.185898
578.084,0.228747
578.546,0.278742
578.953,0.339193
579.338,0.418314
579.69,0.520097
579.997,0.64644
580.261,0.800448
580.459,0.961994
580.624,1.14734
580.789,1.41274
580.899,1.66503
581.009,2.01667
581.105,2.44934
581.201,3.05707
581.284,3.77728
581.372,4.82775
581.449,6.06555
581.526,7.68861
581.605,9.87924
581.688,12.8149
581.779,16.9879
581.871,22.4147
581.977,30.2292
582.111,42.6933
582.32,66.5822
582.566,95.3308
582.724,108.589
582.879,114.067
582.9,114.145
583.049,110.051
583.217,97.0081
583.498,64.3515
583.698,41.7398
583.828,29.8394
583.939,21.7608
584.032,16.4233
584.126,12.2792
584.21,9.42084
584.296,7.19254
584.373,5.68967
584.45,4.54593
584.538,3.57637
584.626,2.87392
584.722,2.32289
584.832,1.88224
584.956,1.54144
585.077,1.30678
585.242,1.08022
585.44,0.890979
585.671,0.73529
585.934,0.608526
586.242,0.503364
586.572,0.42331
586.968,0.356113
587.391,0.307493
587.858,0.273155
588.419,0.252089
588.793,0.248864
589.188,0.255483
589.583,0.274927
589.959,0.310575
590.24,0.35449
590.466,0.407161
590.663,0.475482
590.811,0.551445
590.937,0.647333
591.048,0.771646
591.143,0.927338
591.222,1.10987
591.303,1.36827
591.377,1.69211
591.451,2.12962
591.525,2.71702
591.599,3.49816
591.675,4.55205
591.754,5.99662
591.833,7.86418
591.921,10.5242
592.014,14.1086
592.127,19.5709
592.271,28.3315
592.662,56.1569
592.831,64.7653
592.987,67.8948
593.0,67.9139
593.141,65.6807
593.284,59.2975
593.49,45.5137
593.749,26.9329
593.887,18.7816
594.0,13.4849
594.096,9.91445
594.184,7.38679
594.264,5.62026
594.343,4.25887
594.415,3.30881
594.489,2.56648
594.563,2.00864
594.637,1.59307
594.718,1.26029
594.802,1.01203
594.887,0.834826
594.985,0.688856
595.084,0.585901
595.211,0.49268
595.386,0.405055
595.598,0.333976
595.851,0.274637
596.147,0.225775
596.492,0.185401
596.872,0.153695
597.315,0.127222
597.872,0.103879
598.512,0.0852735
599.227,0.0709899
599.742,0.0641482
600.0,7.99534
600.0,0.0619191
700.0,7.21452
800.0,6.59944
956.424,5.88584
1000.0,5.68705
1195.53,5.07473
1250.0,4.90415
1494.41,4.36202
1500.0,4.34962
1750.0,3.93429
2000.0,3.61057
2391.06,3.25215
2500.0,3.1523
2988.82,2.83806
3000.0,2.83088
3500.0,2.59118
4000.0,2.40551
4782.12,2.19405
5000.0,2.13514
5977.65,1.95068
6000.0,1.94647
7000.0,1.80648
8000.0,1.69717
9564.24,1.57051
10000.0,1.53522
11955.3,1.42442
12500.0,1.39355
14944.1,1.29184
15000.0,1.28951
17932.9,1.20139
20000.0,1.13929
23910.6,1.05509
25000.0,1.03164
29888.2,0.949675
30000.0,0.947801
35865.9,0.874458
40000.0,0.822767
45000.0,0.774313
50000.0,0.732241
59776.5,0.664757
60000.0,0.663214
70000.0,0.60889
80000.0,0.564842
100000.0,0.498474
100000.0,0.499596
135924.0,0.425024
170366.0,0.381238
211803.0,0.347276
268316.0,0.320043
344325.0,0.301317
486236.0,0.287025
500000.0,0.286068
652578.0,0.288099
700000.0,0.287342
966675.0,0.303768
1033350.0,0.309744
1038900.0,0.309464
1116280.0,0.311299
1191060.0,0.306567
1250000.0,0.286721
1363070.0,0.270121
1393030.0,0.256323
1510620.0,0.234662
1814760.0,0.202435
2000000.0,0.183543
2181410.0,0.146371
2363770.0,0.118553
2577080.0,0.0944831
2806260.0,0.0756175
3027210.0,0.0613266
3225250.0,0.0479582
3405380.0,0.0388654
3626300.0,0.0305037
3840750.0,0.0244035
4082870.0,0.0186917
4275440.0,0.0145794
4480560.0,0.0113434
4677190.0,0.00900379
4880190.0,0.00716332
5187420.0,0.00495794
5399810.0,0.003824
5614110.0,0.00297732
5822440.0,0.00235047
6028970.0,0.00187628
6260470.0,0.00146953
6480740.0,0.00117299
6735370.0,9.32253E-4
7000000.0,7.56042E-4
7237620.0,6.6691E-4
7483310.0,6.09745E-4
7737340.0,5.77898E-4
8000000.0,5.66205E-4
8612070.0,6.81023E-4
1.0E7,0.00102703
1.1E7,0.00109854
1.4E7,0.00100091
1.5E7,9.93346E-4
1.7E7,0.00102466
2.0E7,0.00115211